LRRC29	26	493	0	0	0.0527383367139959
RPL18A	23	343	0	0	0.0670553935860058
PCSK4	31	768	0	0	0.0403645833333333
ASXL2	23	847	0	0	0.0271546635182999
NOP14-AS1	17	395	0	0	0.0430379746835443
PSMD11	19	783	0	0	0.0242656449553001
RP11-312B8.1	19	653	0	0	0.0290964777947933
SBDSP1	29	833	0	0	0.0348139255702281
MFSD10	17	395	0	0	0.0430379746835443
CAMTA1	19	653	0	0	0.0290964777947933
TMEM208	26	493	0	0	0.0527383367139959
FTH1	24	1059	0	0	0.0226628895184136
PMM1	20	376	0	0	0.0531914893617021
SBDS	28	781	0	0	0.0358514724711908
AP2A1	34	987	0	0	0.0344478216818642
C21orf119	36	225	0	0	0.16
SASS6	19	390	0	0	0.0487179487179487
CDC20	30	519	0	0	0.0578034682080925
TCF3	22	797	0	0	0.027603513174404
INTS1	27	921	0	0	0.0293159609120521
URB1	36	890	0	0	0.0404494382022472
TYW1	28	829	0	0	0.0337756332931242
RPL13A	47	338	0	0	0.13905325443787
PSMC3	19	582	0	0	0.0326460481099656
AP003733.1	24	1059	0	0	0.0226628895184136
KATNB1	20	756	0	0	0.0264550264550265
YAE1D1	17	210	0	0	0.080952380952381
RPS18	17	417	0	0	0.0407673860911271
UBXN8	21	631	0	0	0.0332805071315372
IQGAP1	32	870	0	0	0.0367816091954023
TOR1AIP2	15	200	0	0	0.075
TRMT13	19	390	0	0	0.0487179487179487
AC011290.4	17	210	0	0	0.080952380952381
KIAA0907	13	223	0	0	0.0582959641255605
PES1	32	655	0	0	0.0488549618320611
RP1-92O14.3	30	519	0	0	0.0578034682080925
RP13-270P17.1	21	534	1.11022302462516e-16	1.3257173137049e-12	0.0393258426966292
TBC1D10B	19	753	1.11022302462516e-16	1.3257173137049e-12	0.0252324037184595
MTRF1	16	327	1.11022302462516e-16	1.3257173137049e-12	0.0489296636085627
WDYHV1	23	637	1.11022302462516e-16	1.3257173137049e-12	0.0361067503924647
TOMM40	29	681	1.11022302462516e-16	1.3257173137049e-12	0.0425844346549192
MYL12B	21	534	1.11022302462516e-16	1.3257173137049e-12	0.0393258426966292
CTB-129P6.4	29	681	1.11022302462516e-16	1.3257173137049e-12	0.0425844346549192
TERT	65	245	1.11022302462516e-16	1.3257173137049e-12	0.26530612244898
RPL32P3	17	411	1.11022302462516e-16	1.3257173137049e-12	0.0413625304136253
PLCB3	13	242	1.11022302462516e-16	1.3257173137049e-12	0.0537190082644628
PDCD11	17	347	2.22044604925031e-16	2.64921418136055e-12	0.0489913544668588
USMG5	17	347	2.22044604925031e-16	2.64921418136055e-12	0.0489913544668588
VPS52	17	383	3.33066907387547e-16	3.97315513822605e-12	0.0443864229765013
ZNF324	25	348	4.44089209850063e-16	5.29709609509155e-12	0.0718390804597701
CCDC124	14	341	4.44089209850063e-16	5.29709609509155e-12	0.0410557184750733
PELI3	18	659	4.44089209850063e-16	5.29709609509155e-12	0.0273141122913505
RPS27	18	215	5.55111512312578e-16	6.6197047843275e-12	0.0837209302325581
MIR1181	19	616	5.55111512312578e-16	6.6197047843275e-12	0.0308441558441558
SMUG1	25	281	5.55111512312578e-16	6.6197047843275e-12	0.0889679715302491
OXNAD1	29	477	6.66133814775094e-16	7.94164733974867e-12	0.0607966457023061
MYLPF	21	1216	6.66133814775094e-16	7.94164733974867e-12	0.0172697368421053
TRMT10C	35	310	7.7715611723761e-16	9.26370091747231e-12	0.112903225806452
REEP6	31	689	8.88178419700125e-16	1.05861985844058e-11	0.0449927431059507
RNA5SP351	17	275	8.88178419700125e-16	1.05861985844058e-11	0.0618181818181818
RP11-563N4.1	24	387	8.88178419700125e-16	1.05861985844058e-11	0.062015503875969
SLC30A6	24	387	8.88178419700125e-16	1.05861985844058e-11	0.062015503875969
GMCL1	23	507	8.88178419700125e-16	1.05861985844058e-11	0.0453648915187377
JSRP1	17	685	1.22124532708767e-15	1.45499168269225e-11	0.0248175182481752
RP11-715J22.4	40	433	1.33226762955019e-15	1.58713042708314e-11	0.092378752886836
C16orf59	40	433	1.33226762955019e-15	1.58713042708314e-11	0.092378752886836
TXN2	17	594	1.55431223447522e-15	1.85134130248343e-11	0.0286195286195286
SWI5	17	793	1.66533453693773e-15	1.98341343349284e-11	0.021437578814628
GOLGA2	17	793	1.66533453693773e-15	1.98341343349284e-11	0.021437578814628
TYW1B	28	619	1.77635683940025e-15	2.11528572435782e-11	0.0452342487883683
DIAPH3	19	318	1.99840144432528e-15	2.37949659975811e-11	0.059748427672956
DPH3	29	412	2.88657986402541e-15	3.43676198610865e-11	0.0703883495145631
OAZ1	17	927	4.21884749357559e-15	5.02253794110175e-11	0.0183387270765912
CDC37	21	1157	9.2148511043888e-15	1.09693587546644e-10	0.0181503889369058
HINFP	14	366	1.08801856413265e-14	1.2950684968871e-10	0.0382513661202186
MRPL11	20	1079	1.12132525487141e-14	1.33460131834795e-10	0.0185356811862836
ETF1	18	589	1.15463194561016e-14	1.37412747847065e-10	0.0305602716468591
DACT3-AS1	15	630	1.82076576038526e-14	2.16671125485846e-10	0.0238095238095238
SESN2	18	787	2.96429547574917e-14	3.52721518659393e-10	0.0228716645489199
FDXR	21	716	4.21884749357559e-14	5.01958474785624e-10	0.0293296089385475
DACT3	16	838	6.7390537594747e-14	8.01745225764705e-10	0.0190930787589499
MAP1S	12	241	6.80566714095221e-14	8.09602163087675e-10	0.0497925311203319
POLR2D	14	479	8.01581023779363e-14	9.53480627785552e-10	0.0292275574112735
C17orf62	11	363	8.11573031000989e-14	9.65284963072577e-10	0.0303030303030303
CCDC61	15	532	8.1601392309949e-14	9.70485358742224e-10	0.0281954887218045
DIXDC1	18	935	9.88098491916389e-14	1.17504672658697e-09	0.0192513368983957
FOPNL	12	337	1.06914477271403e-13	1.27132004923425e-09	0.0356083086053412
MIR3928	12	257	1.18904885937354e-13	1.41377909379514e-09	0.0466926070038911
RNF185	12	257	1.18904885937354e-13	1.41377909379514e-09	0.0466926070038911
MIR616	16	481	1.21680443498917e-13	1.44653711231513e-09	0.0332640332640333
ALKBH4	14	516	1.45772283133283e-13	1.73279512960534e-09	0.0271317829457364
MIR5090	14	516	1.45772283133283e-13	1.73279512960534e-09	0.0271317829457364
LRWD1	14	516	1.45772283133283e-13	1.73279512960534e-09	0.0271317829457364
POLDIP3	18	784	1.82631687550838e-13	2.17039497485416e-09	0.0229591836734694
RNU12	18	784	1.82631687550838e-13	2.17039497485416e-09	0.0229591836734694
FEM1A	13	452	2.3303581286882e-13	2.76893152850732e-09	0.0287610619469027
AC005523.3	13	452	2.3303581286882e-13	2.76893152850732e-09	0.0287610619469027
EFEMP2	13	377	2.51354492775135e-13	2.98609137416861e-09	0.0344827586206897
NFIC	22	2033	3.24296145493008e-13	3.85231391231144e-09	0.0108214461387113
TNFAIP8L1	12	422	3.60045326885938e-13	4.27661839275117e-09	0.028436018957346
CARM1	16	810	3.99791311167519e-13	4.74832140273662e-09	0.0197530864197531
DHX16	13	264	4.99378316476395e-13	5.93061688647367e-09	0.0492424242424242
RP11-387H17.4	13	423	1.10422782029218e-12	1.31127053659696e-08	0.0307328605200946
CCDC94	12	413	1.25499610703628e-12	1.49018237749488e-08	0.0290556900726392
RPE	16	324	1.4495071809506e-12	1.72099987594265e-08	0.0493827160493827
RPL34-AS1	17	335	1.56374913018453e-12	1.85648296735508e-08	0.0507462686567164
RPL34	17	335	1.56374913018453e-12	1.85648296735508e-08	0.0507462686567164
AL662800.1	17	755	1.60860214037939e-12	1.90941074063034e-08	0.0225165562913907
ATAD2	23	1317	2.00472971556565e-12	2.37941369940486e-08	0.017463933181473
CENPH	15	505	2.05346850634669e-12	2.43705642333225e-08	0.0297029702970297
CTB-50L17.16	15	756	2.05746530923534e-12	2.44159408246958e-08	0.0198412698412698
DERL1	15	490	2.5139890169612e-12	2.98309936752617e-08	0.0306122448979592
TTC4	12	332	2.89435142519778e-12	3.43414796599717e-08	0.036144578313253
SLC25A17	12	437	4.50484094471904e-12	5.34454329681466e-08	0.0274599542334096
SYF2	14	562	6.83308964966045e-12	8.10609425139219e-08	0.0249110320284698
RP11-388C12.1	9	292	6.86728451881891e-12	8.14597289622299e-08	0.0308219178082192
FN3KRP	9	292	6.86728451881891e-12	8.14597289622299e-08	0.0308219178082192
ING4	12	321	7.6332273835078e-12	9.05300767684025e-08	0.0373831775700935
SCFD1	12	409	8.25606250032251e-12	9.79086451913247e-08	0.0293398533007335
SNHG6	15	491	8.54416537521274e-12	1.01316713019273e-07	0.0305498981670061
ATP8B3	16	1020	9.82391945569816e-12	1.16482212986213e-07	0.0156862745098039
MRPS31	10	257	1.24766863507375e-11	1.47923593374344e-07	0.0389105058365759
ORMDL3	13	509	1.29323218800437e-11	1.53312675887918e-07	0.0255402750491159
DDIT3	16	759	1.3868795001315e-11	1.64400695945588e-07	0.0210803689064559
EFCAB6	16	512	1.5228374117271e-11	1.80501918412013e-07	0.03125
RP3-388M5.9	16	512	1.5228374117271e-11	1.80501918412013e-07	0.03125
TMEM102	12	474	2.60953481046045e-11	3.09255970387667e-07	0.0253164556962025
RPS14	11	268	2.77765588307943e-11	3.29152222144913e-07	0.041044776119403
PAXBP1-AS1	16	803	3.47946116363573e-11	4.12281353279198e-07	0.0199252801992528
TOR1B	11	482	4.03257427450399e-11	4.77779400043232e-07	0.0228215767634855
CTD-2320G14.2	18	372	4.84412510104448e-11	5.7388350072074e-07	0.0483870967741935
DOPEY2	15	545	5.53546097847857e-11	6.55730707510571e-07	0.0275229357798165
TTF1	9	212	5.56176216193194e-11	6.58790728080838e-07	0.0424528301886792
AC004549.6	17	625	9.15928444200631e-11	1.08482564931123e-06	0.0272
CBR3-AS1	15	569	1.09501296918779e-10	1.2968238594091e-06	0.0263620386643234
NFATC2IP	12	558	1.25875976308976e-10	1.49062331145089e-06	0.021505376344086
AC007390.5	11	357	1.2955780892554e-10	1.53409401548732e-06	0.030812324929972
DUSP28	16	895	1.36179956200522e-10	1.61237068141418e-06	0.017877094972067
DMWD	11	376	1.40265576931142e-10	1.66060416528779e-06	0.0292553191489362
NSUN5	8	180	1.7521573081325e-10	2.07420382136725e-06	0.0444444444444444
COQ10B	14	524	1.82187709363291e-10	2.15655591573327e-06	0.0267175572519084
RP4-761J14.8	12	422	2.01343941519383e-10	2.38310689182342e-06	0.028436018957346
ISY1-RAB43	11	466	2.25746310533737e-10	2.67170758516677e-06	0.0236051502145923
PSMC6	12	418	2.34237851337582e-10	2.77197073272895e-06	0.0287081339712919
SYNJ1	16	956	2.50780396449102e-10	2.96748443118222e-06	0.0167364016736402
CHAF1B	11	254	2.52345144780008e-10	2.98574775303706e-06	0.0433070866141732
SNRNP200	12	636	2.6050828161317e-10	3.08207347976541e-06	0.0188679245283019
TAX1BP1	17	766	2.62953769869512e-10	3.11074309755632e-06	0.0221932114882507
OSBPL11	13	704	2.94802182665421e-10	3.48721501874927e-06	0.0184659090909091
KLHL26	12	818	3.69049124593346e-10	4.36511304569009e-06	0.0146699266503667
IP6K1	9	330	4.72552885710797e-10	5.5888829793016e-06	0.0272727272727273
MUM1	10	521	4.98355468003808e-10	5.89355176461304e-06	0.0191938579654511
CPSF7	13	776	5.40598121823166e-10	6.39257279055894e-06	0.0167525773195876
ISY1	11	514	5.75828718041294e-10	6.80859876212025e-06	0.0214007782101167
EEF2	12	713	6.05254180108261e-10	7.15592017141997e-06	0.0168302945301543
ADIPOR1	9	228	7.4184836051927e-10	8.77013131805882e-06	0.0394736842105263
TMEM120A	13	906	9.65987401180257e-10	1.14189370693518e-05	0.0143487858719647
GTF2IRD1P1	9	269	9.66019153558761e-10	1.14189370693518e-05	0.033457249070632
CLEC16A	10	455	1.17648735198372e-09	1.39049040130956e-05	0.021978021978022
MBD6	19	1680	1.42378675516142e-09	1.68263118724976e-05	0.0113095238095238
UFD1L	11	590	1.53468238117682e-09	1.81353416983665e-05	0.0186440677966102
RP11-286N22.8	12	681	1.66726066286316e-09	1.97003519923911e-05	0.0176211453744493
SDHAF2	12	681	1.66726066286316e-09	1.97003519923911e-05	0.0176211453744493
GLTSCR2	10	381	1.91524596182546e-09	2.2626715793006e-05	0.026246719160105
EIF3B	12	923	2.0010488821498e-09	2.36383904448356e-05	0.0130010834236186
FBXL19	14	1241	2.15421513960479e-09	2.54455892290117e-05	0.0112812248186946
LYSMD4	12	324	2.16296303090502e-09	2.55467563580192e-05	0.037037037037037
RP11-73M7.9	11	533	2.3755152289695e-09	2.80548348541299e-05	0.0206378986866792
RP11-73M7.6	11	533	2.3755152289695e-09	2.80548348541299e-05	0.0206378986866792
PEF1	11	533	2.3755152289695e-09	2.80548348541299e-05	0.0206378986866792
PPP1CA	12	1009	3.30458826969249e-09	3.90172737002592e-05	0.0118929633300297
GPR137	19	1704	3.38339944949695e-09	3.9944413900761e-05	0.011150234741784
TMUB2	11	509	3.78683584489892e-09	4.47035971490317e-05	0.0216110019646365
ASB16-AS1	11	509	3.78683584489892e-09	4.47035971490317e-05	0.0216110019646365
FBXL19-AS1	11	727	3.80443654357521e-09	4.49037645238182e-05	0.015130674002751
CIRBP	18	1959	3.85198439811774e-09	4.54611198665855e-05	0.00918836140888208
MCM5	14	415	3.8821715842019e-09	4.58135068651666e-05	0.0337349397590361
TBC1D31	17	1057	4.09924816313634e-09	4.83711283250088e-05	0.0160832544938505
UBALD1	12	925	4.29202229312864e-09	5.06415710366248e-05	0.012972972972973
TRIM24	16	1031	4.47671888448298e-09	5.28163293991302e-05	0.0155189136760427
AC068499.10	13	955	4.70791938766979e-09	5.55393250163405e-05	0.0136125654450262
EXOC8	11	420	5.38865918553455e-09	6.35646237525656e-05	0.0261904761904762
MRPS33	11	458	5.50143863797814e-09	6.48894687349522e-05	0.0240174672489083
RSL1D1	9	344	6.05630545713609e-09	7.14280665614631e-05	0.0261627906976744
RP11-166B2.8	9	344	6.05630545713609e-09	7.14280665614631e-05	0.0261627906976744
INPP5A	10	667	6.58019838617463e-09	7.75936993697712e-05	0.0149925037481259
LARS	14	528	6.62542276597122e-09	7.81203598335667e-05	0.0265151515151515
MIR548AW	11	539	6.72129774059727e-09	7.92441003616418e-05	0.0204081632653061
IZUMO4	11	751	7.06754954560296e-09	8.33193415931133e-05	0.014647137150466
NF2	10	504	7.13563597098954e-09	8.41148768260247e-05	0.0198412698412698
DPM2	7	227	7.21024140393212e-09	8.49871154281479e-05	0.0308370044052863
RP11-203J24.8	7	227	7.21024140393212e-09	8.49871154281479e-05	0.0308370044052863
EIF3H	20	1004	7.89284237967536e-09	9.30171474444741e-05	0.0199203187250996
CDIPT-AS1	9	501	8.02210808892312e-09	9.453252171987e-05	0.0179640718562874
CDIPT	9	501	8.02210808892312e-09	9.453252171987e-05	0.0179640718562874
PPP1R10	13	720	8.08691480447266e-09	9.52800302262968e-05	0.0180555555555556
MRPS18B	13	728	8.30911928151323e-09	9.78897342555074e-05	0.0178571428571429
TTYH3	19	2699	8.34453572906568e-09	9.82986308883937e-05	0.00703964431270841
TSC1	12	726	8.37432290179407e-09	9.86411494602324e-05	0.0165289256198347
PCF11	19	892	8.6211777716727e-09	0.000101540231794761	0.0213004484304933
CCDC103	10	453	9.01218866200537e-09	0.000106136545872437	0.022075055187638
FAM187A	10	453	9.01218866200537e-09	0.000106136545872437	0.022075055187638
KNSTRN	8	251	9.13434805571711e-09	0.000107556948356069	0.0318725099601594
DEPDC4	16	672	9.35766975018737e-09	0.000110177203638706	0.0238095238095238
SCYL2	16	672	9.35766975018737e-09	0.000110177203638706	0.0238095238095238
COMMD4	8	288	9.71123803594764e-09	0.000114320694159176	0.0277777777777778
MIR4781	10	533	1.01313984979257e-08	0.000119256691719083	0.0187617260787993
TMEM258	11	535	1.02707181648398e-08	0.000120886352800165	0.0205607476635514
FEN1	11	535	1.02707181648398e-08	0.000120886352800165	0.0205607476635514
MIR611	11	535	1.02707181648398e-08	0.000120886352800165	0.0205607476635514
CDC45	11	695	1.12022314757709e-08	0.000131816657775397	0.0158273381294964
CTD-2651B20.3	9	310	1.16668983363155e-08	0.000137272725825088	0.0290322580645161
RIMS3	9	443	1.17287438650138e-08	0.000137988671571887	0.0203160270880361
BCDIN3D-AS1	11	794	1.2621468759022e-08	0.000148478958481135	0.0138539042821159
SMIM20	13	662	1.41219932414671e-08	0.000166117006499378	0.0196374622356495
RAB3A	13	1060	1.43793629225897e-08	0.0001691300666955	0.0122641509433962
SPRTN	11	459	1.45111545002408e-08	0.000170665688077332	0.0239651416122004
ANKMY1	17	1516	1.72184623226102e-08	0.000202489116913895	0.0112137203166227
USE1	9	380	1.93768018297291e-08	0.000227851812715785	0.0236842105263158
TRIM35	12	543	2.05919585827274e-08	0.000242120249015709	0.0220994475138122
SULT6B1	11	597	2.08059633965973e-08	0.000244615711653795	0.0184254606365159
CCNYL1	13	828	2.12184476655608e-08	0.000249444070756333	0.0157004830917874
ZNF784	13	486	2.21633109642738e-08	0.000260529720385039	0.0267489711934156
GPC2	10	420	2.25166265632737e-08	0.000264660428624719	0.0238095238095238
ABHD11	12	816	2.2872066129942e-08	0.000268815393225208	0.0147058823529412
RP11-347C12.10	9	513	2.34458932268922e-08	0.000275536137202437	0.0175438596491228
CD2BP2	9	513	2.34458932268922e-08	0.000275536137202437	0.0175438596491228
AP3D1	14	1437	2.48881067976825e-08	0.000292435254872769	0.00974251913709116
TMEM203	8	243	2.49569235277747e-08	0.000293218894527825	0.0329218106995885
NDOR1	8	243	2.49569235277747e-08	0.000293218894527825	0.0329218106995885
MOB3A	11	816	2.53924243853731e-08	0.000298284809254978	0.0134803921568627
DIO1	7	227	2.66121948921949e-08	0.000312586841203721	0.0308370044052863
TSNAX-DISC1	10	458	3.07102648866575e-08	0.000360692061093792	0.0218340611353712
TSNAX	10	458	3.07102648866575e-08	0.000360692061093792	0.0218340611353712
RP11-295G20.2	10	458	3.07102648866575e-08	0.000360692061093792	0.0218340611353712
CEP68	13	803	3.39058291443095e-08	0.000398122245812482	0.0161892901618929
CTD-2574D22.2	9	547	3.54172439154254e-08	0.00041583386081101	0.0164533820840951
MPV17L2	8	360	3.72896014066981e-08	0.000437779920514636	0.0222222222222222
OSBPL2	10	464	3.87484180297548e-08	0.000454867679251292	0.021551724137931
RALY	15	1235	3.87633285470201e-08	0.000455003950484922	0.0121457489878543
NCKAP5L	11	945	4.16591628971119e-08	0.000488953594923403	0.0116402116402116
SERHL	6	307	4.23020692918996e-08	0.000496457085209734	0.0195439739413681
MRPS21	7	232	4.26031436795427e-08	0.000499947891079433	0.0301724137931034
SNX8	14	1675	4.74429852070912e-08	0.000556695988420008	0.00835820895522388
PPIL4	13	767	4.94713066068186e-08	0.000580446840417803	0.0169491525423729
RPL36	13	866	4.94965549657778e-08	0.000580693582858505	0.0150115473441109
RP11-299J3.6	9	434	5.17958327339585e-08	0.000607616913802067	0.0207373271889401
SUPT20H	13	618	5.19538385646001e-08	0.000609418526362759	0.0210355987055016
MCRS1	9	440	5.6629436029354e-08	0.000664206655188293	0.0204545454545455
GDAP1	19	729	6.21505285014479e-08	0.000728901398264981	0.0260631001371742
RPS3A	10	296	6.26376452927957e-08	0.000734551666348615	0.0337837837837838
HNRNPUL1	16	1277	6.97479796141209e-08	0.000817864808955182	0.0125293657008614
CDK2AP2	11	785	7.23309320216359e-08	0.000848080177953681	0.0140127388535032
AAMP	11	724	7.87106723132425e-08	0.000922803922200455	0.0151933701657459
ACD	8	507	8.18228320653702e-08	0.000959209060302335	0.0157790927021696
PARD6A	8	507	8.18228320653702e-08	0.000959209060302335	0.0157790927021696
PTK2B	13	786	8.18341934216704e-08	0.000959209060302335	0.0165394402035623
RP5-1125A11.1	15	1289	8.45229772838962e-08	0.000990609293767264	0.0116369278510473
TCEANC2	10	672	9.34903083837924e-08	0.00109561292394966	0.0148809523809524
C19orf10	9	557	1.01873639524186e-07	0.00119375530794441	0.0161579892280072
FAM175B	7	260	1.05316589893434e-07	0.00123399448378136	0.0269230769230769
ARL14EP	12	291	1.05627451785217e-07	0.00123753122511561	0.0412371134020619
ZFPL1	9	434	1.07609505084483e-07	0.00126064535206472	0.0207373271889401
MGRN1	14	1533	1.10576004352936e-07	0.00129528731499029	0.0091324200913242
NUDT8	12	1057	1.12180026934361e-07	0.00131396465548217	0.011352885525071
KCTD13	9	605	1.1929911125641e-07	0.00139723119103508	0.0148760330578512
CDCA5	9	446	1.20100267619883e-07	0.00140649423409644	0.0201793721973094
PARS2	10	498	1.21500363770011e-07	0.00142276925974683	0.0200803212851406
EXOC4	12	596	1.28363087936734e-07	0.00150300339665121	0.0201342281879195
BRPF1	10	639	1.29926058800578e-07	0.00152117429643717	0.0156494522691706
CRY2	12	571	1.43127599105952e-07	0.00167559480273338	0.021015761821366
AC079776.1	10	396	1.52129265740264e-07	0.00178082518475553	0.0252525252525253
STAG3	10	510	1.54310606736985e-07	0.00180620565185641	0.0196078431372549
HDGFRP2	11	858	1.55146238300929e-07	0.00181583157307408	0.0128205128205128
CLIC1	12	873	1.56688724217702e-07	0.00183372813951976	0.013745704467354
SPRR2D	8	236	1.56786767346873e-07	0.0018347187514931	0.0338983050847458
PTPN1	13	698	1.59308631619837e-07	0.00186407029858371	0.0186246418338109
B3GNTL1	10	679	1.70501154417302e-07	0.00199486350668243	0.0147275405007364
GFI1B	12	922	1.73864510899513e-07	0.0020340409130134	0.0130151843817787
EFCAB14	9	345	1.7821549669339e-07	0.00208476488031928	0.0260869565217391
H3F3B	12	1272	1.8031073500957e-07	0.00210909466740694	0.00943396226415094
TMEM59	10	770	1.83537241182918e-07	0.00214665157287541	0.012987012987013
SHKBP1	11	592	1.8699982551329e-07	0.00218696295937792	0.0185810810810811
RPL6	12	1092	1.96959877851732e-07	0.00230324881159816	0.010989010989011
AAGAB	9	505	1.97403060564483e-07	0.0023082339871805	0.0178217821782178
IQCH	9	505	1.97403060564483e-07	0.0023082339871805	0.0178217821782178
NMT1	11	729	1.9943014128998e-07	0.00233153778182116	0.0150891632373114
RP11-299J3.8	9	481	2.08623335717917e-07	0.00243880679454245	0.0187110187110187
ACSS2	12	1074	2.09109668136698e-07	0.00244428291084986	0.0111731843575419
SETD8	10	927	2.13160129769463e-07	0.00249141559674548	0.0107874865156419
RPL15	12	570	2.29385851091557e-07	0.00268083244170703	0.0210526315789474
PGAP3	9	640	2.44181956765566e-07	0.0028535103467624	0.0140625
C9orf169	7	321	2.58656912888178e-07	0.00302240602709836	0.0218068535825545
HAUS6	10	405	2.65286022593791e-07	0.00309960188798586	0.0246913580246914
RHPN1-AS1	10	579	2.7680150249676e-07	0.00323387195366964	0.0172711571675302
RN7SL446P	6	152	2.97819651384756e-07	0.00347912916747672	0.0394736842105263
RP11-483P21.2	14	486	3.03423984271411e-07	0.00354429556027436	0.0288065843621399
DENND1C	9	330	3.32196135932605e-07	0.00388005086769283	0.0272727272727273
YIPF1	7	327	3.425203373153e-07	0.00400029501950538	0.0214067278287462
ENTPD3-AS1	10	271	3.50707945573348e-07	0.00409556738840555	0.03690036900369
CALCOCO1	10	506	3.70414802719488e-07	0.00432533365135546	0.0197628458498024
SP1	12	1164	3.80624470497359e-07	0.00444417131752717	0.0103092783505155
BAG3	10	569	3.91417792067195e-07	0.0045698027223845	0.0175746924428823
SLAIN2	12	880	4.07739553565101e-07	0.00475995154831899	0.0136363636363636
COPZ1	10	538	4.23444144304064e-07	0.00494286349646134	0.0185873605947955
GANAB	8	289	4.54204723610019e-07	0.00530147753397614	0.027681660899654
WDR81	11	1281	4.89951834992119e-07	0.00571822786619303	0.00858704137392662
DPH2	6	203	5.12080458703323e-07	0.00597597895306778	0.0295566502463054
RP11-63A1.1	7	282	5.34027692844496e-07	0.00623156914780243	0.024822695035461
GOSR2	7	282	5.34027692844496e-07	0.00623156914780243	0.024822695035461
MED8	8	381	5.42424795968444e-07	0.00632847009456383	0.020997375328084
TOP2A	9	591	5.47395562988662e-07	0.00638591663782573	0.0152284263959391
RP11-627K11.1	3	34	5.98827381237399e-07	0.00698532140213426	0.0882352941176471
AP000354.2	7	526	6.15119919222806e-07	0.00717475873781481	0.0133079847908745
SPECC1L-ADORA2A	7	526	6.15119919222806e-07	0.00717475873781481	0.0133079847908745
SPECC1L	7	526	6.15119919222806e-07	0.00717475873781481	0.0133079847908745
DHX37	9	434	6.39154649650919e-07	0.00745318236957937	0.0207373271889401
SNTA1	10	743	6.57981453433543e-07	0.00767206374703511	0.0134589502018843
THRAP3	9	676	6.67679350807582e-07	0.0077844735510656	0.0133136094674556
RP11-486O13.2	2	16	6.94084480445945e-07	0.00809163687303882	0.125
HYOU1	7	450	7.14400957946282e-07	0.00832777196677981	0.0155555555555556
RN7SL245P	4	45	7.25961875946979e-07	0.00846181162603798	0.0888888888888889
RN7SL832P	8	340	7.37836525210867e-07	0.00859948470133265	0.0235294117647059
NOL10	8	340	7.37836525210867e-07	0.00859948470133265	0.0235294117647059
RNF20	12	322	7.56256046230419e-07	0.00881265170672307	0.0372670807453416
MIR22HG	13	1847	7.77981103761149e-07	0.00906503582102491	0.00703844071467244
PDIA6	10	856	7.90527963423493e-07	0.00921044130184712	0.0116822429906542
SZT2	8	395	8.11975108150342e-07	0.00945951000995149	0.020253164556962
KIAA0513	8	609	8.13007300815016e-07	0.00947072204719412	0.013136288998358
LINC00221	10	305	8.38360853627762e-07	0.00976522722305617	0.0327868852459016
NTAN1	8	684	8.58472477105465e-07	0.00999862894084735	0.0116959064327485
EFTUD2	10	828	8.7293123562926e-07	0.0101661571701384	0.0120772946859903
ERBB2	8	525	8.75573901604199e-07	0.0101960580841809	0.0152380952380952
ZNF160	10	593	8.76659175585992e-07	0.0102078194405233	0.0168634064080944
SLC35F6	6	219	8.85076178569477e-07	0.0103049419470844	0.0273972602739726
STAT3	7	474	9.33534900715571e-07	0.0108682133141307	0.0147679324894515
DGKZ	9	842	9.47832263786808e-07	0.0110337153827422	0.0106888361045131
PPP2R2A	11	685	1.02854632222371e-06	0.011972279190684	0.0160583941605839
RAB40B	6	372	1.03708815712977e-06	0.0120706690608334	0.0161290322580645
ACTB	16	2418	1.04807192780054e-06	0.0121974610957427	0.00661703887510339
AC007216.1	11	887	1.11737715269289e-06	0.0130029179258871	0.0124013528748591
WDR5B	9	595	1.1480383489415e-06	0.0133585742282833	0.0151260504201681
ATP5H	9	830	1.18288125383614e-06	0.0137628233883835	0.0108433734939759
TBL3	6	294	1.21354966176046e-06	0.0141184367649212	0.0204081632653061
RP11-274J16.5	13	1273	1.22389305867721e-06	0.0142375479515919	0.0102120974076984
GSPT1	11	907	1.22663202473117e-06	0.0142681837116729	0.0121278941565601
GINS4	11	691	1.22906865218653e-06	0.0142952974935815	0.0159189580318379
G2E3	11	812	1.27914647751748e-06	0.0148764735335283	0.0135467980295567
LINC00491	4	88	1.39285239586506e-06	0.0161974805115148	0.0454545454545455
EIF3G	7	429	1.40680189597564e-06	0.0163582924464047	0.0163170163170163
IDH3G	8	527	1.45899167047769e-06	0.0169636961526441	0.015180265654649
ATP5C1	9	344	1.64459745721768e-06	0.0191200900376127	0.0261627906976744
RAB11A	15	1424	1.71773410440057e-06	0.0199686589636566	0.0105337078651685
SLC14A2	7	295	1.81741875671104e-06	0.0211256756280092	0.023728813559322
NELFE	7	360	1.84110282896999e-06	0.0213991381811182	0.0194444444444444
SKIV2L	7	360	1.84110282896999e-06	0.0213991381811182	0.0194444444444444
SH3GL1	7	645	1.84188579377409e-06	0.0214045548094487	0.0108527131782946
GNA12	8	693	1.92320362735199e-06	0.0223476261498301	0.0115440115440115
SSR4	8	547	1.97092049347702e-06	0.0229001252137095	0.0146252285191956
CPD	8	505	1.97571819748887e-06	0.0229538940184257	0.0158415841584158
PSMG4	11	1024	2.01382138509398e-06	0.0233945630306368	0.0107421875
C8orf44	11	732	2.03924087982532e-06	0.0236878220600509	0.0150273224043716
C8orf44-SGK3	11	732	2.03924087982532e-06	0.0236878220600509	0.0150273224043716
VCPIP1	11	732	2.03924087982532e-06	0.0236878220600509	0.0150273224043716
SYNGR4	10	742	2.10555006119328e-06	0.0244517528606376	0.0134770889487871
TMEM143	10	742	2.10555006119328e-06	0.0244517528606376	0.0134770889487871
ACTL6A	11	633	2.12764022489154e-06	0.0247040306512156	0.0173775671406003
KIF22	7	522	2.27884697034941e-06	0.0264574133257567	0.0134099616858238
SRBD1	9	393	2.29727027578619e-06	0.0266690106316019	0.0229007633587786
TRAIP	7	429	2.31747240675428e-06	0.0269012196976037	0.0163170163170163
SMAP2	8	621	2.34608413796078e-06	0.0272309985893108	0.0128824476650564
C9orf78	7	456	2.47735598279952e-06	0.0287521935363713	0.0153508771929825
HAUS8	9	641	2.56492737926717e-06	0.0297659822363955	0.0140405616224649
ATP6V0D1	8	741	2.59611886621602e-06	0.0301253633235707	0.0107962213225371
RP11-297D21.4	8	741	2.59611886621602e-06	0.0301253633235707	0.0107962213225371
PCDHAC2	4	76	2.70815113312395e-06	0.031419969446504	0.0526315789473684
DDX23	7	377	2.72620178887184e-06	0.0316266669527022	0.0185676392572944
PLA2G4E	4	104	2.72894720465544e-06	0.0316557875740031	0.0384615384615385
DCAKD	12	1234	2.73874133527308e-06	0.0317666607478324	0.00972447325769854
RNU5E-1	7	401	2.77962815864452e-06	0.0322381273839591	0.0174563591022444
RPL7AP38	4	46	2.78716477419838e-06	0.0323227498863786	0.0869565217391304
C9orf89	13	1406	2.98369433693324e-06	0.0345989195310779	0.00924608819345661
TM9SF4	9	597	3.0313168167817e-06	0.0351481184905839	0.0150753768844221
CHRD	4	213	3.18380403696583e-06	0.0369130240045819	0.0187793427230047
SYNGR3	6	386	3.19609695464962e-06	0.037052351995253	0.0155440414507772
HSBP1	14	621	3.29306669621943e-06	0.0381732291425756	0.0225442834138486
RP11-394O4.3	6	143	3.3286660038323e-06	0.0385825676504202	0.041958041958042
TICRR	8	525	3.39657022274675e-06	0.0393662488816349	0.0152380952380952
TUBB2A	9	811	3.39953611883104e-06	0.0393972240811329	0.0110974106041924
MSH5	8	518	3.44965861343027e-06	0.03997464401243	0.0154440154440154
TMEM39A	12	934	3.54361893661892e-06	0.0410599126186034	0.012847965738758
ZNF14	6	269	3.59613688116767e-06	0.0416648419052086	0.0223048327137546
AC020934.1	5	210	3.65272590763244e-06	0.0423168296399218	0.0238095238095238
TPRKB	8	349	3.84048270163362e-06	0.0444881516157238	0.0229226361031519
MARCH1	8	197	3.90640152592159e-06	0.0452478488747498	0.0406091370558376
MYCBP	7	381	3.92965514228738e-06	0.0455132658579724	0.0183727034120735
CIC	17	1902	3.94607237663713e-06	0.0456994641938346	0.00893796004206099
PFDN6	7	308	3.99562187791691e-06	0.0462693013462778	0.0227272727272727
RP11-463C8.4	10	902	4.07833080307007e-06	0.0472229923687484	0.0110864745011086
URI1	10	676	4.18816473812811e-06	0.0484905713380472	0.014792899408284
CSTF2	8	344	4.22659191401387e-06	0.0489312545885385	0.0232558139534884
