gene	len	ct	mu	sigma	region	p-value
C1orf170	2091	0	186.296730124902	0.0236069799037587	reg2	0.0153644566727064
MXRA8	1401	0	186.296730124902	0.0236069799037587	reg2	0.0461194463383033
TMEM240	522	0	186.296730124902	0.0236069799037587	reg2	0.00740153355751547
MIB2	3312	2	186.296730124902	0.0236069799037587	reg2	0.0486705984407026
ACTRT2	1134	0	186.296730124902	0.0236069799037587	reg2	0.0315648335149401
CA6	1306	1	143.457225885518	0.0236069799037587	reg10	0.0301782108573246
MAD2L2	767	0	126.928795504057	0.0236069799037587	reg12	0.0245981465602579
PRAMEF4	1437	1	147.561958630108	0.0236069799037587	reg13	0.00816329998889906
IGSF21	1444	0	131.049422756826	0.0236069799037587	reg19	0.0289673314089701
TAS1R2	2520	0	112.626226067144	0.0236069799037587	reg20	0.0394240833862641
KIF17	3090	0	126.802779934191	0.0236069799037587	reg22	0.0310067580341576
LACTBL1	1641	0	138.09754199662	0.0236069799037587	reg24	0.0113674372538352
C1orf63	935	0	173.590376131772	0.0236069799037587	reg26	0.0191793327424635
FGR	1590	0	141.776251607553	0.0236069799037587	reg28	0.0361411079983651
ATPIF1	411	0	124.98459651806	0.0236069799037587	reg29	0.00313025885735967
GJB4	801	0	121.55012741521	0.0236069799037587	reg36	0.00223875553944649
EIF2B3	1534	1	148.072333824019	0.0236069799037587	reg46	0.0473614515201496
CYP4B1	1539	0	142.118545132135	0.0236069799037587	reg48	0.0477709560216233
BEND5	1266	0	157.411635188594	0.0236069799037587	reg50	0.0454986134298814
KANK4	2988	0	130.306178152106	0.0236069799037587	reg63	0.0363650805132432
LRRC40	1809	0	166.419238132468	0.0236069799037587	reg71	0.0405307162545006
MSH4	2811	1	149.813207237191	0.0236069799037587	reg77	0.0405354154822873
VCAM1	2220	0	154.729426857691	0.0236069799037587	reg102	0.0125432649225789
NGF	726	0	123.458671443359	0.0236069799037587	reg116	0.0300118076556621
SV2A	2233	0	129.713697335162	0.0236069799037587	reg151	0.0132177483660248
KPRP	1740	1	207.056332805153	0.0236069799037587	reg153	0.0116097366001103
LCE6A	243	0	207.056332805153	0.0236069799037587	reg153	0.00645474125227887
PGLYRP4	1122	0	171.025555082368	0.0236069799037587	reg154	0.0343152152483603
TTC24	1749	0	182.758900817329	0.0236069799037587	reg158	0.012146001539927
FCRL1	1352	0	182.758900817329	0.0236069799037587	reg158	0.0302729900666098
OR6Y1	978	1	280.882369556911	0.0236069799037587	reg159	0.00633356035259546
HSPA6	1932	1	151.496258882413	0.0236069799037587	reg162	0.000122583138999512
SELP	2499	1	128.566138396579	0.0236069799037587	reg170	0.0360332308691852
ASTN1	3953	1	145.286483120475	0.0236069799037587	reg177	0.0213261805256269
TEX35	1285	0	111.171897214475	0.0236069799037587	reg179	0.0034081334308651
CACNA1E	7063	0	154.748045543997	0.0236069799037587	reg182	0.0313357279240669
LAMC1	4830	2	123.140317425324	0.0236069799037587	reg184	0.0334511287466564
BRINP3	2301	0	226.426931444669	0.0236069799037587	reg191	0.0258559873089807
IGFN1	11145	1	124.646446604293	0.0236069799037587	reg202	9.21203399739184e-05
PRELP	1149	0	121.005833921352	0.0236069799037587	reg204	0.0496233688917215
CENPF	9345	1	128.415212416928	0.0236069799037587	reg215	0.0184980325985829
USH2A	15701	3	157.37838209183	0.0236069799037587	reg217	0.0141662887088184
LEFTY2	1101	0	116.329593328298	0.0236069799037587	reg227	0.0371021343674525
HEATR1	6439	0	139.359490018257	0.0236069799037587	reg235	0.0334403888280536
ACTN2	2771	1	139.359490018257	0.0236069799037587	reg235	0.0400415326556557
RYR2	15006	3	168.774400365501	0.0236069799037587	reg240	0.00137034904229639
NLRP3	3111	0	194.284844986954	0.0236069799037587	reg248	0.00148632552552026
GCSAML	781	0	194.284844986954	0.0236069799037587	reg248	0.0146969206447547
OR2C3	963	0	194.284844986954	0.0236069799037587	reg248	0.000517838321861129
OR2W3	945	0	194.284844986954	0.0236069799037587	reg248	0.0240138359452545
OR2AJ1	987	0	194.284844986954	0.0236069799037587	reg248	0.00431854190308854
OR2M3	939	0	194.284844986954	0.0236069799037587	reg248	0.0236288203415848
OR2T4	1047	1	194.284844986954	0.0236069799037587	reg248	0.00529358515357295
OR2T3	957	0	194.284844986954	0.0236069799037587	reg248	0.0247938989608348
OR2T34	957	0	194.284844986954	0.0236069799037587	reg248	0.0247938989608348
OR2T11	951	0	194.284844986954	0.0236069799037587	reg248	0.0244021962044785
OR2T27	954	1	194.284844986954	0.0236069799037587	reg248	0.0245976299115597
SUV39H2	1233	0	89.7347260886953	0.0236069799037587	reg1693	0.0435418064520509
OLAH	1069	0	148.476569512279	0.0236069799037587	reg1694	0.00109956694388014
ARMC3	2641	1	152.090264658978	0.0236069799037587	reg1702	0.00691678201826176
C10orf115	285	0	152.090264658978	0.0236069799037587	reg1702	0.00693035903835938
BICC1	3035	0	143.365342789667	0.0236069799037587	reg1739	0.0329611123400807
FAM13C	2001	0	124.884823408212	0.0236069799037587	reg1740	0.00583534049555257
NODAL	1072	0	148.985376189565	0.0236069799037587	reg1751	0.0441639118116884
TBATA	1091	0	148.985376189565	0.0236069799037587	reg1751	0.0455628737017604
CDH23	10835	1	127.211457632676	0.0236069799037587	reg1752	0.0142333340251221
SFTPA1	794	0	177.851755257372	0.0236069799037587	reg1760	0.0137564398379649
DYDC1	585	0	174.611051235657	0.0236069799037587	reg1761	0.0322075212369988
CYP2C18	1473	0	174.473501149141	0.0236069799037587	reg1775	0.0130533609743668
ENTPD1	1622	0	100.954170835971	0.0236069799037587	reg1776	0.0353497196438431
NRAP	5217	2	126.174981698398	0.0236069799037587	reg1794	0.0261017172526749
KCNK18	1155	0	180.499238106565	0.0236069799037587	reg1797	0.00309056832682445
RGS10	578	0	137.299476423763	0.0236069799037587	reg1800	0.0148786857180376
GPR26	1014	1	129.246370872724	0.0236069799037587	reg1803	0.00398156242130144
FOXI2	957	0	130.837929472344	0.0236069799037587	reg1808	0.0398198156389604
FRG2B	840	1	257.901787459992	0.0236069799037587	reg1813	0.0486544951024711
MUC5AC	1871	0	163.507488655022	0.0236069799037587	reg1816	0.0208112552314367
MUC5B	17324	3	163.507488655022	0.0236069799037587	reg1816	0.0265308944433714
BRSK2	2612	0	163.507488655022	0.0236069799037587	reg1816	0.0476507414072771
TNNI2	564	0	163.507488655022	0.0236069799037587	reg1816	0.0132306476971341
OR52R1	1185	0	197.820527838055	0.0236069799037587	reg1818	0.0166024914467146
OR52E4	939	0	204.36848229606	0.0236069799037587	reg1819	0.00165043401398283
OR52L1	990	1	204.36848229606	0.0236069799037587	reg1819	0.0152623795730175
OR56A4	1098	0	204.36848229606	0.0236069799037587	reg1819	0.000344274301765177
NLRP14	3282	1	168.43837346649	0.0236069799037587	reg1821	0.0186707918386973
INSC	1819	0	120.300374673476	0.0236069799037587	reg1829	0.010539700974869
KCNC1	1790	2	142.369044313196	0.0236069799037587	reg1831	0.0192449929506875
CHST1	1236	1	126.931474145271	0.0236069799037587	reg1859	0.012053555680007
OR5F1	945	0	222.324062348058	0.0236069799037587	reg1870	0.0387198447620797
OR5T3	1023	1	222.324062348058	0.0236069799037587	reg1870	0.0469228155965109
OR8H1	936	0	222.324062348058	0.0236069799037587	reg1870	0.0378238812897205
OR5M11	918	2	222.324062348058	0.0236069799037587	reg1870	0.0360637834520833
OR9Q1	933	0	153.098078568289	0.0236069799037587	reg1871	0.0473090285093657
OR10Q1	960	0	153.098078568289	0.0236069799037587	reg1871	0.0497525010543918
GLYAT	1020	0	171.686905251904	0.0236069799037587	reg1872	0.0131767047707222
OR4D11	936	0	171.845870440577	0.0236069799037587	reg1873	0.0496123374848413
MS4A4E	799	0	171.845870440577	0.0236069799037587	reg1873	1.98494708455901e-05
MS4A15	723	0	158.973039627994	0.0236069799037587	reg1874	0.0469063805128352
HRASLS5	840	0	164.349438795207	0.0236069799037587	reg1877	0.0169897373652304
RPS6KA4	2319	0	127.25154405486	0.0236069799037587	reg1878	0.0382091108085499
SPDYC	882	0	127.25154405486	0.0236069799037587	reg1878	0.0318583265302166
DPF2	1218	0	115.63651463667	0.0236069799037587	reg1879	0.0192563998743736
GAL3ST3	1296	0	115.63651463667	0.0236069799037587	reg1879	0.021602711606163
GPR152	1413	0	261.178542813098	0.0236069799037587	reg1881	0.0444334544906809
CCND1	888	0	153.911238304003	0.0236069799037587	reg1882	0.0213261337390629
SHANK2	6284	1	150.055758637333	0.0236069799037587	reg1884	0.02081534266257
PDE2A	3565	2	121.760477057845	0.0236069799037587	reg1886	0.0186028018589681
FAM181B	1281	1	144.950470768454	0.0236069799037587	reg1896	0.0231214732579215
TRIM77	1353	1	180.508230833565	0.0236069799037587	reg1903	0.000515922466498149
TRIM49	1359	0	180.508230833565	0.0236069799037587	reg1903	0.00401463050649135
MTNR1B	1264	0	169.700714151243	0.0236069799037587	reg1906	0.00680402091076213
MMP1	1410	1	114.94135326496	0.0236069799037587	reg1916	0.040760304606959
DDI1	1191	0	157.935908449979	0.0236069799037587	reg1918	0.00043781963711452
LAYN	1237	0	109.654843471134	0.0236069799037587	reg1925	0.0208804517951971
DRD2	1342	0	119.443884561367	0.0236069799037587	reg1927	0.0126686037893288
NXPE1	1681	0	139.63712490769	0.0236069799037587	reg1928	0.00373228020263003
SCN2B	648	0	149.084231876746	0.0236069799037587	reg1932	0.0158101833052133
TRIM29	2118	0	136.758173870389	0.0236069799037587	reg1933	0.0047972271231176
OR6T1	972	0	160.844842549075	0.0236069799037587	reg1937	0.0158507099348077
OR10G6	999	1	160.844842549075	0.0236069799037587	reg1937	0.0170197784313966
VWA5A	2413	0	143.288851468544	0.0236069799037587	reg1938	0.0113183461063061
OR8D1	927	0	143.288851468544	0.0236069799037587	reg1938	0.0418595840539536
VSIG2	988	0	143.288851468544	0.0236069799037587	reg1938	0.0468774983868399
SCNN1A	2277	0	104.712481655235	0.0236069799037587	reg1955	0.0129555765195295
IFFO1	1692	0	104.712481655235	0.0236069799037587	reg1955	0.0493578902663835
PIANP	853	0	104.712481655235	0.0236069799037587	reg1955	0.000860337796594442
SLC2A3	1491	0	262.840454588133	0.0236069799037587	reg1957	0.00258966767566156
KLRF2	624	0	173.619176106796	0.0236069799037587	reg1959	0.0154302136140877
TAS2R19	900	0	153.201092382187	0.0236069799037587	reg1960	1.58296338902578e-05
TAS2R31	930	0	153.201092382187	0.0236069799037587	reg1960	8.65583362751071e-11
TAS2R43	930	1	153.201092382187	0.0236069799037587	reg1960	0.00366266160718368
TAS2R30	960	1	153.201092382187	0.0236069799037587	reg1960	0.0385706768135307
KRAS	708	0	149.323748212471	0.0236069799037587	reg1974	1.19143631472821e-08
FAR2	1582	0	130.192262353081	0.0236069799037587	reg1978	0.0382739687008864
H3F3C	408	0	162.679754592426	0.0236069799037587	reg1980	0.00783249039368942
MUC19	12915	4	160.78070419213	0.0236069799037587	reg1989	0.00137592917610436
CNTN1	3137	0	160.78070419213	0.0236069799037587	reg1989	0.0349892257792645
ANO6	3076	0	163.203040748242	0.0236069799037587	reg1994	0.0459109137943773
TFCP2	1509	0	133.351204699719	0.0236069799037587	reg2000	0.0431595190280695
OR9K2	1008	0	230.704796257904	0.0236069799037587	reg2004	0.0019568879043131
GLI1	3321	0	138.452745873522	0.0236069799037587	reg2006	0.0455141021765865
LGR5	2724	0	139.869097429042	0.0236069799037587	reg2020	0.0204730984907278
DUSP6	1171	0	108.92370766631	0.0236069799037587	reg2038	0.0446407227441514
NR1H4	1599	0	134.012636872459	0.0236069799037587	reg2049	0.00351710247256177
HVCN1	834	0	133.894126547744	0.0236069799037587	reg2060	0.0351595644051723
RASAL1	2421	1	132.181037700053	0.0236069799037587	reg2062	0.0492901076478649
CABP1	1620	0	138.740717090726	0.0236069799037587	reg2070	0.00544882193453652
C12orf43	914	1	138.740717090726	0.0236069799037587	reg2070	0.0166140966085556
VPS33A	1884	0	114.073460851106	0.0236069799037587	reg2072	0.0454604093200591
TMEM132C	3327	4	241.456614942572	0.0236069799037587	reg2077	0.00956354385937561
GPR12	1005	0	111.101155489095	0.0236069799037587	reg2109	0.0460127526096454
TRPC4	2949	0	167.913522086317	0.0236069799037587	reg2120	0.00878598189378429
FNDC3A	3604	0	111.159302648563	0.0236069799037587	reg2131	0.0456218041811744
KLHL1	2247	0	199.89203480937	0.0236069799037587	reg2152	0.0454280370558587
DACH1	2283	0	150.507181212145	0.0236069799037587	reg2154	0.00792704301209749
AL355390.1	435	0	121.810682658796	0.0236069799037587	reg2156	0.0110890564426387
TMEM255B	1234	3	188.454852532068	0.0236069799037587	reg2195	0.00488494715071733
OR11H6	993	0	308.504905245626	0.0236069799037587	reg2217	0.0217280849605181
OR6S1	996	0	134.006570744299	0.0236069799037587	reg2218	0.0265163627377134
SLC39A2	930	0	134.006570744299	0.0236069799037587	reg2218	0.0233802409875721
OR4E2	942	0	146.784898696266	0.0236069799037587	reg2219	0.00624093080753226
MYH6	5820	0	134.2650737237	0.0236069799037587	reg2220	0.000621327476939418
MYH7	5808	4	134.2650737237	0.0236069799037587	reg2220	0.00297410895656135
DACT1	2511	1	122.188014917866	0.0236069799037587	reg2256	0.00162148826804045
RGS6	1956	2	138.134791395849	0.0236069799037587	reg2269	0.0380138471482133
ACOT4	1266	0	135.013188011316	0.0236069799037587	reg2271	0.00258789999684025
SERPINA9	1399	0	139.3936937242	0.0236069799037587	reg2291	0.0157431147894399
C14orf177	378	0	176.763295133535	0.0236069799037587	reg2296	0.00161525224059374
GOLGA6L2	2932	1	302.764219535462	0.0236069799037587	reg2328	1.62556586351196e-05
OCA2	2573	0	221.862906891424	0.0236069799037587	reg2332	0.0412468215896779
KLF13	880	0	166.441036474954	0.0236069799037587	reg2335	0.0225876822967486
GJD2	966	0	128.873260402859	0.0236069799037587	reg2339	0.032348715390692
HAUS2	807	0	116.034459542094	0.0236069799037587	reg2346	0.0074290604359182
CATSPER2	1611	1	117.886974230292	0.0236069799037587	reg2347	0.0314983192200142
HDC	2002	0	125.192631532483	0.0236069799037587	reg2354	0.00528349755210405
LYSMD2	730	0	117.06181141417	0.0236069799037587	reg2356	0.00809578009358185
FAM214A	3270	1	117.06181141417	0.0236069799037587	reg2356	0.0231220701604694
CSNK1G1	1558	0	113.885719436223	0.0236069799037587	reg2368	0.0369866493663033
CTD-2116N17.1	1507	0	113.885719436223	0.0236069799037587	reg2368	0.0348353203131818
KBTBD13	1377	0	116.408182101879	0.0236069799037587	reg2369	0.0379863376798394
IGDCC4	3753	2	116.408182101879	0.0236069799037587	reg2369	0.0110124294995255
MAP2K1	1222	0	108.88625149255	0.0236069799037587	reg2370	0.038028846491974
PTPN9	2010	0	160.488374541287	0.0236069799037587	reg2379	0.0492198028229134
TMED3	810	0	135.16839982005	0.0236069799037587	reg2383	0.0344903579022614
AP3B2	3372	0	121.591033009748	0.0236069799037587	reg2387	0.0173685055484338
C16orf11	1716	0	176.716356882379	0.0236069799037587	reg2407	0.015830386590917
SSTR5	1116	0	176.716356882379	0.0236069799037587	reg2407	0.0446449409915529
TPSG1	966	0	176.716356882379	0.0236069799037587	reg2407	0.0344769043819328
TPSAB1	849	0	176.716356882379	0.0236069799037587	reg2407	0.0272694907711408
AMDHD2	1823	0	151.226413348483	0.0236069799037587	reg2408	0.0451668534398519
ZG16B	659	1	151.226413348483	0.0236069799037587	reg2408	0.00682946547748368
MEFV	2614	1	121.441716169422	0.0236069799037587	reg2409	0.0270994088962831
OR2C1	939	0	121.441716169422	0.0236069799037587	reg2409	0.0222752510374497
GRIN2A	4395	3	169.372603321291	0.0236069799037587	reg2416	0.0026868874515374
XYLT1	2880	0	176.267134003859	0.0236069799037587	reg2423	0.00960640801384889
SDR42E2	1167	0	129.204194331578	0.0236069799037587	reg2428	0.0420153466864978
PRKCB	2371	2	155.939153178382	0.0236069799037587	reg2430	0.00110227720183554
CLN3	1524	0	161.736578259369	0.0236069799037587	reg2434	0.000286454443113809
C16orf93	1256	0	141.334184490963	0.0236069799037587	reg2436	0.0281907174414111
ITGAD	3486	0	197.703737398526	0.0236069799037587	reg2437	0.0403612643860077
RPGRIP1L	4168	1	126.781868562606	0.0236069799037587	reg2459	0.0161398505865142
CES5A	1888	0	149.446781584225	0.0236069799037587	reg2461	0.0460643402259255
CCDC135	2766	1	100.499198692219	0.0236069799037587	reg2463	0.0187175292067494
CDH11	2570	1	171.222216095758	0.0236069799037587	reg2471	0.0144064207497266
CLEC3A	621	1	94.3428191550524	0.0236069799037587	reg2484	0.0228873084452647
TAF1C	2634	1	123.315798092936	0.0236069799037587	reg2490	0.033306465407461
OR1G1	942	0	186.848779405841	0.0236069799037587	reg2499	0.0316105672788191
OR1A1	930	1	186.848779405841	0.0236069799037587	reg2499	0.0308835678276929
PHF23	1280	0	131.283009751374	0.0236069799037587	reg2503	0.041371046227424
TP53	1378	0	131.283009751374	0.0236069799037587	reg2503	2.02555479277745e-20
LSMD1	595	0	131.283009751374	0.0236069799037587	reg2503	0.0100423440198665
KCNAB3	1215	0	131.283009751374	0.0236069799037587	reg2503	0.00385813966875679
PIGL	931	1	185.151175916246	0.0236069799037587	reg2512	0.0239406094297341
EVPLL	906	2	249.490250588133	0.0236069799037587	reg2514	0.00091845454167371
EPN2	1970	0	249.490250588133	0.0236069799037587	reg2514	0.00797685194082563
UBBP4	861	1	265.660626640322	0.0236069799037587	reg2516	0.032049709200357
EVI2A	780	0	144.726206450268	0.0236069799037587	reg2525	0.0114930799277895
CCL14	479	0	111.683495459028	0.0236069799037587	reg2531	0.000192760833766709
PLXDC1	1698	1	124.92875749618	0.0236069799037587	reg2533	0.0409504630032764
GFAP	1868	1	141.857786531199	0.0236069799037587	reg2538	0.0167485130786914
SKAP1	1080	0	88.7621609500091	0.0236069799037587	reg2542	0.00439677918601032
HOXB7	654	0	88.7621609500091	0.0236069799037587	reg2542	0.0163812976109655
STXBP4	1686	0	126.9343665099	0.0236069799037587	reg2549	0.0173398874073119
HLF	891	0	126.9343665099	0.0236069799037587	reg2549	0.0327697345984589
OR4D2	924	0	127.260764705044	0.0236069799037587	reg2552	0.0299376210985771
CSH2	702	0	129.304371467994	0.0236069799037587	reg2557	0.00745651600365109
CD300C	675	0	169.326685512578	0.0236069799037587	reg2568	0.0344279042583193
TBC1D16	2535	0	156.800283336059	0.0236069799037587	reg2574	0.0187686064895332
NOTUM	1491	0	232.087500458979	0.0236069799037587	reg2576	0.0456440312834263
TBCD	4028	0	232.087500458979	0.0236069799037587	reg2576	0.0149842863764481
NDUFV2	825	0	123.407415274124	0.0236069799037587	reg2586	0.0119690612597418
PIEZO2	8701	1	133.677715374981	0.0236069799037587	reg2587	0.0371122076781045
ANKRD30B	4179	3	342.375963886555	0.0236069799037587	reg2591	0.0257473618422195
ASXL3	6798	3	175.128192279416	0.0236069799037587	reg2608	0.010575164023951
SLC39A6	2280	0	148.108743022674	0.0236069799037587	reg2610	0.00590929455088145
SETBP1	4980	1	131.760443394898	0.0236069799037587	reg2619	0.000648662477967027
LOXHD1	6963	0	145.649254137526	0.0236069799037587	reg2620	0.000932518459837432
TCEB3B	2262	2	145.649254137526	0.0236069799037587	reg2620	0.00746961057334859
SERPINB3	1173	0	174.352000386164	0.0236069799037587	reg2638	0.0184789881313451
SERPINB7	1143	1	174.352000386164	0.0236069799037587	reg2638	0.0172821593965209
STK11	1583	0	197.921573825692	0.0236069799037587	reg2656	9.59130107983441e-12
OR7E24	1020	0	148.657808473647	0.0236069799037587	reg2664	0.0483712106587477
OLFM2	1500	0	146.466437073444	0.0236069799037587	reg2665	0.0467372155559982
KEAP1	1875	0	146.466437073444	0.0236069799037587	reg2665	3.4456773115858e-08
SMARCA4	5058	0	155.120781398141	0.0236069799037587	reg2666	0.000860631298429612
FBXW9	1467	0	165.489618058041	0.0236069799037587	reg2667	0.0406195238400372
OR7A10	930	0	164.441817100832	0.0236069799037587	reg2669	0.0235631456481096
EPS15L1	2823	0	139.157182880672	0.0236069799037587	reg2671	0.0184512567822908
UNC13A	5461	3	162.894605022942	0.0236069799037587	reg2672	0.0107934604453346
FFAR3	1041	1	140.436553167613	0.0236069799037587	reg2690	0.0475592367409266
KCNK6	942	1	131.239492403657	0.0236069799037587	reg2693	0.0234493352555797
IFNL3	591	0	162.224293823707	0.0236069799037587	reg2694	0.00959409382217494
LEUTX	507	0	184.320947029564	0.0236069799037587	reg2695	0.00850783579008586
C19orf47	1281	0	184.320947029564	0.0236069799037587	reg2695	0.0471560902583514
PSG3	1472	1	345.373995635348	0.0236069799037587	reg2698	0.0353829290151115
PSG11	1287	0	345.373995635348	0.0236069799037587	reg2698	0.0253063663303264
PSG2	1008	0	345.373995635348	0.0236069799037587	reg2698	0.0016827288847603
TRAPPC6A	522	0	151.174413065429	0.0236069799037587	reg2700	0.00630596721395979
EML2	3081	0	142.867768384052	0.0236069799037587	reg2701	0.0426022235424287
MAMSTR	1398	1	167.298926579609	0.0236069799037587	reg2704	0.0438247940201835
EMC10	1290	0	134.73173651199	0.0236069799037587	reg2705	0.0289003169847796
NKG7	584	0	192.167715932127	0.0236069799037587	reg2706	0.0474530829309719
ZNF611	2202	0	203.340655363992	0.0236069799037587	reg2708	0.0494559924481418
NLRP4	3040	0	217.794383836988	0.0236069799037587	reg2711	0.0108586927596322
FLJ30594	480	0	169.626760645532	0.0236069799037587	reg256	0.0469406319636873
SDC1	1055	0	105.165888416261	0.0236069799037587	reg270	0.0277745226813553
APOB	13775	0	105.165888416261	0.0236069799037587	reg270	0.0257815345452065
GAREML	2647	0	127.658956999894	0.0236069799037587	reg276	0.031620436276564
ALK	5118	0	127.034795905546	0.0236069799037587	reg279	0.00296368718866989
SLC8A1	3048	0	162.83933871921	0.0236069799037587	reg290	0.0123945107519456
FIGLA	660	0	153.235500629525	0.0236069799037587	reg321	0.0135586165150581
CYP26B1	1692	1	124.065750721763	0.0236069799037587	reg322	0.00232939974279839
REG3A	528	0	206.094797055118	0.0236069799037587	reg329	0.0252026891975237
RETSAT	1833	0	111.38392785813	0.0236069799037587	reg335	0.00647156170462226
THNSL2	1600	0	105.639445338506	0.0236069799037587	reg336	0.000699149276087857
ZNF514	1251	0	205.044273012891	0.0236069799037587	reg346	0.0438266182680698
EIF5B	3663	0	128.330303058246	0.0236069799037587	reg349	0.00821183321883259
BCL2L11	856	0	112.046984344766	0.0236069799037587	reg361	0.00815689904731202
NT5DC4	1287	0	155.522610330441	0.0236069799037587	reg363	0.0494358016350082
IL1A	816	0	155.522610330441	0.0236069799037587	reg363	0.0216886077744552
MYO7B	6435	1	117.575741458891	0.0236069799037587	reg378	0.0247663791022485
AMER3	2586	1	211.138793733508	0.0236069799037587	reg381	0.0138916173261412
ANKRD30BL	777	3	211.138793733508	0.0236069799037587	reg381	0.0300908731111736
NCKAP5	5746	1	124.073109618228	0.0236069799037587	reg384	0.0286487983570849
CXCR4	1086	0	110.399673260806	0.0236069799037587	reg386	0.0440914238717183
LRP1B	13914	7	181.567980123015	0.0236069799037587	reg391	0.00931044407958041
CSRNP3	1854	0	117.873357346872	0.0236069799037587	reg416	0.0232646916679874
LRP2	14012	1	127.415881601485	0.0236069799037587	reg420	0.030022663559784
KIAA1715	1396	0	165.500376448768	0.0236069799037587	reg426	0.0371634540862743
INPP1	1200	0	126.711678980144	0.0236069799037587	reg441	0.0144097103376865
CDK15	1313	0	128.511825754886	0.0236069799037587	reg452	0.0460377287550585
CD28	757	0	121.212622750669	0.0236069799037587	reg454	0.0195694472548609
PTH2R	1653	0	168.331397939453	0.0236069799037587	reg459	0.00193915535063818
FAM124B	1455	0	135.413691369316	0.0236069799037587	reg475	0.0236972719809828
C2orf83	548	0	142.751052147179	0.0236069799037587	reg478	0.0163487912524349
ALPP	1608	0	162.001212271218	0.0236069799037587	reg483	0.011194448485908
AQP12B	924	0	160.064785054745	0.0236069799037587	reg491	0.00339549051124004
ATG4B	1619	0	168.607863646331	0.0236069799037587	reg492	0.0483080230295455
NEU4	1728	0	168.607863646331	0.0236069799037587	reg492	3.63134069369029e-06
RSPO4	705	0	129.174520365637	0.0236069799037587	reg2715	0.0192734753306417
DDRGK1	1113	0	127.111971429373	0.0236069799037587	reg2717	9.4820363766445e-05
PXMP4	659	0	130.850731904141	0.0236069799037587	reg2746	0.00787187311805789
EDEM2	1878	0	112.465784365564	0.0236069799037587	reg2747	0.0398093168055108
UQCC1	1035	0	112.465784365564	0.0236069799037587	reg2747	0.0133018273849894
KIAA1755	3603	1	104.071477870924	0.0236069799037587	reg2750	0.0316839735999287
JPH2	2102	0	140.083659139704	0.0236069799037587	reg2756	0.0390634811865667
SULF2	2613	0	171.953755147767	0.0236069799037587	reg2760	0.0162939626792232
FAM209B	516	0	222.950090731713	0.0236069799037587	reg2768	0.000852634273745565
ZNF831	5034	2	134.285970214127	0.0236069799037587	reg2771	0.0303536200067657
KRTAP15-1	414	0	185.516673841049	0.0236069799037587	reg2808	1.46077064888629e-05
IL10RB	978	0	117.163017092636	0.0236069799037587	reg2811	0.0240527817469601
KRTAP10-6	1098	0	159.39716493923	0.0236069799037587	reg2822	0.0356742801334753
KLHL22	2117	0	208.865199005542	0.0236069799037587	reg2846	0.00752986869971643
VPREB1	449	0	205.733033842928	0.0236069799037587	reg2847	0.0117376525051345
RAB36	1124	0	187.842358433841	0.0236069799037587	reg2848	0.00363769626804189
ZNF70	1341	0	157.81639637261	0.0236069799037587	reg2849	0.0229776075478053
MYO18B	7707	0	148.177062964259	0.0236069799037587	reg2851	0.0139354401344244
CRYBA4	591	0	153.11771656992	0.0236069799037587	reg2852	0.0288200353780905
KIAA1658	258	0	126.532553490593	0.0236069799037587	reg2855	0.0495870195422098
SMTN	3663	1	132.313960776211	0.0236069799037587	reg2856	0.0321594869349678
TEX33	843	0	134.555888777629	0.0236069799037587	reg2862	0.0265525326468008
SYNGR1	944	0	159.930846199639	0.0236069799037587	reg2864	0.0190931857157066
ENTHD1	1824	0	131.630372239533	0.0236069799037587	reg2865	0.0103813844810503
MEI1	3899	1	159.111550990057	0.0236069799037587	reg2867	0.0346295993118918
PHF21B	1614	0	147.350642219495	0.0236069799037587	reg2870	0.00421320852437456
COLQ	1626	0	122.265638531455	0.0236069799037587	reg508	0.0384455454054667
BTD	1732	0	122.265638531455	0.0236069799037587	reg508	0.043037581318225
CCR8	1068	0	151.22058281274	0.0236069799037587	reg532	0.00630836160612101
CTNNB1	2346	0	133.035335142788	0.0236069799037587	reg534	0.0349599971417203
TOPAZ1	5079	0	119.692842925901	0.0236069799037587	reg537	0.0472862650198459
ZNF35	1584	0	119.692842925901	0.0236069799037587	reg537	0.00891683439186215
ZNF501	816	0	119.692842925901	0.0236069799037587	reg537	0.0196868682466134
TGM4	2055	1	119.692842925901	0.0236069799037587	reg537	0.0176996781767019
AMT	1236	0	150.438753523048	0.0236069799037587	reg542	0.0309026566779973
FEZF2	1380	1	130.577105243583	0.0236069799037587	reg555	0.0191818777135275
NFKBIZ	2157	0	141.080183405859	0.0236069799037587	reg594	0.0318467312574977
C3orf56	729	1	151.018479731976	0.0236069799037587	reg619	0.0182269163539938
PRR23B	798	0	136.463099080111	0.0236069799037587	reg631	0.0201740326110768
PAQR9	1235	0	128.935839249004	0.0236069799037587	reg635	0.0452684437359748
MRPL47	753	1	140.991114221598	0.0236069799037587	reg672	0.0486518332376544
ABCC5	4575	0	143.858084156048	0.0236069799037587	reg676	0.0288983649399042
MASP1	3141	0	147.039159596032	0.0236069799037587	reg679	0.0238997729014545
MUC20	2331	3	242.384020147619	0.0236069799037587	reg688	0.00362372955084366
MUC4	16239	9	242.384020147619	0.0236069799037587	reg688	3.45243729586635e-05
FGFBP1	705	0	145.22150704505	0.0236069799037587	reg706	0.023477420429334
GABRA2	1616	1	237.105809714699	0.0236069799037587	reg737	0.0468977956495569
LPHN3	4795	0	194.193799664442	0.0236069799037587	reg753	0.020886147084373
UGT2B4	1630	0	157.641150704357	0.0236069799037587	reg760	0.0483845095488232
SCD5	1231	0	136.187250439639	0.0236069799037587	reg774	0.0495013369689822
MEPE	1799	0	145.667335163453	0.0236069799037587	reg779	0.00332856246437329
PDHA2	1167	1	152.102701855277	0.0236069799037587	reg787	0.0296025795136243
ADH1B	1128	0	170.522315560459	0.0236069799037587	reg791	0.040664636524188
RP11-766F14.2	5382	4	170.522315560459	0.0236069799037587	reg791	0.0208645482706876
SLC9B1	1662	2	146.348285738969	0.0236069799037587	reg794	0.00929916082207472
NDST4	2619	0	157.430340038404	0.0236069799037587	reg806	0.0363267177222945
MFSD8	1557	0	165.763955121149	0.0236069799037587	reg819	0.029830038748212
SCLT1	2179	0	126.190175908503	0.0236069799037587	reg820	0.0212476156811629
MAB21L2	1080	0	122.969780428939	0.0236069799037587	reg842	0.0290980563195053
MARCH1	1749	0	195.90242693439	0.0236069799037587	reg855	0.0219036610842242
FRG1	777	0	245.753202397656	0.0236069799037587	reg880	0.0251596574727712
ROPN1L	693	0	120.32553236426	0.0236069799037587	reg892	0.0025896710212063
FBXL7	1477	1	165.684443970015	0.0236069799037587	reg897	0.015944062137672
MARCH11	1209	2	171.622348656411	0.0236069799037587	reg898	0.0173191422552324
ADAMTS12	4850	1	160.452687096258	0.0236069799037587	reg915	0.0048814548027635
GPX8	630	0	133.325363643993	0.0236069799037587	reg936	0.0140283099902431
GCNT4	1362	0	131.767890754351	0.0236069799037587	reg956	0.0399085837448578
FTMT	729	0	150.392373948508	0.0236069799037587	reg1003	0.041277632905511
ANKHD1-EIF4EBP3	7905	3	124.995161266331	0.0236069799037587	reg1021	0.0250617577390062
ANKHD1	8082	3	124.995161266331	0.0236069799037587	reg1021	0.0271480514943144
PCDHA3	2934	1	189.10111465264	0.0236069799037587	reg1022	0.0102754329457781
PCDHA6	2853	1	189.10111465264	0.0236069799037587	reg1022	0.00921038221800016
PCDHA7	2829	1	189.10111465264	0.0236069799037587	reg1022	0.0360781975197317
PCDHA10	2847	1	189.10111465264	0.0236069799037587	reg1022	0.0367734139061325
PCDHB4	2388	2	189.10111465264	0.0236069799037587	reg1022	0.0045144826342484
PCDHB8	2406	0	189.10111465264	0.0236069799037587	reg1022	0.000854703940304431
PCDHB14	2397	1	189.10111465264	0.0236069799037587	reg1022	0.00458442321162903
PCDHB15	2364	0	189.10111465264	0.0236069799037587	reg1022	0.0207151221643751
PCDHGA2	2799	0	189.10111465264	0.0236069799037587	reg1022	0.0349362290347389
GPR151	1260	0	117.959717065384	0.0236069799037587	reg1027	0.0483295016790994
MYOZ3	933	0	128.21747464737	0.0236069799037587	reg1032	0.0306707711821443
NMUR2	1248	0	153.179297290882	0.0236069799037587	reg1033	0.0212019134298893
TIMD4	1137	1	156.093056198103	0.0236069799037587	reg1038	0.0295590436250189
FAM196B	1608	0	142.706588018722	0.0236069799037587	reg1051	0.0162417999392596
DBN1	2384	0	125.976267630668	0.0236069799037587	reg1058	0.0231341076599309
OR2V2	948	1	131.238868582667	0.0236069799037587	reg1061	0.000111790095668535
HUS1B	837	1	122.078206752102	0.0236069799037587	reg1063	0.00271030307208316
CDYL	1852	0	136.32145227379	0.0236069799037587	reg1066	0.025683188954976
SLC17A2	1477	0	118.463385693708	0.0236069799037587	reg1087	0.0413091794625726
ABT1	819	0	216.414023620093	0.0236069799037587	reg1088	0.0310260451869615
OR2J2	939	0	185.443745336915	0.0236069799037587	reg1091	0.0124621034869731
HLA-B	1195	1	149.349270043431	0.0236069799037587	reg1093	0.00149984258915154
HLA-DQA2	768	0	174.11997624151	0.0236069799037587	reg1094	0.0333097175483721
LRFN2	2370	0	151.203707261205	0.0236069799037587	reg1102	0.0177496827772507
TFEB	1713	0	132.537353468164	0.0236069799037587	reg1103	0.0491115729224171
MRPL2	1050	0	120.420830518561	0.0236069799037587	reg1105	0.0185355128299505
TTBK1	4139	0	120.420830518561	0.0236069799037587	reg1105	0.0498692316930913
GPR115	2317	1	120.584292726352	0.0236069799037587	reg1109	0.0062127096066932
PTCHD4	2570	0	120.584292726352	0.0236069799037587	reg1109	0.0449200273224812
PGK2	1254	0	175.938232026648	0.0236069799037587	reg1111	0.0391229847371557
UBE2J1	957	0	107.916574084896	0.0236069799037587	reg1152	0.0233886339005216
SCML4	1346	0	123.652586155232	0.0236069799037587	reg1170	0.0426734344787031
SLC35F1	1227	0	179.228452512605	0.0236069799037587	reg1180	0.0272041210317963
CTAGE9	2334	0	140.933070782106	0.0236069799037587	reg1194	0.0493684044017075
EYA4	2057	1	128.252066243362	0.0236069799037587	reg1196	0.0325502357039136
IL22RA2	792	0	99.0343929837541	0.0236069799037587	reg1198	0.0170706260386876
ADGB	5249	1	122.606332061287	0.0236069799037587	reg1209	0.0465004208782538
MTHFD1L	3103	1	126.726662785815	0.0236069799037587	reg1213	0.0494846239253005
THSD7A	4974	1	137.727110133544	0.0236069799037587	reg1244	0.0178685615797207
HOXA10	1243	0	153.097078799503	0.0236069799037587	reg1260	0.0114761414389102
PDE1C	2452	2	207.309898387298	0.0236069799037587	reg1265	0.00653949898551787
NACAD	4689	1	180.521324164669	0.0236069799037587	reg1277	0.00383092373463209
PSPH	678	0	177.149004878228	0.0236069799037587	reg1288	0.0254665518537
ZNF716	1488	2	177.149004878228	0.0236069799037587	reg1288	0.0177898919476759
ZNF679	1236	0	295.153454654715	0.0236069799037587	reg1296	0.000979191593859509
ZP3	1311	0	273.670062401391	0.0236069799037587	reg1309	0.0431018217207202
MUC17	13482	4	147.000402179364	0.0236069799037587	reg1334	0.0108820097466549
MOGAT3	1135	0	147.000402179364	0.0236069799037587	reg1334	0.0447083543072735
PIK3CG	3309	1	140.68929108511	0.0236069799037587	reg1339	0.034426989615895
NRCAM	3967	3	120.211694135242	0.0236069799037587	reg1340	0.0313442474851526
GPR85	1113	0	161.12623605535	0.0236069799037587	reg1345	0.0137659834333828
FLNC	8178	1	164.516651236877	0.0236069799037587	reg1361	0.0192808199500411
TSGA13	828	1	123.175148457851	0.0236069799037587	reg1362	0.0259087595304005
PLXNA4	5991	0	128.525952775994	0.0236069799037587	reg1365	0.0228939512535643
AKR1B15	1101	0	118.039424684408	0.0236069799037587	reg1367	0.0471669254323315
BRAF	2324	1	164.730594855149	0.0236069799037587	reg1373	0.00926381113654137
OR9A4	945	0	126.260015751659	0.0236069799037587	reg1374	0.049465029504577
RP11-1220K2.2	7566	2	126.260015751659	0.0236069799037587	reg1374	0.0297084022975152
KEL	2233	0	126.260015751659	0.0236069799037587	reg1374	0.0112214098438302
CLCN1	2967	0	195.10917222516	0.0236069799037587	reg1377	0.0331866608822092
FAM131B	1083	0	195.10917222516	0.0236069799037587	reg1377	0.026480787172354
GIMAP1	921	0	175.795942402995	0.0236069799037587	reg1383	0.0089063502905404
DOK2	1239	0	114.809987949065	0.0236069799037587	reg1414	0.02852987891639
POLB	1251	0	150.877719332679	0.0236069799037587	reg1434	0.0310115331439107
PXDNL	4392	1	205.926820957466	0.0236069799037587	reg1444	0.000592817389314452
DNAJC5B	600	0	162.562827297868	0.0236069799037587	reg1458	0.0223752198215577
ZFHX4	10860	0	225.165528862886	0.0236069799037587	reg1470	0.00363080308196101
CNGB3	2490	0	156.545864444537	0.0236069799037587	reg1479	0.0322268753640117
SNX31	1491	0	115.120611838825	0.0236069799037587	reg1493	0.044765958331333
RIMS2	5455	2	163.380652640315	0.0236069799037587	reg1496	0.000997617550942297
TRPS1	3977	0	151.482113976315	0.0236069799037587	reg1508	0.0200847917009347
DEPTOR	1230	1	137.444927672852	0.0236069799037587	reg1512	0.00933754690066367
OC90	3504	0	165.983665625561	0.0236069799037587	reg1525	0.00810927458204411
CHRAC1	512	0	128.087836596581	0.0236069799037587	reg1533	0.00553962623760195
CYP11B2	1512	1	224.457616308872	0.0236069799037587	reg1535	0.0400216232593718
IFNA7	570	0	138.540603270523	0.0236069799037587	reg1559	0.0201263133339242
CDKN2A	927	0	138.540603270523	0.0236069799037587	reg1559	0.0485937803565568
TAF1L	5481	5	183.681688945703	0.0236069799037587	reg1570	0.0220746216982567
PRSS3	1056	0	136.901896476519	0.0236069799037587	reg1572	7.00878819421639e-07
ARID3C	1239	1	136.901896476519	0.0236069799037587	reg1572	0.00474201643448502
SPATA31A6	4032	3	185.729096566823	0.0236069799037587	reg1576	0.0178267204678753
GCNT1	1287	0	137.881092385052	0.0236069799037587	reg1618	0.0487895008864187
GNA14	1068	0	137.881092385052	0.0236069799037587	reg1618	0.0349760249784068
MSANTD3	890	1	179.649831972726	0.0236069799037587	reg1641	0.0114880899662358
GRIN3A	3348	0	151.123428158435	0.0236069799037587	reg1642	0.000627176253596727
PPP3R2	522	0	151.123428158435	0.0236069799037587	reg1642	0.0303279206575419
TLR4	2520	1	165.795843073567	0.0236069799037587	reg1658	0.0326855407405575
LHX6	1289	0	122.507388692687	0.0236069799037587	reg1662	0.036905314987994
OR1Q1	945	0	107.535275807146	0.0236069799037587	reg1663	0.0283430783077271
GPR144	2892	0	131.635600438397	0.0236069799037587	reg1665	0.0267572453813835
SH3GLB2	1215	1	150.789796620828	0.0236069799037587	reg1669	0.028785913029959
USP20	2745	0	136.646635241004	0.0236069799037587	reg1670	0.0296770120012605
HMCN2	6705	0	136.646635241004	0.0236069799037587	reg1670	0.00718662973669346
XG	591	0	114.322578707274	0.0236069799037587	reg2879	0.0146549010015067
NLGN4X	2511	1	128.490431533486	0.0236069799037587	reg2881	0.00734637007290547
PDK3	1252	0	98.9430652911317	0.0236069799037587	reg2900	0.0276561221787673
TMEM47	546	0	129.162773898241	0.0236069799037587	reg2910	0.0321861455012667
CXorf38	1077	0	86.3470023984526	0.0236069799037587	reg2916	0.027198506089964
RBM10	2793	0	104.820019404877	0.0236069799037587	reg2923	0.000292628449414222
PRAF2	623	0	108.677148306472	0.0236069799037587	reg2924	0.0145695948591166
KDM5C	4777	0	129.4670686313	0.0236069799037587	reg2929	0.00569895554239994
CDX4	855	0	131.719822182583	0.0236069799037587	reg2948	0.0354204932573748
KIAA2022	4551	2	145.017831187562	0.0236069799037587	reg2949	0.00534400046472953
POU3F4	1086	0	135.389967379008	0.0236069799037587	reg2958	0.0319306677032025
CPXCR1	906	0	163.601045891585	0.0236069799037587	reg2964	0.0148914981955647
PABPC5	1149	0	201.836100261929	0.0236069799037587	reg2966	0.0365514265573501
CT47B1	900	0	109.501914222919	0.0236069799037587	reg2995	0.0267147044512123
TENM1	8199	1	119.107435645058	0.0236069799037587	reg2999	0.0150345752304424
ARHGEF6	2412	1	92.0548582913666	0.0236069799037587	reg3011	0.0315054083847099
MAGEC1	3429	0	124.845621786978	0.0236069799037587	reg3016	0.00814491041498312
SPANXN2	543	0	137.83377926231	0.0236069799037587	reg3018	0.00538680398012584
VAMP7	851	0	110.77334667748	0.0236069799037587	reg3030	0.0260187419281148
