gene	len	ct	mu	sigma	region	p-value
HMGN2	273	0	121.903507602641	0.0236069799037587	reg27	0.00140059007557119
DNAJC8	798	0	124.98459651806	0.0236069799037587	reg29	0.0115233879439619
GMEB1	1722	0	124.98459651806	0.0236069799037587	reg29	0.0474373998555081
EXO5	1122	0	132.132507613239	0.0236069799037587	reg41	0.0304360257830913
CCDC163P	630	0	148.072333824019	0.0236069799037587	reg46	0.00794845697707932
NDC1	2025	0	114.967792193852	0.0236069799037587	reg55	0.0432163324313908
LDLRAD1	682	0	114.967792193852	0.0236069799037587	reg55	0.00566694536215844
ALG6	1530	0	136.975740473859	0.0236069799037587	reg64	0.0448741542906393
CRYZ	990	1	227.243167557487	0.0236069799037587	reg76	0.0341836865760313
LHX8	1071	0	227.243167557487	0.0236069799037587	reg76	0.0393878734248342
LRRC39	1076	0	114.833372989275	0.0236069799037587	reg101	0.0208933058106645
TTF2	3489	0	130.135898462107	0.0236069799037587	reg118	0.0462216558544112
GJA5	1077	0	137.594834017078	0.0236069799037587	reg148	0.018702775204129
MTMR11	2165	0	129.713697335162	0.0236069799037587	reg151	0.0191025229395036
PLEKHO1	1243	0	129.713697335162	0.0236069799037587	reg151	0.0410752280093482
SEMA6C	2889	0	130.136102366461	0.0236069799037587	reg152	0.0354540470583673
AL589765.1	414	0	130.136102366461	0.0236069799037587	reg152	0.00482164601061322
RIIAD1	393	0	130.136102366461	0.0236069799037587	reg152	0.00436003019895976
CRNN	1488	0	207.056332805153	0.0236069799037587	reg153	0.0161041628113843
AQP10	994	0	123.170217176847	0.0236069799037587	reg155	0.0283909699734715
ADAR	3825	0	123.170217176847	0.0236069799037587	reg155	0.0194575440512983
ATF6	2013	0	151.496258882413	0.0236069799037587	reg162	0.0126531380643309
DCAF6	2856	0	120.501996599568	0.0236069799037587	reg168	0.039285394725417
TBX19	1447	2	130.499661339689	0.0236069799037587	reg169	0.0431429671583344
HMCN1	16908	11	140.259597636746	0.0236069799037587	reg186	0.0332061176147381
IGFN1	11145	1	124.646446604293	0.0236069799037587	reg202	0.00258658184009992
C1orf186	519	0	130.065251769278	0.0236069799037587	reg208	0.00808753353200567
DTL	2193	0	122.460265447461	0.0236069799037587	reg213	0.00996065153496379
NID1	3744	1	139.359490018257	0.0236069799037587	reg235	0.013856126974839
ERO1LB	1408	0	139.359490018257	0.0236069799037587	reg235	0.0457653176729225
MTR	4201	0	168.774400365501	0.0236069799037587	reg240	0.0374132506922366
OR6F1	927	0	194.284844986954	0.0236069799037587	reg248	0.0268747047944411
OR2L2	939	0	194.284844986954	0.0236069799037587	reg248	0.0275152353654168
OR2M7	939	0	194.284844986954	0.0236069799037587	reg248	0.0275152353654168
OR2T11	951	0	194.284844986954	0.0236069799037587	reg248	0.0281618513652216
ADARB2	2429	0	230.764720640136	0.0236069799037587	reg1680	0.0286783076088808
IL15RA	1269	0	152.605583407316	0.0236069799037587	reg1685	0.00406247068080084
PRKCQ	2121	1	152.605583407316	0.0236069799037587	reg1685	0.00211103202318679
SFMBT2	2768	0	122.60725683564	0.0236069799037587	reg1686	0.0269785505569725
GATA3	1335	0	127.754526984794	0.0236069799037587	reg1687	0.000215759122811419
BAMBI	783	0	131.234782708414	0.0236069799037587	reg1707	0.000705754927967675
PARD3	4110	0	103.990680744963	0.0236069799037587	reg1713	0.0431541573575567
ANKRD30A	4383	2	264.070304340907	0.0236069799037587	reg1716	0.016998800398897
ZNF485	1326	0	157.001517725814	0.0236069799037587	reg1723	0.0460657970507647
CCAR1	3630	1	123.643902268631	0.0236069799037587	reg1749	0.00107459858788304
PLA2G12B	588	0	122.631980765995	0.0236069799037587	reg1753	0.00579001407247297
NUDT13	1059	0	122.631980765995	0.0236069799037587	reg1753	0.0176867670923684
DNAJC9	783	0	141.411178914979	0.0236069799037587	reg1754	0.0127225907358587
PTEN	1212	1	136.093649641646	0.0236069799037587	reg1768	5.92488474585738e-06
FAS	1027	0	120.900425243745	0.0236069799037587	reg1769	0.0225684621045849
TNKS2	3501	0	118.435677571352	0.0236069799037587	reg1772	0.0232292052997345
C10orf137	4040	0	135.573825015408	0.0236069799037587	reg1806	0.0479332876928657
MTG1	1005	0	257.901787459992	0.0236069799037587	reg1813	0.0327503881829774
OR6A2	984	1	168.43837346649	0.0236069799037587	reg1821	0.0242309095003841
IPO7	3117	0	136.781482688032	0.0236069799037587	reg1823	0.0250637203401259
MICAL2	3651	1	91.9357665843932	0.0236069799037587	reg1826	0.00446298891818954
RRAS2	687	0	163.891837127529	0.0236069799037587	reg1828	0.0101683339437569
NUCB2	1271	0	142.369044313196	0.0236069799037587	reg1831	0.00277889789660461
MPPED2	954	0	141.535966552872	0.0236069799037587	reg1844	0.0222193116460503
FBXO3	1479	0	121.496987521333	0.0236069799037587	reg1847	0.0410020417692849
CREB3L1	1622	0	126.066088811322	0.0236069799037587	reg1860	0.0380845689650841
PSMC3	1408	0	139.00663399616	0.0236069799037587	reg1861	0.0466645736242803
OR4C3	990	1	139.00663399616	0.0236069799037587	reg1861	0.0246761188894526
OR4A15	1035	0	222.324062348058	0.0236069799037587	reg1870	0.0387017088012963
OR5L2	936	0	222.324062348058	0.0236069799037587	reg1870	0.00298277380802002
OR5W2	933	1	222.324062348058	0.0236069799037587	reg1870	0.0320883664352741
OR5F1	945	0	222.324062348058	0.0236069799037587	reg1870	0.0328411927210055
CNTF	603	0	171.686905251904	0.0236069799037587	reg1872	0.000562699720676092
MS4A14	2259	0	158.973039627994	0.0236069799037587	reg1874	0.0227574608555175
CPSF7	1545	0	131.938799597899	0.0236069799037587	reg1875	0.0401778230749816
PACS1	3001	0	115.63651463667	0.0236069799037587	reg1879	0.00454345693392341
KLC2	2317	0	125.769097400469	0.0236069799037587	reg1880	0.0142302541674684
ALDH3B1	1487	1	261.178542813098	0.0236069799037587	reg1881	0.0391388986941884
DEFB108B	222	0	284.022789188472	0.0236069799037587	reg1885	0.0485134326040814
KLHL35	1752	0	124.561253622677	0.0236069799037587	reg1889	0.0412092348709274
MMP1	1410	1	114.94135326496	0.0236069799037587	reg1916	0.029173623188714
MMP13	1534	0	114.94135326496	0.0236069799037587	reg1916	0.00323148701389306
CASP1	1287	0	157.935908449979	0.0236069799037587	reg1918	0.0305110185545352
TMPRSS5	1453	1	119.443884561367	0.0236069799037587	reg1927	0.0297083096554154
USP28	3439	0	119.443884561367	0.0236069799037587	reg1927	0.0264576117737274
OR10G6	999	1	160.844842549075	0.0236069799037587	reg1937	0.00150134218377579
OR10G9	936	1	160.844842549075	0.0236069799037587	reg1937	0.0182642366034735
ADIPOR2	1161	0	118.937501476433	0.0236069799037587	reg1950	0.0190389423429172
AICDA	601	0	262.840454588133	0.0236069799037587	reg1957	0.00851674585910482
APOLD1	843	1	120.958399295994	0.0236069799037587	reg1961	0.013940146844414
FGD4	2999	1	139.174276153415	0.0236069799037587	reg1981	0.00273863713930947
NELL2	2821	1	163.203040748242	0.0236069799037587	reg1994	0.0307659909831786
LARP4	2240	0	135.159454250423	0.0236069799037587	reg1999	0.0115232250031899
ACVRL1	1662	0	136.590127631485	0.0236069799037587	reg2001	0.0445473068439407
ACVR1B	1883	0	136.590127631485	0.0236069799037587	reg2001	0.00688700082615186
KRT82	1542	0	136.590127631485	0.0236069799037587	reg2001	0.0389611391916018
KRT6B	1695	2	136.590127631485	0.0236069799037587	reg2001	0.0461321084349069
EIF4B	1851	0	132.06440184179	0.0236069799037587	reg2002	0.00742500180578365
NABP2	636	0	114.721539861542	0.0236069799037587	reg2005	0.00619812499831174
BAZ2A	5740	2	138.452745873522	0.0236069799037587	reg2006	0.0320505146410916
CTDSP2	834	0	130.025673533246	0.0236069799037587	reg2007	0.0119552276088431
TMEM5	1332	1	153.169832291689	0.0236069799037587	reg2013	0.0342004169749732
AC025262.1	141	0	147.745418336292	0.0236069799037587	reg2014	0.0324872073267699
IGF1	663	0	116.582968129658	0.0236069799037587	reg2051	0.00914762205536783
CCDC63	1692	0	133.894126547744	0.0236069799037587	reg2060	0.0397568129543633
TMEM116	1032	0	133.602760724959	0.0236069799037587	reg2061	0.0138185417559191
RAB35	1436	0	122.422481713671	0.0236069799037587	reg2069	0.0251087462091136
ZNF664	786	0	143.443256744907	0.0236069799037587	reg2073	0.0128931775121843
IFT88	2626	1	167.885423645845	0.0236069799037587	reg2103	0.0142304128107198
ATP8A2	3567	0	141.630430563277	0.0236069799037587	reg2108	0.0307664708720513
SLC7A1	1890	0	126.179354020956	0.0236069799037587	reg2112	0.00677700465938505
TRPC4	2949	0	167.913522086317	0.0236069799037587	reg2120	0.00559430021581642
UTP14C	2301	0	143.224347465183	0.0236069799037587	reg2134	0.00086504178559308
KLF5	1374	0	107.722798267323	0.0236069799037587	reg2155	0.026973970582571
SLC15A1	2127	1	115.459119778818	0.0236069799037587	reg2181	0.0489063528388408
OR4N2	924	0	308.504905245626	0.0236069799037587	reg2217	0.034745448753801
CMTM5	672	0	134.2650737237	0.0236069799037587	reg2220	0.00832262619927423
COCH	1793	0	119.158954643605	0.0236069799037587	reg2228	0.0478892935060963
ABHD12B	1089	1	128.30064376297	0.0236069799037587	reg2248	0.0224299577727096
SAMD4A	2265	0	106.775058708885	0.0236069799037587	reg2252	0.00767122489961078
SLC39A9	930	0	102.222925613367	0.0236069799037587	reg2266	0.00861744844325128
ACOT2	1452	0	135.013188011316	0.0236069799037587	reg2271	0.00262308259364149
VRTN	2109	0	135.013188011316	0.0236069799037587	reg2271	0.00733390829622182
NPC2	1048	0	135.013188011316	0.0236069799037587	reg2271	0.0162457059914693
C14orf166B	1881	0	146.119522537812	0.0236069799037587	reg2274	0.0363975112194012
VIPAS39	1560	0	146.119522537812	0.0236069799037587	reg2274	0.0258935663873063
ZC3H14	2669	0	123.177837400889	0.0236069799037587	reg2286	0.0201916341161762
SERPINA4	1284	0	123.942446682002	0.0236069799037587	reg2292	0.0274553996916011
TRAF3	1707	0	123.024805360276	0.0236069799037587	reg2300	0.0325350826615509
NDN	966	0	302.764219535462	0.0236069799037587	reg2328	0.0439420037785042
HERC2	14505	4	221.862906891424	0.0236069799037587	reg2332	0.024460469086041
MEIS2	1638	0	133.995294835477	0.0236069799037587	reg2341	0.0420337534648346
TRIP4	1844	0	113.885719436223	0.0236069799037587	reg2368	0.0419306886262323
NEO1	4446	1	112.470529370953	0.0236069799037587	reg2377	0.0107378974103783
UBL7	1143	0	140.535037393719	0.0236069799037587	reg2378	0.0248707110631611
PSMA4	809	0	141.13570520531	0.0236069799037587	reg2382	0.0136747505957672
RGMA	1415	0	138.853929279385	0.0236069799037587	reg2397	0.00581196967875535
SOX8	1341	1	176.716356882379	0.0236069799037587	reg2407	0.0382351065323516
GNPTG	1002	0	176.716356882379	0.0236069799037587	reg2407	0.0224725724257187
NTN3	1743	0	151.226413348483	0.0236069799037587	reg2408	0.0335550980662842
ZNF263	2057	0	121.441716169422	0.0236069799037587	reg2409	0.00693322485302011
C16orf71	1614	0	140.411060882361	0.0236069799037587	reg2410	0.0344586559501907
KNOP1	1377	0	122.033626388207	0.0236069799037587	reg2425	0.0270190545439254
SULT1A2	1011	1	161.736578259369	0.0236069799037587	reg2434	0.00106512384399855
RABEP2	1741	0	161.736578259369	0.0236069799037587	reg2434	0.0444927974863686
NFATC2IP	1260	0	161.736578259369	0.0236069799037587	reg2434	0.024769771486824
C16orf92	502	0	141.334184490963	0.0236069799037587	reg2436	0.000267923896076134
CNOT1	7374	1	124.060134672195	0.0236069799037587	reg2464	0.0496341587008378
CBFB	595	0	121.428125842344	0.0236069799037587	reg2473	5.9564727512009e-09
CTCF	2184	0	121.428125842344	0.0236069799037587	reg2473	0.0119290033639899
CDH1	2649	0	121.71180360103	0.0236069799037587	reg2474	0.00200689228392787
TIMM22	585	1	180.768862347426	0.0236069799037587	reg2497	0.00493653772424309
GSG2	2397	0	186.848779405841	0.0236069799037587	reg2499	0.0169234567645443
GGT6	1500	0	136.030129300773	0.0236069799037587	reg2500	0.0299897529991606
EIF4A1	1446	0	131.283009751374	0.0236069799037587	reg2503	0.0048543858753779
FXR2	2027	0	131.283009751374	0.0236069799037587	reg2503	0.00141499437014019
SHBG	1209	0	131.283009751374	0.0236069799037587	reg2503	0.00295758145663955
TP53	1378	0	131.283009751374	0.0236069799037587	reg2503	3.04258719503115e-28
ADPRM	1029	0	157.784810152016	0.0236069799037587	reg2506	0.0326878041088724
MAP2K4	1233	0	143.656314379406	0.0236069799037587	reg2507	0.000291175817024925
ALDH3A1	1362	1	265.660626640322	0.0236069799037587	reg2516	0.0337203825858546
MAP2K3	1523	0	265.660626640322	0.0236069799037587	reg2516	0.0043473054074698
KCNJ12	1302	0	265.660626640322	0.0236069799037587	reg2516	0.0310729605148578
UBBP4	861	1	265.660626640322	0.0236069799037587	reg2516	0.0144521159951892
NF1	8710	3	144.726206450268	0.0236069799037587	reg2525	0.0289738836564667
HNF1B	1766	1	152.858555038838	0.0236069799037587	reg2532	0.0495096970325439
SMARCE1	1382	0	128.219330527656	0.0236069799037587	reg2534	0.0287429974523658
KRT34	1311	1	166.553345875102	0.0236069799037587	reg2535	0.0409419430345483
AARSD1	1239	0	144.04784892208	0.0236069799037587	reg2536	0.00238238282916506
HOXB9	753	0	88.7621609500091	0.0236069799037587	reg2542	0.011909128734505
LRRC59	1163	0	95.0316521425281	0.0236069799037587	reg2544	0.0239948095859229
ANKRD62	2754	0	153.2171160459	0.0236069799037587	reg2589	0.024396069454143
TUBB6	1510	0	153.2171160459	0.0236069799037587	reg2589	0.0448546846611665
GREB1L	6025	1	119.386414841867	0.0236069799037587	reg2596	0.0314561398003887
LAMA3	10418	1	101.735310008607	0.0236069799037587	reg2598	0.0277851286507481
CDH2	2819	0	186.336186471194	0.0236069799037587	reg2602	0.041506029242608
CELF4	1532	1	146.330591852815	0.0236069799037587	reg2611	0.0379188227447005
SIGLEC15	1091	0	145.649254137526	0.0236069799037587	reg2620	0.0166032563938705
IER3IP1	249	0	145.649254137526	0.0236069799037587	reg2620	0.0431273767013447
SERPINB3	1173	0	174.352000386164	0.0236069799037587	reg2638	0.0365163297810409
SALL3	3906	0	290.16000754293	0.0236069799037587	reg2653	0.0323233218498563
THEG	1339	0	197.921573825692	0.0236069799037587	reg2656	0.024739618875874
PTBP1	1852	1	197.921573825692	0.0236069799037587	reg2656	0.0445191794543681
PLIN5	1686	0	149.517493275038	0.0236069799037587	reg2659	0.00425654936706563
NRTN	594	0	164.573227987525	0.0236069799037587	reg2660	0.00732369695212192
MYO1F	3327	2	148.657808473647	0.0236069799037587	reg2664	0.00793676269213387
OR7G1	1022	0	148.657808473647	0.0236069799037587	reg2664	0.0234216997182643
OR7G3	939	0	148.657808473647	0.0236069799037587	reg2664	0.0200239063230198
ZNF177	2511	0	148.657808473647	0.0236069799037587	reg2664	0.0209094732768725
OLFM2	1500	0	146.466437073444	0.0236069799037587	reg2665	0.00438106935326856
S1PR2	1062	0	146.466437073444	0.0236069799037587	reg2665	0.0221017934053444
ZNF433	2187	0	165.489618058041	0.0236069799037587	reg2667	0.0161084169767874
LPHN1	4497	2	164.441817100832	0.0236069799037587	reg2669	0.0274396858830737
CALR3	1155	0	139.157182880672	0.0236069799037587	reg2671	9.67490126521313e-05
GDF15	927	0	116.5974532081	0.0236069799037587	reg2673	0.012652612914828
ZNF91	3692	1	228.670768034738	0.0236069799037587	reg2676	0.000407460377237265
COX7A1	240	0	140.436553167613	0.0236069799037587	reg2690	0.048955574703885
PAF1	1750	0	162.224293823707	0.0236069799037587	reg2694	0.00554879787548324
BCKDHA	1831	0	204.994994275321	0.0236069799037587	reg2696	0.0495236321836687
MEGF8	8589	1	150.74294735291	0.0236069799037587	reg2697	0.00867800648680855
ZNF229	2478	0	151.174413065429	0.0236069799037587	reg2700	0.0159310849530691
BLOC1S3	609	0	151.174413065429	0.0236069799037587	reg2700	0.00743571949522688
GYS1	2391	0	167.298926579609	0.0236069799037587	reg2704	0.0194867876004077
TSKS	1842	0	134.73173651199	0.0236069799037587	reg2705	0.000790890803179044
SIGLEC10	2102	1	192.167715932127	0.0236069799037587	reg2706	0.000566941170891038
ZNF534	2336	3	125.37096533581	0.0236069799037587	reg2707	0.0250070002561542
GALP	351	0	217.794383836988	0.0236069799037587	reg2711	0.00518183149805624
ZSCAN5A	1524	0	217.794383836988	0.0236069799037587	reg2711	0.00132589610491431
ZNF586	1583	1	109.194161136856	0.0236069799037587	reg2713	0.044617792729767
ZNF587B	2042	0	109.194161136856	0.0236069799037587	reg2713	0.001061996155287
OSR1	801	0	137.524799121651	0.0236069799037587	reg269	0.0193802948888545
TDRD15	5805	0	105.165888416261	0.0236069799037587	reg270	0.00730332033884456
ITSN2	5222	1	121.183088876769	0.0236069799037587	reg274	0.00363715205359397
EFR3B	2499	0	127.937725568967	0.0236069799037587	reg275	0.0141904768834605
SLC3A1	2391	1	118.918512675822	0.0236069799037587	reg294	0.0121407369644908
USP34	10645	0	115.639008744	0.0236069799037587	reg311	0.0276078873793085
SPRED2	1420	0	133.719922736992	0.0236069799037587	reg315	0.03905969145963
PROKR1	1182	0	128.297334192359	0.0236069799037587	reg318	0.0027969058068683
DNAH6	12540	4	181.51202377586	0.0236069799037587	reg334	0.0147005016706245
UNC50	854	0	128.330303058246	0.0236069799037587	reg349	0.0134964919374125
C2orf49	813	0	181.425471713313	0.0236069799037587	reg355	0.0169323321811246
POLR1B	3526	0	155.522610330441	0.0236069799037587	reg363	0.0376981502976149
NT5DC4	1287	0	155.522610330441	0.0236069799037587	reg363	0.0294657687173475
TUBA3E	1353	0	236.863997125877	0.0236069799037587	reg380	0.0340004094906222
ARHGEF4	4997	1	211.138793733508	0.0236069799037587	reg381	0.0116246202350377
XIRP2	12295	1	181.83633263843	0.0236069799037587	reg417	0.0336973330457407
TTN	114431	12	128.234168683595	0.0236069799037587	reg429	0.00814392453931313
TFPI	1043	1	161.720326595589	0.0236069799037587	reg438	0.0314379106896035
TMEFF2	1227	0	129.160754748836	0.0236069799037587	reg442	0.0352712572622211
SPATS2L	1951	0	115.829305039888	0.0236069799037587	reg451	0.00924355298702681
CASP8	1713	0	128.511825754886	0.0236069799037587	reg452	0.0437114420386941
ALS2CR12	1338	0	128.511825754886	0.0236069799037587	reg452	0.00239510010976041
NBEAL1	8115	0	147.335746748218	0.0236069799037587	reg453	0.0182271392288344
WDFY1	1233	0	128.557724590284	0.0236069799037587	reg474	0.0248966435478505
NYAP2	1966	0	139.706701765996	0.0236069799037587	reg476	0.00998982080963351
IRS1	3729	1	106.166214372793	0.0236069799037587	reg477	0.0432018781658314
PTMA	779	0	162.352696158181	0.0236069799037587	reg482	0.00931067411306744
UGT1A10	1624	0	157.652134309097	0.0236069799037587	reg485	0.0459031099410484
LRRFIP1	3527	0	143.750623385213	0.0236069799037587	reg488	0.0337650939514873
NSFL1C	1125	0	129.174520365637	0.0236069799037587	reg2715	0.0203113002903482
CENPB	1800	0	127.111971429373	0.0236069799037587	reg2717	0.0369128093791703
RIN2	2835	0	110.461671711412	0.0236069799037587	reg2733	0.0155522356732273
RALGAPA2	5802	3	117.203615296496	0.0236069799037587	reg2734	2.84130940168528e-05
REM1	897	1	144.618343727505	0.0236069799037587	reg2744	0.0202417186239164
WFDC3	707	0	158.902470974213	0.0236069799037587	reg2758	0.0121439547207095
CTCFL	2691	0	132.894358788749	0.0236069799037587	reg2770	0.0481490630155868
CCT8	1650	1	117.488614248289	0.0236069799037587	reg2807	0.0401783735220954
C21orf119	186	0	138.373039105109	0.0236069799037587	reg2810	0.0349243436238829
DOPEY2	6897	1	127.893173504309	0.0236069799037587	reg2814	0.0474074377148275
DNMT3L	1317	0	159.39716493923	0.0236069799037587	reg2822	0.00347018550632097
XKR3	1380	1	301.061036017898	0.0236069799037587	reg2842	0.0487899163177201
AIFM3	1910	0	208.865199005542	0.0236069799037587	reg2846	0.0391479434642012
XBP1	1249	0	143.581071864097	0.0236069799037587	reg2854	2.61508824390398e-06
DRG1	1104	0	132.313960776211	0.0236069799037587	reg2856	0.0154376320648312
NCF4	1383	0	134.555888777629	0.0236069799037587	reg2862	0.0290908057827972
CYP2D6	1503	1	159.111550990057	0.0236069799037587	reg2867	0.00228959189420676
IRAK2	1878	0	144.531305073338	0.0236069799037587	reg503	0.0464138034396559
ZCWPW2	1547	0	154.757039528686	0.0236069799037587	reg521	0.0063174417379055
ZNF502	1635	0	119.692842925901	0.0236069799037587	reg537	0.0499990481537988
RNF123	4008	0	150.438753523048	0.0236069799037587	reg542	0.0338594491879782
SUCLG2	1517	0	146.731517861393	0.0236069799037587	reg560	0.0390812266681774
CNTN3	3087	0	170.568801218249	0.0236069799037587	reg567	0.0364459854446449
FRG2C	849	0	203.639703913246	0.0236069799037587	reg569	0.0213869130927587
ATP6V1A	1854	0	123.847918864925	0.0236069799037587	reg606	0.00654113580772273
ARHGAP31	4348	0	130.66241414334	0.0236069799037587	reg612	0.0115379127848068
ABTB1	1437	0	123.740687240005	0.0236069799037587	reg620	0.0372670772017623
COPB2	2811	1	133.150475529713	0.0236069799037587	reg632	0.0254327016351966
RAP2B	552	0	145.069913448184	0.0236069799037587	reg645	0.0100619661577192
GPR149	2196	0	183.683237542758	0.0236069799037587	reg647	0.0328481602354115
PLD1	3259	0	101.93135790866	0.0236069799037587	reg664	0.037471053158265
PIK3CA	3209	0	143.128402257942	0.0236069799037587	reg671	5.31292705598807e-07
TTC14	2573	0	188.836932614665	0.0236069799037587	reg673	0.0307103227325526
EHHADH	2225	0	121.581131221474	0.0236069799037587	reg677	0.00133070512553399
TPRG1	962	0	114.553293823084	0.0236069799037587	reg681	0.00182784668258391
FAM43A	1272	0	120.991280419154	0.0236069799037587	reg686	0.0418364309928748
ZNF141	1541	0	123.523552412232	0.0236069799037587	reg693	0.025165651211808
OTOP1	1839	3	212.386742067806	0.0236069799037587	reg695	3.36187059694556e-06
CCNG2	1163	0	110.512888403427	0.0236069799037587	reg768	0.0189316938231656
ADAD1	1731	1	150.413386856986	0.0236069799037587	reg814	0.0417902875095421
SFRP2	888	0	133.535159744003	0.0236069799037587	reg845	0.0167883393432723
FRG1	777	0	245.753202397656	0.0236069799037587	reg880	0.0170854528020577
AC026740.1	744	1	313.438527981564	0.0236069799037587	reg883	0.0274227425780771
CDH12	2385	1	225.785707617334	0.0236069799037587	reg904	0.0395636905256862
TTC23L	1086	0	143.99483693026	0.0236069799037587	reg917	0.0276768711346799
SPEF2	6486	1	143.99483693026	0.0236069799037587	reg917	0.00532459199558085
SKP2	1447	0	119.975329327703	0.0236069799037587	reg918	0.0399669023282173
MAP3K1	4539	0	120.769492106115	0.0236069799037587	reg938	8.33979951060482e-08
PIK3R1	2399	1	136.709053404359	0.0236069799037587	reg949	0.00159021352668291
ANKDD1B	1587	0	131.767890754351	0.0236069799037587	reg956	0.0319769450585214
BHMT2	1092	0	132.129881093154	0.0236069799037587	reg960	0.0203232365418352
ACOT12	1676	0	123.459776553389	0.0236069799037587	reg962	0.0388809591673244
CHD1	5133	0	173.670498501071	0.0236069799037587	reg980	0.0290673467751735
FAM174A	573	0	218.53098232641	0.0236069799037587	reg982	0.0099827254753243
PGGT1B	1134	0	152.096295762769	0.0236069799037587	reg996	0.0301496205248285
MEGF10	3434	0	147.99411931623	0.0236069799037587	reg1008	0.00114883845989102
C5orf24	608	0	128.090055664856	0.0236069799037587	reg1015	0.00774510592581731
PCDHGA4	2796	0	189.10111465264	0.0236069799037587	reg1022	0.0216987254547681
PCDHGB2	2796	0	189.10111465264	0.0236069799037587	reg1022	0.0216987254547681
GRXCR2	747	0	117.959717065384	0.0236069799037587	reg1027	0.00894899594619587
DPYSL3	2094	1	135.867422595988	0.0236069799037587	reg1028	0.0109699418047143
SPINK5	3297	0	128.027370237359	0.0236069799037587	reg1029	0.0332545696632482
CSNK1A1	1143	0	99.7707423026549	0.0236069799037587	reg1030	0.0202790638747548
CAMK2A	1470	0	116.694861811044	0.0236069799037587	reg1031	0.0442548950227621
NMUR2	1248	0	153.179297290882	0.0236069799037587	reg1033	0.0302323592031964
MYLIP	1338	0	107.794491545868	0.0236069799037587	reg1078	0.0275407443224571
HIST1H2BD	381	0	216.414023620093	0.0236069799037587	reg1088	0.00450919745052669
ZNF165	1458	0	140.757402917062	0.0236069799037587	reg1090	0.0106355881626167
TUBB	1338	0	163.322811723724	0.0236069799037587	reg1092	0.0433867202481301
AIF1	511	0	149.349270043431	0.0236069799037587	reg1093	0.00494270154660991
SKIV2L	3753	0	149.349270043431	0.0236069799037587	reg1093	0.0414934127025415
C6orf222	1959	0	107.506130580719	0.0236069799037587	reg1098	0.0498862367700945
PI16	1392	0	107.506130580719	0.0236069799037587	reg1098	0.0269612464582111
NFKBIE	1503	0	124.054570243716	0.0236069799037587	reg1106	0.0260836559339934
PTP4A1	657	0	164.764773362005	0.0236069799037587	reg1126	0.0108561632500866
GABRR1	1440	0	152.975869035	0.0236069799037587	reg1151	0.00481306023020094
PLN	159	0	179.228452512605	0.0236069799037587	reg1180	0.0426028633252724
LAMA2	9369	0	150.984544035452	0.0236069799037587	reg1191	0.0214719181381814
STX7	813	0	140.933070782106	0.0236069799037587	reg1194	0.017302103902204
TAAR2	1056	0	140.933070782106	0.0236069799037587	reg1194	0.0280578815707748
PHACTR2	2176	0	114.957289813905	0.0236069799037587	reg1206	0.00921883171554074
MLLT4	5843	1	173.317510275713	0.0236069799037587	reg1231	0.00892761667157741
SNX8	1450	0	181.832734064848	0.0236069799037587	reg1235	0.0347702031246247
SDK1	6662	5	112.870771919367	0.0236069799037587	reg1236	0.0374387607357776
PDE1C	2452	2	207.309898387298	0.0236069799037587	reg1265	0.00603761414376509
VPS41	2651	0	159.822613872536	0.0236069799037587	reg1271	0.0378439487717857
GBAS	861	0	177.149004878228	0.0236069799037587	reg1288	0.0167532058282955
ZNF716	1488	2	177.149004878228	0.0236069799037587	reg1288	0.00506526653108281
CALN1	786	0	198.503596508901	0.0236069799037587	reg1304	0.0348942505981925
AKAP9	12065	0	156.592835118936	0.0236069799037587	reg1324	0.0220547440897043
GJC3	840	0	153.44958753228	0.0236069799037587	reg1332	0.0191730638606621
CNPY4	747	0	153.44958753228	0.0236069799037587	reg1332	0.000962174140568388
NDUFB2	658	0	164.730594855149	0.0236069799037587	reg1373	0.0100311130343148
KMT2C	14922	4	147.432543655368	0.0236069799037587	reg1384	0.00202776366139809
BIN3	901	0	114.809987949065	0.0236069799037587	reg1414	0.0145455638317028
ADAM32	2616	0	193.69123557654	0.0236069799037587	reg1431	0.0366792154829745
OPRK1	1143	0	155.683079395429	0.0236069799037587	reg1446	0.0304752949643525
PREX2	4821	1	168.094971747045	0.0236069799037587	reg1460	0.00799412675177172
PI15	777	0	158.744468273194	0.0236069799037587	reg1467	0.018351574044081
ZFPM2	3456	1	181.869908904951	0.0236069799037587	reg1498	0.0121285681508692
TRPS1	3977	0	151.482113976315	0.0236069799037587	reg1508	0.00592520760011619
TG	8396	1	150.136558285791	0.0236069799037587	reg1526	0.00228456226630613
SHARPIN	1164	0	213.709856041327	0.0236069799037587	reg1536	0.00282466465130734
AL158147.2	141	0	141.577619057646	0.0236069799037587	reg1543	0.0246473585651443
IL33	813	1	145.683957349983	0.0236069799037587	reg1544	0.0130834661672082
MPDZ	6255	0	133.013620332926	0.0236069799037587	reg1551	0.0437974482266113
CCDC171	4122	0	159.955627462195	0.0236069799037587	reg1553	0.0108972392812316
CNTFR	1119	0	136.901896476519	0.0236069799037587	reg1572	0.0231800380024583
OR2S2	960	0	115.188708807294	0.0236069799037587	reg1573	0.0165998514084791
PIP5K1B	1627	0	153.004076523915	0.0236069799037587	reg1609	0.0474676824275116
C9orf135	769	0	153.004076523915	0.0236069799037587	reg1609	0.0119697329728339
GDA	1538	0	137.074539926433	0.0236069799037587	reg1612	0.00565505837156937
PRUNE2	9547	0	137.881092385052	0.0236069799037587	reg1618	0.00404157751571766
VPS13A	9690	1	137.881092385052	0.0236069799037587	reg1618	0.0490842748330858
MSANTD3-TMEFF1	1033	0	179.649831972726	0.0236069799037587	reg1641	0.0259063127026769
TMEFF1	1222	0	179.649831972726	0.0236069799037587	reg1641	0.0351815794924309
MRRF	909	0	107.535275807146	0.0236069799037587	reg1663	0.0133050547489898
ANGPTL2	1482	0	116.447360215925	0.0236069799037587	reg1667	0.0366169186975016
RPL12	498	0	108.339663632877	0.0236069799037587	reg1668	0.00452859920025833
SPTAN1	7467	0	150.789796620828	0.0236069799037587	reg1669	0.00100482253864353
GRIN1	3090	1	205.604313549937	0.0236069799037587	reg1678	0.00189498813516446
ASB9	1040	0	100.774871286301	0.0236069799037587	reg2891	0.0296479846419614
PCYT1B	1206	0	98.9430652911317	0.0236069799037587	reg2900	0.0299248681929351
MAGEB4	1041	0	137.840399868545	0.0236069799037587	reg2906	0.0413297116765734
CACNA1F	6109	0	108.677148306472	0.0236069799037587	reg2924	0.0252570030492406
AKAP4	2565	0	108.677148306472	0.0236069799037587	reg2924	0.0315931077785475
RIBC1	1179	0	129.4670686313	0.0236069799037587	reg2929	0.00392235796998017
CYLC1	1956	0	135.389967379008	0.0236069799037587	reg2958	0.00362638981162283
ATG4A	1197	0	106.483170085407	0.0236069799037587	reg2983	0.0375227332686118
SLC25A5	897	0	119.414454235754	0.0236069799037587	reg2994	0.0223207272183619
ZNF75D	1533	0	105.094583454004	0.0236069799037587	reg3010	0.0417078933003651
PRRG3	970	0	121.096537657616	0.0236069799037587	reg3026	0.00398954405717155
ATP2B3	3828	1	72.5987009351502	0.0236069799037587	reg3029	0.0328263169671029
IDH3G	1372	0	72.5987009351502	0.0236069799037587	reg3029	0.025728549597804
FUNDC2	570	1	110.77334667748	0.0236069799037587	reg3030	0.00950550073892839
