22041
25414
24465
39822
29171
28742
27586
27180
31773
27468
22867
30000
28688
37042
26643
31436
31619
28908
28980
27465
37256
31139
29964
29917
31266
36196
31304
26275
33480
32871
29122
35474
31087
27696
37259
32094
33067
32970
37563
43493
46400
38314
29917
32116
30850
35645
37044
35962
34807
39092
38660
38869
42902
34610
35856
38459
41280
36641
40247
45324
40324
47230
46549
45864
46178
37856
41001
42477
45105
45369
47118
41190
43935
40934
43108
45799
38123
44747
41013
38139
40648
45859
35327
36298
40512
42216
47410
43547
42345
37447
47119
48261
48361
44587
38885
26759
36122
33035
37682
39356
40238
34891
35191
40189
41337
36570
38983
31376
32102
35702
31716
35253
35227
40696
38936
33705
31993
33038
40132
39730
36935
36068
34811
35725
45528
41701
40571
38195
44567
35855
33734
38232
39818
37073
36355
37835
31565
36763
35445
38334
39209
42768
42298
45981
46851
49250
50363
47695
40351
46995
48958
47064
48762
40933
50004
38257
25587
30365
29947
25927
37421
32086
36903
31921
42354
37266
32345
38371
39533
47405
43364
41001
44128
40978
37999
41177
39974
33618
38924
24212
35360
30005
35637
36516
36173
41991
38448
42432
39681
44698
35674
34011
42446
40001
28724
33302
37797
39239
34395
36307
34680
29136
31175
34140
43995
45070
40992
41868
33521
38125
35505
44083
34252
41053
35021
33250
29749
33117
31627
34757
37227
40580
35457
39543
45054
41380
42878
39197
43391
39707
44757
36286
35425
39492
37528
31144
31160
39009
46591
45594
45673
47325
37702
45256
36608
46158
45350
41686
39105
46191
36007
46629
40750
35199
37777
40249
42225
39388
37108
29179
42761
32065
32869
37209
40138
49571
49192
39361
35887
44884
45519
45661
43231
30965
37566
32844
31755
37170
40415
39687
35595
33073
38818
47248
38126
34041
36952
42302
32780
35805
36939
32890
34414
40217
40225
32445
36177
22982
35846
43436
44932
39269
42912
36524
37657
28338
36655
31908
39387
37444
42320
33388
39548
41102
44448
51018
47979
46238
42562
45456
48119
39613
43602
42687
37687
39591
42880
43234
44328
39266
45441
41509
45931
44879
46648
44937
44365
42459
40004
42857
39614
41103
33333
40298
44357
41820
37488
41735
39903
46721
43492
42323
47710
40922
46310
47176
45247
47684
46141
44199
40995
38368
46255
49952
47665
46626
44875
39866
45433
41063
40642
40880
40738
38742
37025
38690
37629
40710
40951
44983
40396
49192
47944
41021
43942
42179
29987
30808
30305
25916
38090
42458
39659
39272
39630
43021
42127
37862
40805
34095
30447
27368
32149
29097
29016
30478
20940
27223
43536
39395
40045
38903
32701
41125
40080
37666
31421
26581
32485
34124
23118
24964
39367
36312
43389
40666
44362
39130
44849
46576
38783
38624
38756
44099
39822
41120
41468
40678
35655
43332
35670
43973
40963
34085
29991
36974
34705
45435
32100
37349
35008
30682
32526
38488
34563
28604
22400
32657
29145
32580
30344
38801
43256
42433
31968
35755
43530
37085
37125
39260
40012
43877
41214
39508
39602
38959
43528
34468
43418
43682
42702
46604
48559
44331
49510
49696
45863
44873
46099
45260
46102
44658
48099
42179
43899
41223
41421
41820
42310
47285
50173
46126
47887
39471
44676
41160
44242
40483
40013
40228
47336
39970
46671
42559
45696
42829
37775
42333
37436
33143
36083
40555
23185
31221
28698
32022
39396
40590
37738
37049
27927
40924
41275
40381
35734
30951
35349
40441
40592
40396
42608
47568
44760
44763
46980
40649
38191
41890
42104
45137
45810
41580
38583
40865
35836
37687
40807
46583
49871
46765
47164
46909
46889
43974
44602
37367
40854
38552
41330
43482
44698
48375
40624
44550
40014
43717
40235
42422
36340
30441
37369
33146
36138
35034
43274
43058
44856
42638
36883
34279
27883
20293
30191
28952
25843
21390
30412
38128
38943
39256
38856
39564
40471
41010
43154
42660
41353
40962
38944
35152
35331
45904
47392
43690
47596
48611
47017
45819
37191
36093
44251
38882
40264
44705
45100
44333
46387
43505
40481
42085
37707
38657
37342
47685
46151
41826
45042
46088
48449
48320
44002
43594
39242
47933
42734
38989
35975
44945
42704
43303
44080
39742
47156
37687
43647
41294
42980
42166
41500
42534
43905
44420
38409
42952
45633
49103
43140
38905
41724
44483
46478
44096
47470
42042
44758
45428
42273
40825
40114
47525
42160
45242
43712
47744
47815
48697
41020
43044
45843
43079
37660
39721
44722
46107
49260
47030
39074
40811
46144
45776
49616
45409
49918
47610
47282
47075
44012
38400
40378
40602
49401
39721
46736
39572
42878
39814
41769
47857
51456
37036
40587
33789
41408
47098
44790
40710
37072
44139
49754
46136
48405
38844
47741
45146
44473
42832
42296
46581
42415
39915
44937
47654
45535
42951
49074
45901
41463
39303
39361
34822
36485
38427
36121
42150
38679
20166
30009
31691
39486
32977
32771
35227
41130
40803
34089
40947
46089
45353
33338
37372
40990
45432
49755
48483
46625
45879
45600
46377
47369
49095
46369
47975
46245
38607
37925
41236
40721
40877
38836
37048
43747
44508
41573
41265
38101
43441
43389
47057
41080
43025
42749
37174
37314
40563
44353
45131
37874
35872
40558
44800
46815
35808
36502
41715
39455
44037
41247
36064
36266
45374
36223
38858
43544
42343
42332
38144
42411
46379
47172
47165
40458
46243
44587
47408
40568
45663
46074
38368
37120
44006
48753
47404
40363
44692
50779
46581
48024
41773
40853
41622
43361
39153
38049
45036
37730
39935
45050
42722
38240
46079
41989
38771
42471
44510
37479
41260
42431
44329
49271
36907
33362
33962
31100
37271
41915
31201
36282
29399
33296
38945
42673
41228
39020
40678
36219
24801
33241
32384
41182
35259
33760
40163
36480
39578
35816
41056
43764
45687
40584
43817
40770
39678
34493
34222
29549
32506
36187
27543
31692
33378
25667
28844
31096
30290
36287
39514
31194
34968
31250
35537
34202
39142
44975
39181
36544
39264
38560
35569
34641
38744
41069
36977
45003
36988
35496
39207
43907
42883
39354
40335
41866
40394
37916
32385
28241
35504
26230
33086
34179
31719
29714
39747
33087
27165
31215
33258
26520
31353
43103
39136
40458
45688
46267
45182
40725
37025
38727
42749
47359
46931
38096
45196
41757
51130
47252
47693
46544
44030
46901
39511
40219
42047
36197
46507
41632
43023
42729
49138
41496
43196
48379
44730
41925
43455
36782
40865
41365
45360
40635
36693
44035
48229
46143
46167
42503
43021
44658
41603
44529
45264
48831
48760
45162
41289
41035
38139
37080
39901
42449
38034
46388
42128
45365
43785
42736
44122
43948
44143
49191
44163
45257
42033
40022
38599
45861
49752
43203
40812
42851
42369
41447
43557
43158
40134
38583
41836
45540
44772
40232
34744
40670
40528
43307
36025
39432
35537
40360
44147
44075
35280
43387
31684
32585
33286
34929
42804
38989
35433
44613
35650
34835
19364
26075
33679
27929
32112
33147
37515
38833
45293
50074
43383
45009
46194
47469
48845
45766
46816
39958
43646
45079
39179
41113
39645
38533
37702
40756
37360
37450
38127
30720
35252
43507
34428
39488
42113
33443
39044
44783
37832
35372
37709
42103
30055
40284
36069
35821
43347
34713
42719
44567
41206
36984
37292
36160
30645
32977
32669
30695
37512
37576
26503
32871
37245
38992
46895
43984
47991
47761
46563
48757
49456
45906
41784
42251
45306
38068
43124
42420
43330
41845
41560
40158
39779
32234
31683
26994
38779
43607
40845
36472
41011
43202
41125
44342
47749
45264
41055
44282
41286
48223
38878
42603
45561
47166
44536
42477
45525
42924
46398
46713
46612
32494
31885
36315
29725
36583
35355
36607
38057
43302
44769
39705
37765
33508
40686
42485
40418
35836
33422
29785
35183
34688
33587
24773
37611
23546
31238
25608
36978
41318
44159
42156
34121
38342
35815
30551
31700
42896
49291
41922
46086
40581
44393
40299
30143
27858
32794
43848
36412
36074
31886
35489
37547
39015
37086
37647
41728
39526
40620
33671
33552
42531
39908
34073
34491
32238
44348
43173
45054
40807
42025
37881
39509
38250
42892
46353
38102
40661
41397
39057
45242
42778
39989
40313
40501
40888
39814
44923
39896
45750
47363
45332
45465
39818
43387
47225
45253
42676
40372
42897
47195
48285
41292
42587
43465
40162
39799
35346
35710
36638
42755
41168
36740
40592
37475
39950
42263
41453
43020
45391
42466
45587
45826
51453
47519
49184
47189
45029
42277
39959
42372
39553
41407
39428
35100
36247
32867
39250
35451
35708
41621
35635
39424
34937
28834
35929
30617
39653
39944
33756
29688
41202
17778
19981
36253
39136
45227
42925
38944
35812
43405
48074
47729
44717
45883
44497
46655
42518
40844
34467
38081
39732
43140
42138
40250
48451
40201
46785
47519
39433
47081
47992
45485
45666
42345
31635
30700
33551
35958
33077
35035
42164
43330
41018
47508
42136
41983
38312
40112
45030
38867
40939
41644
33839
42862
37483
33346
34704
38659
39054
31474
28252
34128
36281
43106
32538
29977
40357
36905
39423
46868
46389
42838
33386
38773
33914
42296
33300
45108
43733
36869
25823
30700
39095
36129
38617
40174
35468
39237
28579
38545
36062
38079
33986
26494
26121
25503
27583
28917
31331
22397
24151
20793
29565
39809
33247
39318
36847
32678
38456
38208
45179
40448
35132
32367
36949
37771
37634
41717
39575
40946
43197
39798
37638
36464
39080
44509
43436
36543
37390
39035
37884
39567
44078
37171
39338
31107
32523
36258
33994
42640
39992
40742
47844
50097
49346
46120
47120
38154
42128
43953
42390
41151
41766
42237
46376
48178
47772
38738
30657
23669
25291
41283
39168
36464
28734
38572
32452
23256
33000
35391
41660
39167
41074
35990
41101
34068
38549
42225
39137
40569
41766
38537
36836
35845
37841
36160
28396
43625
38606
28946
35017
32675
30964
29778
40946
42163
45243
43494
38083
32612
39449
34370
35308
36238
35693
38641
35570
37407
30758
34492
37003
30104
30781
35119
31554
32933
32986
25713
17016
18588
30264
35954
41185
36900
36043
39882
32413
32288
36695
38678
32343
48745
31496
38448
29274
33604
39391
43700
43213
45772
42783
43284
40106
39532
43427
42525
44955
40067
36989
32664
35304
31672
42685
46104
46740
45830
44466
45068
36800
24595
27286
38036
35584
42186
43207
32160
40118
38165
35417
26434
31973
30927
22296
26639
27607
26825
25073
26423
29294
32486
33818
27791
29564
42170
35917
38329
42846
44007
43056
40937
45362
35548
46744
44064
44700
43572
36226
36814
39280
39740
45772
43509
45232
44071
39996
38903
45261
47685
43083
43627
38765
40263
39434
39362
30254
33080
35257
36004
36994
25384
31814
24523
26249
34812
32345
37595
34084
27339
39120
39211
41638
30664
29685
35288
33645
32512
28147
26635
34699
30896
31042
32812
35421
45416
41322
40971
33083
40666
43831
40837
43387
46788
39291
41460
47422
45020
48470
42979
42471
38538
39896
43950
43288
38220
37330
43775
49567
42575
43431
42330
40118
45081
39719
42918
35874
32135
33290
38115
23342
30724
30059
41404
33832
33327
33051
42732
46744
44595
45136
41286
41502
36389
41747
41304
39269
39105
39070
45459
38748
44619
47940
47157
44737
38912
43261
45194
41991
45568
45797
38134
46171
46400
45396
50083
46358
44356
42024
45573
42088
40827
38003
41136
39519
38128
41624
41687
45407
37184
39233
40154
34171
34935
34998
35076
31641
31613
32397
39454
26286
28700
33380
40711
29591
37231
30125
36545
34643
33198
25715
26311
33921
33888
31361
32608
25803
39834
41669
35404
42120
36279
38533
35253
36418
37875
33311
38859
33101
38457
38272
40982
41776
42377
39897
47849
41482
38684
42413
40939
38462
38932
40832
39028
38543
44891
39096
41443
37902
39917
34224
44086
46187
48853
47057
45428
47597
38672
46293
49311
46936
45752
46400
48294
45984
49928
49034
48306
48402
43331
42426
45317
41686
46674
39645
44591
38135
43217
49129
48276
46491
47120
48664
46156
46720
45787
46314
40773
44119
39763
42304
39018
36247
36471
36937
32813
35667
45481
37887
41738
44554
44745
38600
44429
37764
30853
28495
42706
38548
39283
33193
28863
39613
43260
44621
47319
44666
45270
46214
38252
42114
39808
44307
41921
40582
43991
40048
46705
43134
49920
50081
42004
39623
48478
45630
48846
43219
37128
40409
40843
41687
38557
34545
39937
41980
37340
41578
34090
34735
48329
40455
32115
36461
39704
34496
30750
33331
36576
33121
36535
33081
33947
30152
30248
31455
36237
41753
48757
39433
44703
43605
41205
42212
39459
40088
37107
37261
32346
28890
31381
32799
29126
35214
33790
25527
25939
32070
28614
25168
18099
26479
32908
35776
36480
35399
39982
38723
33834
36671
38901
40801
44783
43854
44778
40237
40454
33243
34423
32673
41151
40517
34839
37723
43300
42336
42707
47242
38655
41688
38540
40945
46789
45740
37110
39411
38964
42181
38435
39988
33836
39265
34495
33004
33112
31627
30346
28858
33873
38726
32933
24968
30571
39516
40700
28726
30087
34683
33702
37578
32546
40743
34808
30078
31990
32342
32880
33624
38030
40101
41378
39405
39312
34724
35397
31715
18805
20351
31515
28321
25659
33385
33264
31897
33927
31005
29279
34422
36095
33457
25734
33467
38928
32182
33674
36217
33054
33846
34424
32739
36846
29592
30464
29875
29279
32008
33730
30607
28331
35220
40216
37646
34546
33008
33151
25933
33338
39731
44473
44949
41125
45059
41956
36846
34176
25903
28923
34724
31246
41372
40849
39335
41612
36421
41588
37729
31953
32860
41046
28444
32869
32452
28405
19704
24958
28469
22538
28211
32964
32327
30142
31431
32794
26941
32274
34489
33394
33942
34129
40844
36257
35842
34935
25981
30053
33273
32384
31732
38211
32484
36089
29156
35553
31687
31831
29779
31451
31432
31132
26467
37216
33292
35844
31752
24193
37074
42418
44914
36980
34978
35730
41221
37891
40768
38751
33539
38635
35632
39528
34202
43015
42412
44560
33686
28254
24774
29062
28652
27790
23360
24264
3626
41417
39367
46088
41358
40744
35166
34462
38053
34685
39342
38043
31575
36827
37379
39102
38476
37740
42755
38853
44838
45333
47108
46126
43158
45408
47061
40333
39141
31295
33744
45127
43995
45659
41083
43910
45681
35042
34079
35515
33858
34574
37086
42728
42353
38567
36356
33255
38554
45806
41045
35140
38360
44950
48154
46895
46368
45866
47666
37916
47105
44613
41445
37173
33202
30493
30774
31607
33107
34036
36958
37078
42476
38926
39189
36796
40711
39653
43625
38412
38214
40009
35705
34152
31546
38293
34364
35922
28787
30033
33011
27966
26952
29977
36850
32360
25946
27688
38000
32621
33505
35681
30712
31202
26953
32995
28707
31609
29112
29259
37491
35962
37483
37848
40105
29412
29760
29252
28743
20520
18935
24731
21777
22967
25716
30263
34618
27506
27637
34786
27468
27691
30982
30229
26243
22779
27454
39897
36946
26429
31205
37403
30953
30857
31386
32152
26224
33802
27338
25971
30455
26142
27751
26446
29577
25232
24963
24483
34860
36825
26359
25233
30591
31900
31325
37173
28946
27445
33559
26450
25715
27928
30282
25934
40929
34248
28916
28953
30920
32401
33236
30176
35479
22226
27161
24940
35005
32562
27762
27261
27232
26512
24526
23891
28225
22569
42398
45075
40557
41382
45747
45770
45922
46244
48589
46139
47484
41483
45041
39089
42063
43019
34751
38393
33624
35906
35411
36027
35678
36263
35832
22848
24417
34721
40489
43239
38847
41174
33871
40368
37529
38381
39157
41037
38592
31671
37227
39817
39225
42881
41714
43198
35767
35293
42800
45435
41386
41062
39264
43320
46975
45149
44242
42216
38827
37832
29576
34139
39890
39328
38820
40352
36291
39385
32913
32348
37639
37480
38562
34780
40993
39266
37352
34896
42348
44323
26456
39287
36353
35233
39499
41999
39357
37790
39478
44860
42626
43003
44256
46815
41342
42377
46456
48259
43069
47998
47007
42336
47664
43082
48303
46745
38729
41314
44332
45751
36714
38100
35054
33587
37837
40715
37888
36099
37702
39336
37284
39424
43996
41014
36559
37710
46325
44375
38678
43314
49240
47440
39174
35686
37842
40467
41584
40657
33450
37219
37802
42741
44778
37070
40816
39594
42939
44712
41849
45892
36590
32881
40101
26817
40332
