10351
11665
11308
15493
12167
11429
12014
11709
13140
12186
11579
13718
12846
14233
11750
12691
12667
12373
12027
11637
13471
13482
12111
12444
14100
14094
12472
12400
13137
13118
12553
14809
12853
11778
14217
12578
14017
14288
15119
16408
16443
14309
12242
13793
13034
14734
15025
15095
14343
15174
14915
13912
15288
13657
13752
14272
15054
14634
14813
15558
14848
16043
16104
15991
16519
14481
15237
15465
15737
15231
16289
14263
15916
15351
15994
16650
14475
16140
15454
14468
14976
15676
14510
14158
14512
15273
16080
15603
14655
14461
16200
15677
15924
15762
14243
11964
14480
14018
14126
14918
15015
13957
14228
15279
15637
14632
13672
12351
13637
14362
12920
13035
14542
15324
15274
14172
13228
13281
14963
14826
14789
14453
13657
13652
16666
15172
14874
14395
16261
13003
14120
14693
15913
13597
13484
14180
13813
14501
13953
14420
14250
14983
14886
15294
15448
16151
16490
16243
14218
15932
16256
15902
16984
14373
16980
14098
11634
12718
12482
12081
14343
13275
14973
12880
16031
14478
13009
14872
14616
16796
15750
14849
16019
15150
14419
15591
14752
13649
15063
10932
14209
12900
14173
14769
14455
14814
14023
15497
14955
16390
14167
13417
16535
15072
13489
14477
14329
14908
13680
15256
14127
12277
13184
14019
15317
16111
15944
15255
13453
15372
14685
15623
14234
14492
13935
12706
12325
13051
12869
14196
15582
13881
13471
14651
15703
15570
15392
14758
15333
14905
16311
13856
14294
14466
15126
13152
12561
14146
16594
15813
15582
17081
14100
15836
14137
16071
15599
15226
15402
15716
13406
16465
15150
13869
14235
15327
15731
15249
14252
12345
15981
13520
12971
14423
14435
16775
16486
14520
13942
15791
15618
15906
15996
12388
14782
13720
13337
14753
15243
15694
14556
13318
14637
15898
14582
14066
14637
15407
12965
14241
14626
13074
13738
14385
15686
13569
13905
10942
14372
15675
15990
14406
15765
14559
14286
11905
14522
13015
15534
14545
15439
13474
14873
14741
15205
16921
16097
16348
14991
15500
16964
14771
15854
15587
14182
14303
14622
15479
16263
15250
16206
15924
15919
15807
16091
15333
15418
15527
15054
15202
14827
14390
13205
15233
16024
15886
14555
15343
15343
17093
15309
15105
16605
14840
15795
15879
16003
16014
15513
15434
15502
14444
15637
15989
15939
16452
16322
14804
16000
15637
15193
15788
13934
13776
14006
14425
14183
15208
15096
15748
14785
16582
16703
14283
15555
15388
12900
13776
12656
11537
14361
15775
14826
15137
15019
15368
16037
13958
14947
13593
12366
11494
13783
11986
12551
13157
10670
12348
15779
14664
15912
15523
13184
15085
15115
15633
12909
12118
13203
13245
11756
11760
15184
14736
16236
15202
15979
13860
16094
16864
14283
14638
14754
16036
14537
14633
15410
15854
13726
15542
14091
15460
15885
13474
12637
14172
14362
16915
13349
15026
13628
13001
13789
14269
13192
11676
10238
12989
12822
12929
12854
15811
16498
15185
13414
14664
17095
14396
14691
15078
16172
17417
15847
15267
15199
14442
17156
14805
16097
15366
14731
16629
16709
15281
16448
16673
14983
15599
15941
15521
15637
15649
16219
15077
16211
15441
15460
15467
15071
15684
16581
16060
17235
15052
16001
14709
15867
15069
15203
14989
16723
14641
16600
15740
16996
16094
14761
15115
14335
14061
14325
15645
11374
13267
12128
13284
14515
15698
14435
14872
12017
15831
14924
15718
13583
13103
14478
14807
14720
15428
14851
16207
15685
15457
16489
15113
14539
15168
14799
16057
16007
15328
14790
15616
13507
14903
14657
15750
16446
15443
15530
15824
16768
15324
16263
14087
15277
14292
14276
15007
15150
17067
14732
16243
14630
15690
14036
15354
14085
12641
14234
13659
14523
13756
15355
15202
15467
15884
14674
13761
11697
9877
13633
13305
12417
10762
13784
14923
15318
15470
15463
15687
15409
15202
15453
15449
15744
15300
15838
13518
13696
15720
16137
15026
15830
15995
15778
16178
14663
14263
15038
14991
15313
15710
15821
15307
16297
15992
15962
16178
15012
14150
14347
16244
15767
14159
15571
15336
16226
16215
15748
15572
14753
16954
16093
14759
13601
15827
15271
16467
16030
14576
16751
13850
15554
15318
15723
15308
14343
14471
14804
15514
13463
15468
15770
17079
15667
14673
15356
15428
16916
15712
16721
15112
15859
16766
15547
15158
14371
16255
14787
15786
15071
15646
16015
16405
14868
15346
16488
15784
13833
14497
15555
15532
16591
16437
14220
14593
15754
15062
16728
15260
16460
15641
15909
16018
15890
14345
15248
15165
17176
14860
16711
15091
15840
14885
15389
16669
17026
14443
15290
12946
15128
16254
15237
14946
13341
15261
16054
16205
16457
14165
16095
15636
15762
15600
14899
15735
14842
14628
15576
15905
15890
15111
16385
15874
14381
14420
14310
13271
15005
14433
14923
15182
13855
11252
13307
13419
15295
13794
14075
13845
15779
16328
14362
16036
15686
16832
13482
14557
16024
15336
16465
16460
16056
15648
15547
15515
15864
15989
15381
15887
15810
14521
14447
15886
15725
15273
14206
14608
15828
16184
15337
15429
14443
15667
15308
15895
14964
16510
15778
14558
14159
15105
16349
16983
14312
14045
15182
16082
16168
13491
13590
15930
14268
15344
14352
14072
14307
16413
14102
14569
16102
15309
15128
14170
15237
15865
15557
15797
14395
16219
15455
16389
14490
16257
16640
14509
13711
15684
16606
16621
14616
15209
16542
16440
16975
14925
14578
15323
16680
14813
14401
16942
14463
14200
16130
15349
13656
15827
15201
14180
15481
16327
14094
15341
14872
15640
17246
14896
13912
13849
12998
15646
15140
12625
13919
12238
13574
14878
15797
15214
15235
15072
14915
11463
13822
13430
15647
14516
13431
15374
14113
15437
14157
15681
15299
16504
14556
15039
14167
14076
13697
14463
13404
12957
14461
11676
13271
13946
11488
12470
12909
12474
15113
15661
13686
14076
13147
14826
13478
14438
16398
14612
14582
14737
14795
14703
13678
15253
15078
13749
16633
14059
13282
14211
16101
15666
14744
15373
15165
15088
14948
13378
12152
13707
11664
12872
13535
13060
12345
15059
14080
13458
13239
13113
11513
13445
16363
15323
14878
15944
16464
15761
15386
14542
14702
15204
16345
17008
13984
15485
14882
17287
16274
16141
15521
14686
16689
14719
14588
15149
13226
16751
14614
15102
15322
17587
15368
15352
17191
16493
15368
16378
14421
15436
14975
16573
15608
13862
15216
16654
15763
15561
15135
14789
16425
15059
15581
15324
16121
17423
16681
15783
14774
14089
14266
15654
15141
14916
16308
15106
15893
15712
15739
16403
15938
15361
16821
15111
15715
14628
15347
14075
16450
17319
15267
15197
16185
15327
15121
15698
15982
15357
14535
14632
15543
16137
14908
13298
14781
15007
15536
13725
14564
13100
15093
15450
16180
13134
16166
12591
13441
14078
14169
16100
14608
13817
16289
14751
14729
10376
11930
13326
12063
12166
12882
14341
14548
15458
17452
15194
15619
15724
16499
16388
16608
16756
14018
15263
16196
14788
15905
14642
14987
14926
14982
14431
14831
14921
12511
13686
16503
13127
15155
15611
13642
15189
16370
14088
13233
14465
16147
12731
15424
15144
13857
15926
14148
14997
15261
14900
14351
13356
13041
11986
13343
12704
12688
14273
13816
10203
12769
14156
14221
16483
15165
16017
16194
15608
16558
16645
16798
15078
14689
15925
14333
15609
15627
15709
14861
15512
15132
15174
12673
12978
10830
14939
16119
15435
14569
15479
16256
14722
15688
17187
16729
15138
15442
14464
16579
14431
15465
15287
15887
15630
15226
16379
15171
15796
15772
17191
13279
12583
13517
12425
15055
13325
14920
14036
15283
16658
14652
14198
13359
14985
14665
14356
13826
13979
13213
14172
13070
13454
11695
14876
11800
14443
11819
14552
16049
16450
15385
13766
14999
13851
13536
13281
15068
17077
15299
16304
15449
17226
15854
13245
11837
13073
15701
13890
13956
13527
13889
14830
14245
13943
14088
15267
14548
14991
13773
13000
14731
14925
14064
13012
13113
15551
15068
16285
15389
16203
14233
14653
14554
15768
16468
14513
14854
15183
14021
16433
16074
14604
14675
15045
15560
15310
16285
14875
15415
16180
15870
16549
15026
15437
15486
15494
14801
14315
15191
16152
17105
15073
15568
15686
15384
14709
13958
14255
14287
15974
15429
14969
15777
14071
14682
14782
14857
15613
16091
15487
15517
15455
16910
15662
16456
16728
16459
15912
15665
15836
14640
15033
15524
13906
14708
13284
14963
14168
14756
15908
14836
15318
14640
13322
15200
13032
14713
14923
15105
13889
16935
10278
10319
14257
15492
16306
16628
14533
13963
16020
16610
16506
15219
15338
16156
17352
15553
15990
13134
14635
14743
15975
15633
14727
17423
14337
16239
16873
15458
16723
16758
15771
16004
16049
12687
12477
13422
13563
13612
13780
15877
15784
14821
16230
14983
15962
14430
14461
15829
14612
15622
15247
13589
15877
14642
13606
13952
15124
15600
12664
12016
13210
14589
15818
13330
13602
15380
13955
14615
16105
15982
15931
12951
15199
13433
16739
13950
16258
15274
13948
11599
13232
15024
14616
14854
15112
15203
15231
12600
15169
14630
14640
13173
11435
11368
10490
11354
12931
13449
11301
11681
9722
12876
15029
13644
14705
14871
13645
15260
14138
15940
14923
14326
12375
14449
15174
14868
15512
14093
14615
16023
14822
14155
13704
14259
15545
15554
14000
14132
15076
14377
15253
16986
13894
14227
12632
13492
14621
14196
15994
14559
14531
16105
16774
16477
15767
16797
13950
16056
16119
15313
15611
15202
14698
15751
16716
16863
13142
12783
11473
11642
14778
14204
12946
12068
15136
14197
11641
13454
13707
14860
14287
15237
13612
16061
13146
14396
15534
15144
15180
15761
13895
14625
13618
14761
14237
12111
16793
15036
12377
13193
12452
12923
12679
15601
15771
16346
16291
15055
13279
15614
13410
14233
14261
13666
15084
14509
14928
12348
14148
15163
13116
13237
14438
13015
13494
13404
12080
9609
9681
12899
14226
15056
14307
15097
14239
14069
13331
14696
14874
13738
17716
13490
14997
12935
13341
14527
15196
14973
15452
15129
15522
15751
14530
15841
16069
16279
14998
13993
13538
14488
13178
14950
15763
16103
16292
16093
16557
14097
11428
12845
14446
13179
14790
15777
13411
15298
14236
14764
11815
13101
12635
10820
11128
11603
11777
11218
12474
12781
13761
13764
11929
12501
15668
14910
15545
15994
15802
15871
15333
16580
14171
16382
15499
15466
16041
14348
14620
15436
15407
15893
14838
15238
16202
15153
14570
15726
16121
15459
15487
14472
15383
15298
15082
12980
13887
14468
14693
15098
12007
12883
11300
11704
13873
12942
14655
13843
12505
14661
15491
16438
13108
12895
14692
14360
12247
12617
11914
13725
13657
12736
12881
13942
15745
15929
15202
13675
14848
16042
14674
14796
16411
13805
15036
16619
16091
17156
15702
15933
14369
14505
16238
16336
14507
13294
15688
17141
15678
15668
15625
14759
16469
14826
16116
14478
12640
12849
14101
11462
12604
12473
15500
12888
13217
13426
15505
15818
15642
15803
16106
14725
13680
15713
15593
15060
14208
14277
16707
14008
15414
16198
16173
16601
14432
15127
15381
15067
15717
16022
13868
15816
15369
15673
16864
16615
16184
14947
15972
15567
15444
14909
15032
14862
14077
15838
15341
16328
14149
14572
15312
13754
13780
14628
14177
14090
12460
12883
14208
11856
13443
13952
15671
12989
14502
13187
13896
13415
13130
11807
12153
13844
13959
14050
14637
12262
14445
15057
13730
15023
14320
14761
13563
13955
14100
12974
15298
13748
14444
14603
14951
14995
15668
14927
16445
15292
15498
15872
14991
14723
15547
14658
14987
14838
16554
14658
14806
14599
15213
13641
15482
15579
16168
15329
15560
16789
14151
15586
15904
15447
15251
15990
16255
15759
16146
16359
15671
16521
15066
15888
16809
15147
16778
14861
16185
14374
14955
16476
16201
15554
15738
15955
15459
15464
15197
16048
14554
15332
14364
15812
14657
13969
14322
14916
12557
14330
16177
14368
14701
15342
16329
14933
16250
14210
13331
12753
15765
14853
14942
13136
13162
15296
15421
15145
15936
15481
16684
15947
14002
15967
13704
15607
15616
14928
15650
14520
15659
14660
16327
16968
15056
13797
16479
15930
17694
15368
14423
15713
15014
16016
14259
13823
15100
15778
14311
15699
13051
13564
17356
14074
12830
14810
14161
13382
13308
13758
14058
13190
14166
12787
13553
12512
13003
12780
13541
15892
17760
14630
15244
15309
14610
15177
15433
15771
14894
14423
13594
12927
13705
13726
12582
14224
14179
11440
11613
12512
11793
10613
9710
12276
13566
13593
14740
13830
15384
14483
13669
14528
14951
15780
15697
15345
16129
15201
15690
13111
12750
13195
15253
14511
13657
14537
15431
16119
15613
16355
14673
15317
14952
15077
17641
16461
13716
15530
14475
16056
15487
15016
13565
14393
13279
13029
13257
12680
12677
13266
13652
14299
13491
11746
12376
14903
15717
12371
12622
13898
13539
14631
13064
15124
15123
12814
12499
12666
13777
13334
14480
14959
15394
14408
15484
13383
14867
14078
9232
9825
12735
11996
11515
13152
13401
13513
13982
12846
12374
14279
13997
13581
11389
14486
15285
12876
13993
13565
12893
13953
13330
13315
14612
12725
12334
11846
11481
12846
13805
13672
12046
14448
15713
13698
14022
14140
13417
11389
13172
14460
15328
16223
14704
15606
15206
15045
14067
11039
11409
12553
12434
15551
15701
15473
15519
13665
14934
15228
12908
14052
16653
12229
13762
13761
12590
9952
12454
13034
11235
11948
12583
13587
12552
12969
13617
11504
13243
14019
13248
13665
13236
15154
14014
14357
13478
11584
12633
12993
13209
12294
14004
12043
13208
13819
13596
12428
12385
11920
13107
12792
12454
11578
14106
12565
13662
12810
11072
14372
15614
16370
14475
14362
13906
13783
13647
14459
13834
12863
15157
13722
14061
13616
15142
15194
16244
14820
12652
11516
11627
12012
12104
10522
11160
1996
15241
14447
16543
15995
15702
13662
13760
14170
14136
14917
14197
12949
13864
13781
15219
14499
14908
15696
14535
16067
15133
15654
16070
15752
16014
16296
14639
15057
12881
13453
15978
15671
15809
15146
15707
15846
14394
14227
14512
14749
13892
14555
15825
15723
14536
14192
13449
14849
16052
15948
13895
14457
15829
15907
15714
15645
15511
16668
13953
15984
15777
15914
14682
13841
13448
13723
13047
12611
13706
14113
14294
15364
14450
15008
14526
15345
15256
16265
13803
14203
15803
14497
13553
13399
15250
13578
14648
13070
13802
13541
11739
11988
12075
13976
12533
11952
12063
15300
13906
14536
15692
12864
13244
12480
13943
12780
13658
12318
12476
14340
14185
14531
14202
15928
13169
12643
12503
13097
10559
9024
10526
9773
9982
11028
12159
13565
10801
11039
13144
11432
11079
12630
12143
11095
10212
11608
14799
15292
11104
12901
14630
12226
12104
13076
12337
10936
13354
11924
11723
11859
10727
11493
10943
12152
10597
10835
11377
13634
14020
10838
11438
12749
12913
12986
14055
12744
11318
13547
12068
11397
12013
13107
12299
16075
13163
12049
12139
12972
14024
14163
13192
14492
11287
11558
11083
13424
12230
11771
12126
12208
12003
11104
10558
12374
10870
15292
16521
14174
14680
15479
15386
15359
15752
16163
15868
16522
14942
16055
15033
15337
16188
14239
14547
13520
15006
14337
14066
14638
14759
14256
10439
11084
13404
14619
15594
15027
15503
13733
15686
14739
15308
14969
15256
14763
13465
14369
15715
15371
15321
15740
16134
13649
13770
15423
15777
14726
14335
14696
16208
17078
15903
15575
15352
14298
14735
13493
13853
14959
14861
15044
14074
14290
14829
13310
13421
15170
14639
14423
14109
16258
15228
14901
14263
16124
16581
12327
15073
13710
14462
15866
15711
15419
14995
14809
16033
15929
15790
15731
16705
14986
15382
16415
16696
14874
16193
16449
14731
16877
15000
16592
17176
13766
15149
15790
17015
13961
15311
14028
13804
14480
15322
14670
14396
15037
15309
15014
14314
16474
15098
13950
14838
16711
16485
14424
15913
17385
16883
15629
14017
14881
15523
16283
15212
14725
14488
14457
16586
17010
14332
15058
14839
15679
16373
15477
16757
14464
13723
15912
11570
15709
