13449
16724
16803
19420
16763
16194
17523
17205
19285
17816
18249
19672
19158
18718
17429
18510
17977
17535
17502
16428
17380
18563
17629
17726
21277
19589
17519
19257
18825
18227
18339
21023
19056
18311
19383
17671
19269
20930
21750
22066
20839
18897
17618
19724
19437
21425
21177
21953
20978
21059
21244
19545
20600
20378
19719
20154
20375
20421
20480
20687
20450
20987
20957
21853
22463
20288
21674
19934
21049
20669
21589
20467
21695
21026
21744
22055
20120
22806
20917
20679
19769
20810
19752
20522
20453
20503
21481
21383
20198
20095
21221
20074
20840
21894
19507
18705
20641
20804
19285
20952
20361
20294
20674
21355
21978
20944
18428
17799
19620
20070
18412
17540
20799
21019
21828
20327
19055
19327
20795
21502
21138
20232
19641
20557
21899
20999
21078
20946
21874
18241
21221
20661
23058
19838
18404
19639
19983
20826
20157
20623
19840
21078
19913
19458
19592
20134
20955
22108
20104
20279
20495
20580
21969
19968
22422
19468
18808
18733
19143
18959
20831
20617
22257
19120
20734
20004
19145
21244
20348
22091
20963
21143
22189
20757
20837
22175
19782
18638
19491
16513
19785
19321
19750
20799
21255
20823
19892
21191
20414
21004
18884
18711
21053
19243
17612
19603
19419
21176
19942
21171
19133
16983
18326
19846
20668
21893
22150
21826
19478
21358
20276
21442
20941
18756
19194
18368
17882
19113
19050
20923
21956
17753
19097
19551
20470
21619
20067
20337
20036
20416
21249
19018
19322
19351
21102
19573
18817
19454
21708
20637
21387
21886
19327
20024
19681
21219
21285
21651
22010
19353
18939
21310
20567
18963
20825
21462
20885
21221
19506
18360
21932
19065
19042
20519
19483
21316
20639
20798
20223
20897
20243
20475
22304
18377
19883
19103
18813
19593
20010
20546
19765
19027
20190
21113
21118
19684
19828
21179
18293
19702
20362
18915
19477
19502
21838
20837
19650
17312
19848
21504
21507
20719
21062
20980
18506
17375
20236
18132
22127
20417
20085
19155
20681
20607
20806
21406
21115
22304
20850
21439
22470
20758
21834
20911
19607
19604
19786
20979
22279
20717
20919
21428
21615
21072
21586
21545
20494
21496
21159
20128
20226
19375
19305
20810
20926
21099
20552
21290
20387
21448
20822
21040
22097
19863
19956
20323
20819
21074
20739
20702
20599
20379
20286
20780
20936
21824
21205
19729
21278
20853
20519
20946
18201
19535
19957
20909
20093
20990
20155
21155
20079
21812
21900
19541
20757
21437
19828
21032
18768
17887
20152
22011
20493
20941
20155
21074
21352
19285
20564
20077
16808
17386
19217
18254
18614
18837
16076
16471
21236
20222
21177
21099
18831
20560
21348
22112
19342
17989
18713
19553
17088
18090
20140
20830
20825
20604
21613
19630
21578
22080
20117
20020
20598
21172
20746
19950
21510
22007
18767
20156
19766
21183
21940
19490
19147
20672
20287
22206
19094
21600
20181
18994
20195
18461
17751
16463
16095
18449
18503
18498
19120
21451
21808
19478
18702
20576
21989
19706
20307
21661
21996
22148
21563
21219
20387
20180
22080
20809
21076
20623
20720
21154
21160
20043
20500
21121
19828
20652
21042
20949
20535
20343
20260
20806
21435
21536
20865
19930
19930
20615
22523
21401
22620
20602
21902
19570
21840
21242
21654
20542
22244
21360
22567
21480
22750
21268
20246
21175
20201
20649
20599
20369
16999
19628
17733
18592
20744
22007
20270
20753
18960
21515
19342
21273
18511
19906
20990
20368
19958
21158
19693
21098
20539
20528
21879
21256
19638
20575
20231
21646
21984
20608
20994
20730
19475
20518
20228
20322
21186
20019
20776
21321
22262
20972
21315
19889
20839
20088
19957
20213
20644
22388
20353
21940
20112
21026
19998
20663
18978
19000
19329
19393
21515
19479
21342
20978
21582
21437
21246
18677
16321
14896
18972
18943
17697
16257
19401
20727
21621
21694
21169
21802
20794
21140
20723
20900
20901
21205
21576
19329
19768
20841
20176
20106
21578
20804
20882
21669
20026
20105
18628
20602
20252
20819
21310
19878
21277
20768
21548
21392
21343
19586
20284
20726
21166
19585
20527
19873
20750
21389
20577
20156
20182
22227
21306
20646
19713
21075
20929
22416
21186
20210
22166
19173
20983
20265
21108
21275
19424
19963
20092
21263
19690
21062
20847
22118
20927
19781
20829
20964
22184
20607
21406
20289
21128
22188
21667
20505
20152
21605
20230
21519
20802
20502
20281
21553
20358
20831
21764
21299
19623
20171
20869
20923
21571
21371
19482
20179
20178
19747
21121
20088
21085
20216
20662
21234
21625
19901
20602
20674
22613
20574
22534
20585
21812
20256
20775
22358
21916
20078
20860
19094
20966
22145
20200
20186
18905
19733
20403
21370
22040
20007
21043
20214
21666
20538
20082
20612
20613
20154
21227
21216
21341
19858
21119
20407
19769
20275
20152
18377
20641
19381
19309
20653
19184
15094
17861
18422
20822
19524
19876
19960
20898
22114
19686
20427
20553
22111
18984
20758
21049
20489
21277
20897
20546
19969
19871
19630
20005
20441
20233
20415
21458
20611
19485
21899
21695
21184
18719
20666
21654
21934
21094
20950
19902
21303
21067
21139
20914
21692
21144
19904
19817
21007
21998
22203
19799
19803
20556
22324
21291
19468
19668
22268
18888
19526
19006
19586
20894
20780
19926
20334
20911
19884
20380
19974
20885
20861
19845
21147
19695
21918
21219
22048
20065
21980
21768
20579
19422
20187
20750
21353
20269
20127
21570
21894
22859
20328
20191
20913
22371
20687
20297
22237
20309
19566
21133
20956
18864
20523
21391
19748
21209
21684
20117
20800
19915
20621
21991
20398
19061
18929
19490
21899
20172
18522
18895
18527
19220
20843
21149
21090
20677
21015
21361
18390
19981
19662
21367
20996
19435
21318
19469
21630
20014
21314
20757
21416
19772
19956
19922
20549
20200
20997
20073
18925
20096
17813
19428
19437
16812
17186
17977
17002
20784
20930
18863
19572
19080
21002
19113
19257
21694
19900
20332
20967
20413
21194
19241
21280
19623
19359
21990
18939
18795
19437
21172
21573
20379
20778
20417
20661
20149
18674
17784
19722
17721
17813
18686
18547
17676
20571
20326
21338
19353
18147
17713
19043
22048
21329
20976
21161
21255
21676
21492
20708
20323
20318
21414
21746
19563
20556
20238
21709
20385
20119
20378
20541
21986
19987
20240
20788
17953
21661
19855
20179
20767
22804
20717
20330
22475
22150
20684
22068
18735
21454
20612
21880
20469
20281
21040
21407
20488
21186
20443
20284
21911
20677
20751
20123
20702
22387
21492
21365
19958
19843
19517
21071
19815
20361
21574
21072
21105
21899
21103
22185
21475
20353
21756
21236
21367
20259
21214
19722
21734
22241
20784
21026
21348
20824
20609
20694
21316
20977
19555
19819
19818
21671
21142
18988
20833
20581
21256
19601
20277
18460
20038
20665
21251
18553
22160
18199
18774
19350
19464
20829
19908
19398
21203
19970
19451
14062
16172
18564
16828
16304
16260
19888
20139
20237
22633
20541
20802
20320
21233
21893
21473
21909
19688
20273
21203
20588
21388
19340
20826
21158
20923
19911
20716
20682
18788
20242
22002
18647
21532
21458
19685
20951
22126
20042
18481
20994
21946
17569
20596
20171
19240
21039
19272
20750
20337
20301
19380
18330
17459
16126
19321
18838
18560
19978
18125
14709
17071
19071
19296
21360
20073
21027
20716
20097
21365
20957
22300
20176
19792
21219
19809
21159
21162
21332
20546
21206
20627
19879
17622
17618
15590
19389
20878
20536
19027
21046
21134
20650
20797
22081
22024
20136
20633
19603
22156
20418
20668
20214
20913
21501
20980
21431
20954
21527
20756
22540
19864
18256
18446
18802
21234
19518
20992
19659
20793
22603
19284
18908
19469
20070
19570
20916
18678
19266
19139
19308
17790
19727
17368
19764
15559
18217
15996
19197
20010
20747
20995
19573
20143
19857
19650
19041
20143
21163
20435
21181
19895
21972
21575
20236
18104
18890
21844
19424
19505
19640
18988
20675
19050
19715
19765
21210
20599
21117
20718
17854
18983
21363
19521
17686
18814
20559
19752
21535
20269
20978
19429
20318
20818
21424
21389
20389
21067
20833
20011
21696
21539
19603
19922
20054
20783
21276
20883
20403
20593
20575
21176
22121
19958
21346
20541
20370
20309
20234
20070
21170
22198
21133
21010
20879
21077
19751
19794
20032
19964
21107
20846
21209
20693
19593
21034
20418
20817
21389
22184
20904
19873
20066
21372
20504
20865
21653
22579
22486
21447
21400
20512
20544
21527
19160
20255
19568
20819
21051
20835
22165
20332
21180
21565
20007
21526
20077
20034
20806
20470
20528
20918
16055
15160
20193
21459
21797
21066
19100
20590
21445
21566
20948
19963
21152
21386
22405
20521
21595
17990
20931
19365
21658
21528
20183
22901
19428
21301
22454
21093
21773
21214
19842
20210
21641
18119
18992
18765
19319
19142
19540
21578
20688
20212
21241
20604
21398
20785
20714
21239
20359
21553
20194
19946
20597
20793
18733
19240
20928
20277
17736
17406
18557
20166
19880
19144
19443
21265
19517
20337
20296
21081
21009
18601
21451
19546
22767
19897
21125
20321
19412
17800
19644
21739
21925
21667
21318
21806
20927
18705
20224
19751
19107
18275
17170
16514
14998
16248
17904
18248
16307
16733
14489
17364
20059
19109
19886
19953
18803
20342
19690
20874
20683
19672
17138
19397
20469
18866
20672
19098
19880
20293
20064
20041
19137
20241
19759
20682
20328
20185
20751
18055
20969
22029
18616
19767
17643
19500
20310
21134
21466
20147
20198
20844
21256
21048
20724
21591
20013
21184
21648
20971
21237
20268
19540
20438
21838
21564
17401
19424
17763
18065
19244
19170
17947
18452
21155
20993
18880
18880
19365
20295
19813
21127
19918
22681
18631
20170
21571
20577
21643
20839
18306
20488
18571
20783
19914
18094
22291
19715
18678
19212
17640
18401
19296
21179
21114
21771
21979
21021
19183
22389
19683
20775
20042
18843
20467
19617
20175
18045
20146
19827
18723
18282
19832
18939
20211
19287
17660
13644
15061
18003
20337
20867
20746
21030
18992
20479
19644
20843
20641
20733
22747
19078
19873
19732
19431
20398
20916
20403
20832
19611
21089
21707
19860
21101
22154
21537
20935
19172
19150
21071
19497
20335
20467
20890
21637
21201
22285
20594
18491
19568
19606
17427
20229
21661
19226
21005
19844
20710
17641
17660
17811
16198
16116
16653
16961
15968
17767
18542
19357
20077
17979
18427
20158
21102
21595
20894
20957
21646
21638
21963
19565
21910
20395
20541
21732
20633
20340
21171
21468
20405
19132
20495
21667
20687
20064
21239
21664
21164
20666
19852
21006
20450
20806
19597
20190
21007
21552
21998
18506
18606
18034
18974
20608
19306
20352
19870
19248
21026
22120
21184
19315
20083
21344
21366
17711
19527
17910
20235
21200
19283
18137
19536
20385
21416
20098
20648
20305
21740
20484
20199
21361
19457
20349
21948
21366
22102
20777
21499
19831
20322
21883
21957
19571
18460
21045
22353
20687
20406
20913
20274
22493
19942
21872
20731
17697
18021
18667
17222
18813
19499
20229
18959
18533
19479
20932
21111
20428
21375
21218
19845
19508
21405
21393
21368
19710
20044
22199
19584
20427
20975
21300
21189
20122
20317
21189
19667
20492
21129
19645
20309
20590
20161
21700
21878
22216
20531
21460
21596
20679
20605
19716
19957
20349
22221
20910
21056
19480
20208
21664
19567
19390
21134
20172
20199
17298
17688
17954
17349
20150
20394
21088
18395
19346
19864
19235
17574
17142
16340
16950
19503
19612
18554
19392
16804
18140
19453
18853
20197
19725
19753
19058
19798
19599
18961
20716
19508
20384
19789
20855
20779
21048
20179
21614
20596
21509
19949
20251
21197
21350
19916
20597
20180
21781
20548
19750
20607
20411
19337
20911
20550
20192
20856
21677
22774
19416
19828
20171
20646
19670
20899
20498
20067
20580
20821
20920
21506
20845
21200
22015
20663
22232
20596
21645
19832
20050
20781
20482
20348
20060
20089
20109
19769
20083
21720
19524
20885
20232
21273
19786
19906
19836
19880
17945
19024
21497
20099
19853
20415
21330
20138
20680
19549
18541
16941
20446
20856
20960
19545
19439
21202
21281
20120
20836
20640
21721
20050
20186
21960
17647
20600
20635
20628
21083
20021
19908
19244
20583
22357
20752
18952
21163
20553
23138
19205
20068
21133
19936
22064
19344
20084
20444
21369
19964
20650
18502
18946
22673
18697
18822
20803
19511
19567
19266
19950
19831
19487
19603
17728
19246
19105
18747
18749
20521
21603
22503
20670
20637
21228
20434
20924
21542
20928
20026
19896
18947
18948
19836
19773
18884
21356
20870
17007
17645
17585
16475
15315
13945
15566
18475
18961
20091
19145
19577
19396
18875
19364
21028
20916
21074
21479
21324
21575
21619
19115
17151
18576
20233
19170
19240
20037
21638
22492
20953
21252
20181
20357
20498
20283
21492
20711
19589
21351
18717
21757
21764
20301
19585
19366
17594
18512
19265
18934
19099
20249
19500
19440
19444
17990
17531
19795
20750
18324
18963
19752
19554
19577
19195
21315
21885
19070
18235
18048
20399
19225
20107
20961
21258
20366
20894
19225
19661
19160
13308
14119
17108
16019
17278
18788
19567
18597
19158
17565
16883
20179
18590
17970
15529
19689
19845
17902
20044
18208
18990
18820
19297
18371
21218
18546
16779
16114
16263
17159
19456
20205
17777
20760
22325
18877
20163
21379
19492
17159
17913
20281
21097
21212
20276
20975
20737
21714
20276
16493
16134
17060
17173
20756
20777
20772
20075
18183
19848
20332
18722
20108
22460
16908
20339
19536
17605
15007
17518
17512
14489
15803
16785
18240
16932
18055
19725
17096
18264
18857
19110
20101
18863
21256
19952
19570
18181
17240
17276
17857
19397
17732
19194
16725
18134
21046
19425
17830
17293
17417
19684
17527
17321
17040
19161
17887
19510
18147
17446
19564
20958
22224
20273
21255
18969
18023
17837
19497
18485
18436
20595
19539
18192
18647
20882
20858
21882
21023
18692
17926
16087
16951
16392
15412
14495
2717
20524
19916
22114
21740
21086
19165
19986
19234
19959
20122
18325
18108
19543
18234
20550
19406
20671
20660
20732
21514
20646
20551
21592
20480
21155
21341
20688
20667
18846
20001
21958
21493
21328
21548
21440
21119
21107
20248
20094
20056
19009
20506
21071
21489
20520
19828
19222
19981
21421
21076
19194
19795
20495
20947
19915
20131
20612
21798
19094
19892
20146
21443
20804
18387
17879
19909
18892
17715
19466
19137
20303
20989
20576
20924
20869
21370
21031
21752
19408
20738
21642
20723
19194
19517
20771
19141
20756
19380
19617
18084
17046
17058
16972
18790
17253
17649
18104
21408
20893
20087
21392
18027
19192
17909
19595
17605
18873
17290
17841
18512
20587
18931
19346
21247
19104
18990
18165
18430
15731
12322
13489
12959
13443
15386
16551
18169
15072
15110
17161
16362
15181
17693
16733
14593
14124
15309
17422
21428
17168
19553
20948
16530
17708
18644
16796
15244
17994
16529
17165
18815
15511
16064
15384
16190
15218
14858
16064
19441
18225
15190
15764
17146
17304
17701
19353
17819
16521
18236
17561
16648
16534
19472
19338
21589
18282
17687
16781
17288
19711
19933
19693
19455
17550
16171
16299
18990
16593
16901
16686
17815
17132
16055
15892
18036
16198
21324
22271
19256
19867
20253
19981
20125
20348
20185
20150
21596
20208
21094
20358
20880
21670
19332
19762
19130
20708
19606
19141
20785
20025
20006
15495
15662
19191
19584
20829
20606
20913
19381
21060
20613
20502
20511
21199
20281
20175
19390
20541
20503
21144
20519
20561
18637
18701
20736
20785
19796
19088
20161
21268
21190
19983
20150
20158
19017
21009
20931
18842
19380
20846
21309
19048
19835
19837
17770
17347
19774
19691
18463
18335
19895
20656
20307
19691
21406
21820
19185
21113
18612
19798
20317
20712
20195
18950
18854
20844
20020
19719
20390
20634
20102
20281
21088
21250
19137
21174
20951
19602
21713
20191
21260
21592
18851
20735
20908
22565
19116
20625
18935
19229
19899
20737
21054
20078
20543
21231
20616
20074
21210
20239
19587
19927
21333
22174
19324
20987
21499
22012
21738
19564
20499
21649
21715
20496
19516
19646
20141
22300
22509
19225
20431
19901
20986
21686
20803
21646
20450
19438
21095
17770
20366
