9913
13558
16140
21518
14751
16880
14804
16807
21394
16098
15490
16575
17238
20130
15621
17821
18063
17369
15950
14998
19909
17927
16389
17813
20702
21787
18264
16983
20165
19696
17863
21960
18961
17113
20262
19035
20649
21323
25843
27149
26960
23759
18434
17959
19644
24395
25022
24599
23584
27094
25700
23637
27496
23407
23823
27600
26770
24791
28735
30474
28732
32981
32900
31920
29801
26587
27835
27223
31784
31895
31654
29151
30558
28389
26536
29411
26039
29315
26906
26035
24520
27156
23071
24019
28684
29826
32931
30220
27414
26601
32719
33900
33877
30918
23158
17164
23917
21482
22619
24593
25716
22835
22247
26677
27059
22688
21467
18365
22705
19942
18022
18434
22907
26588
24824
20511
19974
22885
28055
26018
22815
24880
22760
24347
28727
27927
25303
26508
26872
25397
22073
25865
25439
24719
23520
24204
21120
22871
23300
25653
27101
29583
30788
33527
34030
35202
34252
31303
29104
33926
34530
32797
31626
29883
30716
23533
15395
18745
17634
16350
24734
21879
23470
22911
24530
22286
22578
24358
28349
31829
28911
27589
29000
25628
26256
25375
25411
18647
23530
15150
20892
19542
22476
23581
22268
29067
24952
27269
24991
27562
22698
20574
24465
24534
18631
21507
27077
25962
23735
22508
20113
16765
19988
24128
31138
30215
25210
28241
24993
24833
20545
30099
21162
24823
19215
19015
17540
21113
21244
21927
22874
25570
23779
27930
32005
27034
25959
23197
26187
27961
30477
21684
20583
25862
22889
20617
18170
24808
31750
32127
31160
29572
24420
27023
27055
31730
30402
28633
23805
25341
22332
29000
25080
20856
25734
27524
25933
23944
21307
19311
25767
20142
19162
24570
29086
33645
33143
27814
25982
31206
32375
32288
28091
17925
22216
21201
19197
23719
23498
23983
20776
21926
27144
31496
23993
21220
25113
27773
20485
21649
21464
20991
23145
29615
25596
21291
23020
14099
21368
29435
30265
27449
29835
22499
20774
19305
22554
19475
25163
23316
25530
24780
28402
28787
31037
34598
33448
30327
29098
31761
31601
27318
28110
26415
25735
29276
31740
29523
27720
24960
27907
26734
32248
31105
31185
30581
31598
28670
26080
26657
24615
25128
22873
25114
26669
26731
25822
26993
27064
29953
30625
29387
30290
29397
34115
33053
29861
32782
32254
29273
26397
26548
33309
34573
33944
29534
27836
25683
30903
27094
25095
24449
24335
24589
27018
24495
25198
23953
28048
30119
29369
32869
32750
30127
29669
25872
19764
19919
17918
17480
27185
27773
24611
25733
26076
29990
27132
24642
28402
21488
18282
16703
20406
18316
19368
19029
12843
14536
30475
28147
26555
24436
23249
28642
27729
24076
18725
16473
19612
20426
13877
16657
23613
23617
28172
28529
29150
27185
30199
30700
24885
27069
27411
27267
28110
29620
28229
25586
21527
25456
26245
30887
26372
21621
19689
23287
22996
26565
19796
22808
21940
19557
20154
19803
17632
14649
14385
19864
15214
19454
21342
24274
25717
24111
20404
25062
27528
24903
25238
26588
25259
26384
27563
27297
25472
28374
25144
20906
29981
31433
30694
31462
33757
32107
34818
33994
34103
31876
31227
31180
32183
31606
33673
29575
28851
27285
26854
26340
30635
33594
32853
31052
30540
27049
28299
28417
30095
26915
25823
25520
30704
27890
30222
29890
28434
25239
26182
26304
22978
20183
21416
22403
15283
18363
16003
18906
26856
26560
26073
21918
19537
25028
25111
25985
21509
22130
23001
23825
26209
27694
31584
32594
31587
30781
29565
25706
25112
28910
28368
29381
29632
25907
25747
27751
26345
25317
29298
32984
33671
33843
32908
32272
30816
30655
26927
24651
25986
26557
30690
31125
31648
29105
27603
28588
25933
28462
26845
26408
20378
19590
22051
21016
23188
24830
28793
29685
30371
27739
22793
18139
15769
13251
19082
19716
14889
13264
21817
26628
25661
27204
25275
25755
25142
28632
30735
29430
27923
29086
24238
21771
24015
31985
33552
31832
33138
34197
33388
30930
24926
22802
25248
24484
26658
31458
31088
31827
32205
27140
25080
25806
24234
22946
26953
33425
32288
31170
32119
33536
34302
32770
29786
28027
28106
29941
28792
24512
25735
31051
30050
27873
25402
25662
29346
28368
28024
26429
26589
29892
31512
31275
32424
31238
27527
29872
32684
32020
27047
26999
29327
30636
28387
30619
31572
28656
30816
28847
26768
26798
27423
31815
26864
30441
30986
33908
33964
32801
27620
28877
30475
28317
26781
27106
31307
32626
33041
29069
25048
29732
33173
32519
34317
32961
34270
34236
33579
32572
27713
23621
26071
28459
30978
27299
29761
25578
28322
25613
27988
31292
30278
23775
25371
22614
28031
31812
31839
26956
26640
32826
34610
30565
29579
27246
33139
31727
27486
26744
29786
32478
29680
27429
30765
32254
30362
29689
33751
32282
30465
27763
25357
21810
21829
24702
23976
27715
26333
12050
20422
21190
26188
22961
21239
24413
27870
26103
21202
28008
32383
29629
20922
26164
24393
32140
33834
33454
32903
32456
32562
33119
33550
34335
33104
33742
32079
23755
22795
26485
26629
27298
24820
24620
29257
28327
28274
27373
24626
30009
30729
32616
27458
26250
26070
23551
24674
27958
29064
29302
25424
24528
29136
29445
29695
24938
25805
26431
24062
29205
26916
24385
24350
27386
24163
24202
26618
25454
26835
26150
29285
31859
33866
32990
29041
30243
30837
30931
28141
30138
29766
26102
26523
30070
33027
31335
28928
31812
34451
30961
30031
27962
28679
28225
27095
24776
27155
27726
25797
28758
30445
26945
29384
32328
28542
26555
28025
28085
24886
28055
29599
30718
28612
22132
20475
18894
23012
23892
22258
18923
24636
18185
22692
27202
29411
25383
26519
28508
22377
15516
21113
23631
27649
22145
22558
23431
23681
25599
21915
28121
31062
29761
29571
31275
29200
27945
22105
21583
20436
22263
20146
16794
20795
19030
14766
16506
17486
16900
21580
23579
19308
22320
21179
22244
20687
27621
30091
23550
23924
25894
23239
21789
21598
23489
23844
25459
28173
24314
22966
28143
29799
25459
25570
24799
25125
24172
24605
18952
16241
22525
15097
17907
18875
18466
18453
24883
21152
18922
18234
19095
15112
19626
26393
26719
26836
31556
31099
30143
28090
23115
25145
30205
32600
29232
27129
31949
28575
34706
33288
34007
32941
32037
30648
26543
29332
28706
24180
30494
27709
30613
30319
30900
28033
30714
30209
28743
27887
28226
25054
27066
26267
26915
23577
26876
31779
32852
33488
31955
28657
31083
28083
28176
30655
33516
34062
31740
27595
25518
23811
23148
24056
24803
24704
26176
30659
28527
31568
28948
28374
27843
27892
31975
30838
30028
31299
30344
27305
27712
30324
32261
30191
27511
27239
28161
25991
27555
27455
24675
24719
30390
32838
29956
26434
24485
28380
28830
28795
24114
24141
21890
26991
30317
26956
23794
27368
19496
20663
21224
22773
26775
26428
24535
29231
21733
22053
10161
12488
21863
16433
15188
16971
26563
27871
32472
31652
30985
30164
31353
32776
32718
29079
29677
29271
30318
29513
26363
25012
24131
25294
24700
25212
23469
24445
23857
20305
24533
25412
24635
26476
26701
22427
25588
27708
24655
25345
25558
26362
16272
26668
20946
25863
29682
23196
29521
31501
28742
21576
22622
21196
18552
20950
23044
19668
21571
19203
13157
15960
23187
25383
31638
31357
33353
32909
33217
33738
33605
29844
28430
31169
30285
26869
27653
27683
30329
29024
27296
26661
23303
17585
18216
14763
22201
28841
25405
21735
25969
27016
29066
31414
31330
27898
28209
31176
30183
32478
26119
29452
32879
33201
30816
29122
30131
29105
31584
33261
30315
21191
18970
20589
19798
22871
25666
23629
24403
29701
26558
22864
21926
23773
27575
30462
27332
20667
20225
17561
20212
21277
23275
15830
22505
14255
17706
16172
24590
27665
29216
28419
21155
22400
23066
18799
20001
29304
33433
28243
30817
25428
26462
24135
20424
16446
21454
28312
23416
23464
19775
22504
23117
23899
26893
24219
28847
27027
27500
19219
20724
29263
24755
20287
20362
21853
30406
31006
28641
26090
25624
25117
26456
26313
28259
30914
24460
27380
28312
28306
29841
26738
24902
26357
26693
27965
27070
26044
27779
32015
33015
31748
28965
24205
28966
33814
32581
31074
27727
31223
32068
31102
28410
29217
29578
26661
24404
24283
24402
23091
25974
24305
22952
23463
26729
28107
30286
28735
29492
29249
29754
33227
33375
35273
34031
34073
31441
28135
27609
26613
26733
26678
28461
25392
22159
22459
22351
25992
23263
25130
27141
22813
27412
23435
18842
23499
22339
28612
28284
21976
19207
21873
10968
10489
25195
25205
29106
27020
23859
25133
28791
32605
33043
32256
31886
29153
28081
26707
24400
25794
25584
24791
27822
28190
28901
29995
29999
31754
30032
25689
31602
32922
33301
31753
26762
18508
18887
20147
21930
21210
23038
27378
26176
28230
32270
27063
25409
26867
27346
29906
24548
26754
25278
23627
25567
24173
20465
21850
24242
22604
18922
19109
21056
22031
23822
20115
19323
26240
25726
28181
33039
31778
26742
25042
26126
21493
25298
21439
28261
25487
23179
17563
20008
27383
23392
26977
28643
24257
23932
17546
24623
21018
20456
22071
16900
13837
12870
14378
16562
17040
11633
12665
10862
19441
26251
20701
27112
21926
20822
22912
25400
31225
27146
21137
18987
20981
22779
23546
25809
29219
24627
26336
25314
24337
25216
26118
26741
26144
22412
21816
25304
24602
25819
26040
21603
26532
18797
21363
23449
20462
27920
29199
29127
32647
34242
34336
32367
31197
27001
26793
28588
28675
25910
26628
31080
32042
32205
28379
22126
17610
15264
14713
24288
21901
24095
20685
25883
18826
15469
20488
23760
29797
28747
26754
24802
25251
20084
25860
28732
26390
27110
26072
23143
23261
25181
23242
21476
17357
26119
22888
17075
20105
18358
18719
22209
28515
27402
30293
29600
24897
21834
25760
22421
22615
23299
27360
23892
23097
22213
19442
23409
21016
20656
16952
22662
20488
21334
20468
17508
9870
11458
17636
24555
27984
25283
21208
22913
22006
20723
23910
25226
23470
29521
19652
23119
20702
23189
28738
30120
30924
32048
31614
30432
26177
28935
30206
27948
29684
24541
23219
21563
23215
22838
31032
32525
31119
30709
30024
29853
24743
16359
17206
21050
18654
30293
28980
19818
26852
25225
21534
14423
17937
17393
12169
14287
14668
15035
14277
14481
17999
19353
21084
17956
18924
23300
22366
25700
30220
31223
27325
28108
30858
24533
31349
30435
32052
29855
25381
24113
25096
26532
31302
31450
32206
28865
27363
25677
31376
32691
29715
26422
25493
27611
25751
24372
21827
20224
24055
23109
21041
15497
18137
15350
18357
23722
22235
24739
20816
17904
27097
23850
24424
20358
21118
23617
21247
20841
17715
16565
21990
20683
16122
21257
24515
29521
26691
23130
22661
25781
29163
28743
31110
31299
25734
29067
29659
30552
30604
27401
27231
25227
28146
28141
27075
22048
23196
29568
31171
29461
26759
28782
28278
28809
26617
26902
22030
17645
18690
21642
15736
16339
17666
28319
17469
17973
22933
29884
32685
31463
29936
26564
25781
24787
26107
27504
25682
24965
26169
29540
28125
31442
32709
32664
27564
27171
31219
31442
29437
32466
31724
28232
32653
33231
32708
33841
31238
28539
29697
31809
27442
25112
24062
23854
24480
27208
26231
28114
27824
25224
25883
26819
21838
23537
23126
22507
20188
18084
17524
21130
16908
18256
21115
23896
17933
21951
21393
19150
18047
17574
15456
15837
23892
22728
20009
20271
16141
23312
23758
24074
26994
22543
23448
23393
21980
23122
23156
23640
21432
25942
25393
28087
29157
27291
26609
31978
28502
25958
24910
26931
25229
25561
23796
24746
26509
27183
25779
24504
24929
24230
23686
31017
32688
34316
33554
30540
29214
28608
33664
35061
33880
33180
32678
33859
33329
35517
34200
33863
32959
27592
27931
29522
28249
28912
28668
28898
26710
31048
33997
34763
33011
33342
34650
33530
33726
33060
31557
30539
31168
28942
25263
26080
26011
23654
21402
21145
24216
30404
26370
30960
31632
29774
25993
30132
27244
18835
16297
27094
21998
25880
18457
18071
26339
29841
32491
32840
31355
29640
26824
27722
24754
23027
28057
27914
28308
27361
29735
33724
32181
34409
32953
27460
30501
33479
31897
30303
24320
24610
25939
26265
26567
23029
23929
25879
26361
25025
27763
23564
25142
29203
23766
19717
24718
26455
23012
18505
21227
23175
22664
20336
18655
19510
19639
17711
20594
25984
28126
29013
28071
32172
30235
29890
30041
25419
23762
20239
22169
19165
19403
18496
20258
21162
23838
20714
15374
17536
17824
16255
14301
9425
18675
24160
22978
23319
23999
22617
23185
20324
23169
24731
24185
28649
29758
29662
26638
26396
20129
18304
19118
22726
23070
21144
26599
29515
26956
28364
27216
24363
24203
26391
29337
27267
28232
24036
24518
23337
25431
24593
24541
21347
21986
18565
19138
21215
20125
20079
18644
22879
22827
21972
14780
15480
23666
23628
16806
20047
21747
22444
21549
22170
27918
22036
18105
18003
20030
22015
20489
25974
27420
26780
27412
25613
20863
22013
19275
9045
10569
16004
13762
17448
22697
22838
20845
20505
16263
17187
22870
21243
18472
17358
21363
21743
19536
22017
20971
20329
19595
20675
21367
23929
17344
15618
16175
14552
19122
21484
18560
18235
23310
26619
24632
22050
21452
20192
15131
19714
28734
30208
31200
29665
31179
29691
25147
18862
14086
16852
19877
17125
23329
24391
23050
22573
20830
30007
24113
21326
21876
24997
16289
22819
21294
15616
11312
15935
14669
10674
13784
16943
18529
15671
19100
19083
14043
18211
19054
21045
21744
22839
25881
24325
21449
19845
13612
16534
20465
19341
17456
23442
20246
20763
19886
20956
17108
17052
17531
19581
15754
16023
14960
21065
19930
20179
17379
13907
22893
29491
29845
25064
23453
21027
23324
23188
25244
22242
21018
22707
21385
21980
21843
28253
29113
28486
19121
15966
13408
13931
14501
14163
13281
11571
2293
29848
23977
29410
26478
26251
23312
21914
24035
22666
23922
21948
20154
24961
22590
23886
22828
25459
27135
26061
29466
32515
33680
31312
26011
30723
32138
27215
23671
21536
23919
30567
30302
31932
27974
30757
31297
24265
20972
20989
20596
22352
26739
28255
27876
25719
21909
21005
24610
31428
26940
22511
26784
31625
33698
34069
32784
32140
29984
27800
33367
31085
26936
24784
20210
19759
20114
19772
18103
20425
21446
25668
29553
27920
26371
24730
27541
26813
26391
27753
26907
25307
21714
21667
21098
23839
23464
23626
19056
19627
19955
16748
15641
17770
20373
17040
16898
18773
26028
20612
22034
23195
17961
19370
17655
19950
17687
17909
16585
17353
20495
24358
23232
27424
26317
17753
18226
20198
19867
11408
8326
11418
10601
11440
12256
16298
19547
12887
14590
18465
14359
14854
16790
14999
12857
10684
13964
24099
21197
17064
20720
22926
16370
17845
18423
17444
13568
19304
15217
14679
19854
13531
15330
14105
15678
12902
12758
14482
21221
20497
14967
14566
18141
20199
17245
21772
14813
14892
18976
15513
14473
16781
19571
18216
24354
17868
16981
16462
18390
20483
22486
19186
19734
13297
13906
13669
20041
17222
14740
13832
16172
14593
14175
15413
18147
14843
27477
29578
29777
29243
32667
32671
33240
32825
34330
32221
31169
29316
30772
25879
29786
25401
20251
22603
21133
23408
20735
21743
23019
21856
23425
12534
14554
22256
28513
28845
25795
27440
20264
27042
25687
23987
27481
26750
24406
22147
23056
23131
26419
28712
27397
25571
22827
26787
30843
31025
30027
30001
26423
28725
32063
31329
31096
29868
29398
25639
18101
20638
24853
27196
26040
24842
25193
23723
20692
17480
25365
21066
22669
24403
27181
25485
24279
25393
27415
25791
18871
24091
20632
22403
25729
25160
26107
25794
26292
29485
28346
29176
29840
30535
28573
29166
31282
31677
30423
31742
31027
30988
31023
30637
31864
30199
27917
29096
30594
28364
23583
25496
24305
24073
27973
28388
24285
26037
24868
26682
25908
27366
29290
26117
21122
23566
30578
27147
26544
30242
32353
31266
25101
22504
26037
27235
24862
25087
23082
23702
25037
28341
27984
25544
27306
28287
29241
29775
28306
29167
26557
21926
26134
13666
26503
