17894
17617
18014
21038
17539
16235
17706
16515
18387
17488
17417
19695
18253
20149
17541
18598
17232
17365
17436
16887
17709
19705
17390
17581
20469
19516
17060
19993
18111
17714
18540
21245
18445
17455
18952
17091
19366
20876
20783
22573
21595
18964
18501
20392
18343
20780
21248
20988
19767
20801
20569
18644
20117
18375
18944
19198
19614
20090
19974
20231
19908
22048
21807
21435
22180
19586
20914
20066
21033
21044
21806
19089
21062
20353
21483
21967
18806
21997
20359
19708
20136
20500
19809
19346
19763
21103
22265
20860
19587
19163
21468
21625
21810
21299
19239
16988
19906
19516
18920
20025
20075
19251
19538
20538
21324
19977
17849
16626
19197
20592
17882
18194
19968
20862
21721
19416
17630
17880
20293
20196
20655
19788
18273
18887
21793
20500
19904
19154
21438
17304
19972
20195
22104
18238
17778
19389
19031
20009
18397
19923
18516
20010
20451
21072
21386
21943
22186
21673
19184
22275
22327
21678
22363
19475
22616
19550
16939
17970
17439
17866
19795
18970
20713
17981
21278
19617
17673
20490
19749
22577
21278
19496
21496
20034
19529
21695
19930
18708
20433
18189
19974
19584
19252
20624
20288
20678
19118
21078
20616
21872
19122
18607
22564
20971
21472
23406
20494
21708
19744
22080
20083
18019
18897
19756
21261
22303
22242
20894
18485
21488
21112
21820
20906
19190
19020
18032
17220
18456
18196
19641
21546
18099
18057
19862
21850
21064
20217
19831
20155
20126
21798
18870
20002
18777
20558
18371
17828
18981
22367
21275
21207
23258
18978
20522
18844
21625
20560
20989
21650
20869
17675
21680
20403
18771
19252
21299
21243
20828
19460
18481
21931
19018
17514
19418
19609
23140
22844
19877
19105
21069
21415
22008
21937
17829
20189
20361
19550
20353
20819
21551
20191
18421
20202
22003
20497
19847
20549
21392
17959
20355
20999
18091
18667
19535
21267
19634
19764
18167
20162
21582
22328
20400
22019
21830
19942
18200
21908
19419
21416
20269
20147
18727
20082
20109
20804
22978
21882
22045
20068
21193
22642
19874
21356
21012
18483
19215
19965
20602
22123
20712
21498
21283
21075
21283
21866
20557
20922
20640
20346
20196
19474
19122
17796
20510
21322
20952
19556
20180
20182
22916
20433
20031
21861
19803
21633
21701
21128
21482
20462
20555
20134
19205
21384
22290
21961
21946
21831
19730
21873
21030
20561
20952
18236
18163
18731
20069
18962
20368
20022
20838
19779
21992
22331
19287
20791
20619
18217
20835
17589
16649
19768
21468
19728
20554
20530
21001
21951
18974
20615
19119
17386
17045
20079
17888
18636
19419
19084
19272
21830
19373
21188
20865
18081
20707
20455
21971
18507
18069
19038
18394
19071
17979
20766
20443
21394
20317
21081
18501
21505
22675
19326
19677
19483
20852
19835
19860
20629
21605
18389
20851
19252
21270
22263
18695
18861
19415
20329
23264
18340
20732
18703
18297
20132
19602
19341
17239
15694
18017
18690
18291
18147
21771
22566
20112
18240
19779
23352
19789
19734
20595
21946
23934
21500
20963
20305
19433
22831
20705
22037
20621
20275
22558
22637
20759
22122
22774
20425
21163
21291
20491
21215
20787
22273
20053
21302
20657
20415
20131
20075
21558
22540
21413
22545
19815
21683
19955
20910
20275
20701
19894
22285
19840
22671
21964
23229
21298
19310
20099
19746
20168
20010
22037
18764
20048
18348
19600
19145
21095
19095
20793
18222
21360
19999
20944
18748
19139
20254
20019
19223
20381
20580
22279
21116
20725
21761
20140
19189
20135
19613
21776
21175
20236
19978
20673
18338
20171
19791
21458
22135
20840
20981
21635
22318
20665
21284
19039
20468
19099
19572
19849
20617
22926
19786
21998
19450
20824
19233
20186
19258
17620
18843
18822
20225
18468
20491
20191
20840
22028
20238
20437
17563
17396
19731
20021
19776
17778
19313
20600
21217
21555
20892
21639
21038
21182
21659
20634
21339
20859
21782
18555
18441
21280
21657
20423
21729
22031
22187
22111
20023
19739
19742
19793
20079
21330
21209
21070
22030
21253
21909
21491
20210
18500
19488
22513
21439
18730
21176
21444
22507
21960
21099
20367
19078
22664
21013
19865
18381
21213
20465
22741
21522
19674
22581
19103
20458
20085
20704
20820
19368
20163
20374
20849
17890
20840
21375
22774
20648
19698
20803
21037
22695
21102
22258
20061
21183
22354
21043
19784
19278
21827
19751
20676
20735
21039
21975
22033
20160
20476
22585
21237
18343
19248
20791
21048
22710
21613
18485
19429
21055
20915
22476
20717
22673
21009
21619
21640
21620
19534
21317
20429
22872
19425
22085
19946
21357
19992
20855
22460
22833
19375
20820
17509
20563
21973
20964
20044
17934
21358
22161
21667
22106
18970
21698
21490
21097
21168
20078
21418
19958
19187
20622
21610
21267
20619
22345
21935
19696
19884
19864
18220
20662
19883
21468
21286
20128
20055
20775
20964
22667
19801
21054
19909
21716
22784
20182
22869
21736
23110
18743
19795
22055
21224
22914
22737
22447
21502
21348
21550
21917
22366
21713
22197
21655
19803
19583
21653
21284
20296
18815
20343
21060
21738
20380
20303
18572
20228
20453
21442
20184
21830
21268
19266
18610
20084
22196
23032
19006
19334
20051
21387
21281
18134
18511
21356
19649
21074
19682
18619
19737
21167
18888
19597
21527
20097
20265
19270
20258
21330
21211
21535
19210
21766
20896
21575
19684
21726
21831
19505
18516
21472
22762
22378
19277
20610
22561
22451
22565
19769
19535
20328
22538
19731
19484
22040
19743
19439
21703
20207
18486
21692
20704
18900
20980
22032
19299
20395
19862
21174
22656
20710
19704
19611
19302
22383
20129
17849
18127
17079
19033
19878
21692
20442
21067
20070
20774
17868
19225
18236
21552
20263
18324
21191
18670
20659
19688
21470
21030
21988
19824
20267
19245
19475
19197
20685
19135
17881
20324
17494
19107
19774
17315
18708
19733
17637
22449
21617
19354
19396
18812
20824
18337
19868
21973
19338
20054
20540
20291
20540
18472
21150
20368
18592
22559
18894
17665
19363
21900
21219
19743
20813
19478
19964
21092
18726
17156
19174
17485
19489
18270
18178
17416
20252
19952
20236
19075
18041
16847
19450
21682
20645
19752
21402
21764
21223
21057
20035
19584
20162
21873
22539
19086
21286
19852
23619
22224
21937
21170
19739
21870
19562
19581
20228
17489
22060
19443
20485
20657
22804
20049
20361
22914
21722
20474
21650
19208
20602
19997
21915
21237
18623
21062
22320
21432
21498
20484
20060
22121
20294
20763
20922
22283
23477
22108
21241
20003
18728
19079
21143
19881
20251
22152
20411
21367
21066
20900
21825
21220
20807
22329
20047
21238
19810
20667
18538
21678
23169
20407
20659
21440
20644
19892
20938
21284
20641
19537
20001
21516
21477
20240
18047
20121
20378
20435
18574
19813
17673
20350
20900
22049
17771
22208
17801
18475
19646
19882
23017
20132
18936
23005
21525
22615
18062
19153
18340
18307
17330
18686
19098
19545
21109
23196
20767
21137
20980
22183
22584
21864
22287
18988
20209
21359
19976
21688
19138
20114
20084
20289
19235
20369
20588
17870
19520
22274
17837
20859
21222
19025
21189
22388
19464
17561
19946
22014
19200
21434
22641
19650
22042
20719
21107
21282
21330
21180
19696
18018
16533
18678
17816
17775
19957
19050
15065
17950
18884
18708
22158
20639
21983
21762
20803
22127
22234
22158
19807
19795
21651
19246
20423
20721
20956
19693
20927
20371
21080
18231
18529
16306
19937
21713
21017
19689
20864
21484
19933
21137
22666
22438
19739
20865
19467
22396
19711
20687
21124
22279
20881
20702
22310
20217
21438
21618
22707
18696
17836
18342
18228
21425
18036
19848
18867
21208
22750
19459
19255
18633
20650
20486
20032
19033
20121
19694
20208
18251
19861
18272
21697
21273
23960
18636
21363
22970
22936
21867
19814
20254
18897
20152
19265
20518
23001
20242
22171
20377
23484
21854
19216
17060
18564
21522
19176
19481
18957
18960
21198
19236
18819
19234
21073
19793
20568
20028
17583
20072
20736
20390
17709
19121
21386
20874
22535
20810
22127
19277
20244
20396
21435
22021
19903
20605
20727
19384
21592
21562
19918
19582
20183
20859
20715
21700
20050
21042
21868
21391
22484
20514
20676
21521
21099
20006
19461
20630
21927
22458
20020
20437
21299
21242
19661
19102
19087
19092
21089
20379
20701
21226
18731
19637
19568
19741
21347
21519
20722
20992
21490
22564
21418
22186
22031
21934
21473
21567
21473
19550
20641
21644
18802
20014
18134
20469
19824
20042
22082
20877
21095
20682
19711
22067
18711
20842
21129
22286
20882
24324
19979
18311
19561
20589
22077
21809
18543
18933
21599
22594
22729
21018
20888
21640
23207
20100
21948
17619
19510
19591
21029
20753
19647
23285
19455
21796
22698
20290
23097
22316
22124
21780
22042
18065
16940
18738
18610
19853
18526
21655
20662
20048
21910
20046
21423
19364
19724
21622
19831
21557
20767
19088
21476
20178
19112
20023
21864
22103
18829
18026
18600
20459
21437
18805
19288
20744
19100
19676
22287
21496
21503
17454
20573
18499
22675
19320
21789
20427
19401
16546
18607
20796
21283
20701
20884
21335
21094
18374
20515
21289
20770
18746
17146
16455
15218
16809
18649
19438
18162
20507
16614
20577
22363
20401
21117
21077
19069
21467
19418
22026
20558
19713
16834
19537
20951
20152
21006
19334
20131
21181
19962
19659
18254
19334
20603
20840
19598
19404
20423
19326
20506
23505
19535
19225
19243
19495
21065
21675
21701
19195
19602
21802
23113
22537
21707
22062
18856
21981
21930
20282
20607
20088
19971
21328
22769
21962
17264
18607
17304
17861
19230
19063
17238
17018
20986
21401
18575
20360
18892
20720
20142
21317
19085
23578
19022
19398
20972
19781
20762
20855
17958
19593
18580
19940
20015
17284
22554
20236
18198
18896
16951
18370
17860
21472
21986
22266
22310
20444
17965
21718
18107
19235
19668
18869
20646
20046
20389
17280
19777
20975
18761
19370
19822
19284
20944
19571
19809
17800
17086
18824
19966
21423
19970
21209
19143
19993
18753
19855
20318
19612
23538
19906
20471
18098
17933
19969
20488
20907
21399
21012
21193
20819
19369
21378
21495
21650
20461
19034
18266
19291
18114
21024
21680
21976
22034
21998
22881
19079
16990
18864
19569
17999
20949
22509
18117
21011
19327
21212
17534
17782
17795
16708
15842
16119
17569
16469
19558
18951
20483
18785
17447
18323
20970
20908
21456
21883
21929
21035
20827
22188
18913
22536
21373
21049
22037
19983
19850
20532
21076
21472
20398
20596
20953
20119
19261
21740
21916
20927
20644
18532
21161
20451
20355
18534
19468
19680
20976
21273
17976
17583
16997
17026
18845
17779
20156
19320
18378
19995
21432
22104
18414
19157
21028
21374
16899
18871
17623
19033
20374
19208
17864
19472
21093
21517
19849
19134
20069
21516
19706
20346
21604
18192
19789
22206
21597
22660
20768
21560
18940
19205
21945
22139
19861
17614
20608
22766
21269
20841
20216
19877
22022
19700
21475
20138
17169
17597
18517
17117
17839
16472
20755
17646
18546
18412
21062
21517
21395
21246
21373
19397
18171
20915
21000
20354
18680
19027
22523
18687
20543
21750
21831
22038
19221
20079
20942
19668
21205
21962
18541
21536
20346
21443
22568
22091
21857
20037
21506
21205
20348
20073
20276
19568
18847
21186
20513
21753
18850
19562
20824
18729
18765
20235
19501
20690
17669
18165
19057
17666
19509
19814
21621
18824
20062
19031
19061
18395
18554
17724
18477
19935
20533
20619
21224
20048
20032
21327
19319
21093
20557
20374
18115
20165
19049
18397
21036
18922
19552
19949
20491
20004
21471
19763
22558
20763
21109
20975
20754
20235
21199
19659
20169
20407
22113
19700
19765
20089
21001
18444
20865
21124
22034
21034
21461
22407
19335
21407
21698
21788
20960
21518
22070
21925
22349
22564
21550
22315
20173
21971
22684
19847
22591
20149
21875
19325
20495
22241
22775
21170
21860
22473
21369
21631
21083
21663
19824
21030
19868
21620
19733
19334
19761
20981
17508
19835
22418
19522
20708
21556
22346
20592
22579
20363
19514
19786
21225
19913
20225
18031
18450
20710
21159
20546
21516
21198
22050
20819
18971
21265
18187
20391
20981
20199
20890
19376
21432
20224
22227
23120
20001
18863
22302
21384
23605
20149
19539
20924
19839
21477
19099
18180
20200
20789
19090
20458
17516
18539
23646
18626
17916
20472
18623
17955
19359
18704
18825
18009
19401
17411
18542
17291
18776
17734
18591
21238
23490
19731
21139
21247
20316
20770
21757
21426
20651
19512
19139
18733
20578
19381
18183
20891
21722
17483
17599
18031
17152
17102
17251
21311
20400
19946
21180
20418
22404
19676
19560
20841
20653
21485
20781
20504
21361
20280
21387
18374
17028
18525
20580
19098
18290
19775
21529
21660
20705
21709
19623
20481
20291
20403
23139
21525
18284
21351
18890
22006
21333
20460
18581
19375
18727
18594
18466
17932
17962
20457
18647
19368
18605
17929
17423
20420
21732
19167
18920
19490
18980
20368
17920
21005
21412
18452
17771
17685
19218
18666
20165
20598
20908
19922
21862
18333
20753
20116
16431
15337
17949
17490
17018
18431
19098
18851
20287
18800
17531
19705
19664
18803
16243
20423
21458
17606
19282
18564
18295
19215
18795
18555
20780
18961
18280
17129
16202
18350
19635
21326
17247
19913
22092
18305
19322
20620
19234
17325
18664
20043
21099
22227
20505
21766
21358
21461
20693
16228
15858
16725
17349
20849
21063
21305
21147
18818
20525
20809
17817
19868
23326
17391
19648
19933
18502
16388
18850
20327
18663
17420
17303
19486
17628
17999
19592
16324
18241
19469
18424
18780
18355
20150
19173
20105
19188
17968
17730
18580
18960
17401
18996
16425
17814
20155
19232
17868
17235
16642
19639
17790
17600
16722
19030
17114
17707
17642
16728
19418
21310
21939
19247
20458
19064
17920
18846
19265
18815
16994
20555
18881
18757
18361
20342
20819
22200
21015
18836
17566
16318
17277
17759
16505
18127
3539
20682
19485
22575
21964
21393
19173
19315
18871
19945
21289
19686
18458
19540
18184
20508
19745
20582
21222
19990
21811
20686
21651
21695
20826
21622
22139
19926
20603
18150
19559
22416
21639
21869
20659
21478
21235
19693
19722
20815
20469
19001
19514
21307
21524
19960
19207
18159
20130
22213
21288
19155
19928
21807
21840
21882
21502
21846
22591
19096
22469
22234
22327
21143
20584
22355
20055
18327
18141
19055
19075
18943
20975
19923
20344
19435
21067
20442
21747
18386
19563
21892
20623
18578
19175
21287
18929
20917
20608
21127
20849
17021
17789
16744
19373
17577
17840
17621
20914
19943
19872
22218
18095
18855
17692
19714
18112
20005
18411
18003
19814
19839
19760
19709
21882
19503
18298
18572
20235
18099
14316
16735
15543
15408
16717
17701
19233
16302
16550
18875
17030
16561
18976
18235
16314
15699
17288
20136
22756
17369
19254
21297
19059
17682
19521
18061
16538
19627
17893
19428
18951
16026
16940
16511
17188
15543
15455
17526
19984
20534
16262
18251
18751
18671
19531
19750
20272
17585
19976
19379
17349
17386
19173
18988
22473
18202
17135
17038
18722
19667
19933
19774
20231
17747
16999
16823
18546
17173
17339
18508
19072
18278
17651
17894
21103
19549
21393
21919
18498
19834
21337
21445
21211
21494
22404
21235
22177
20608
21865
19872
20678
22288
19856
19718
18400
21364
19725
18981
20708
21081
20738
17366
18161
19792
21530
22436
21867
21931
20001
21657
19410
20880
20443
20645
19852
18786
19216
21659
20317
20847
20962
21289
18031
18512
21020
21739
19895
19603
19869
21624
23207
22006
21256
21000
20147
20177
19833
18991
19554
19958
20383
19013
19537
20208
19055
19695
21029
19871
19637
19235
21485
20677
19932
19807
21519
22741
17982
20007
18798
19738
21349
20941
20978
19649
19602
21338
21039
20985
21463
22219
19981
21001
22528
22593
20326
21874
21857
19778
22539
20281
22617
23094
18356
20442
21656
23009
18704
21287
20147
19091
19754
20707
20188
19436
20425
20455
20325
19622
22665
20488
19229
19509
21983
22199
19190
21541
23245
23376
21676
19091
20593
21381
22168
20329
20479
19794
19755
22220
23042
20710
20902
20845
21578
22555
21365
23216
20016
19314
22157
17726
21094
