16299
15228
13216
13597
15103
13655
14486
13404
11890
14353
13969
15302
13955
13565
13909
14109
13338
13861
14503
14907
13636
14330
14385
13300
12992
13454
13426
13685
12897
13215
13214
13246
13216
13273
13547
13054
12794
12472
11269
11866
12235
12261
13504
14418
12566
11695
11501
11744
11642
11074
11457
12234
11090
11388
11281
9992
11201
11517
10070
10140
9916
9142
9507
9861
10811
10806
10923
11233
9506
9463
10188
9498
10095
10686
11786
11075
10736
10779
11260
10689
12215
11422
11906
11170
10014
9634
9717
10311
11011
10302
9497
9331
9571
10111
12671
12967
11575
12485
12504
12114
11272
11821
12242
11045
11505
12366
13263
13000
11425
14292
14032
14179
12153
11020
12069
13127
13052
11138
10223
11382
12229
11391
11897
10958
11354
10287
11317
10238
12527
10130
12005
10550
12272
11304
11526
11457
12194
12308
11504
11185
9858
10059
9289
9153
8954
9046
9431
10139
9290
9185
9391
9526
10484
9220
11131
12373
13986
13220
13532
13956
11366
11541
12473
11105
13078
12484
11069
11705
9625
10316
10845
10498
10718
11580
10420
12471
11692
13893
12274
13481
12825
12477
12151
11770
12320
10123
10792
11162
12032
11436
12242
12246
12694
11882
13362
13133
10199
10965
11000
13169
12988
13407
12421
11151
9593
10605
12102
10742
10103
11801
13128
10257
13093
11863
13797
13107
13648
12205
11699
12401
13291
11580
11056
10403
9624
11477
11226
12615
11490
9840
10671
12833
12892
11208
12299
12119
13199
11048
9996
9584
9955
11654
11487
11884
9817
10098
9968
10510
12985
12455
11851
11318
11780
12566
10399
10995
11667
12274
13107
12515
12091
13085
12872
11263
9467
9939
9888
10288
10437
9937
9376
9910
11177
13711
12562
12717
13280
11891
12471
12206
13290
11376
10392
9806
11880
12590
10998
10850
11811
12268
12724
12306
11582
9161
11703
12336
12164
13572
12151
9901
10375
10216
10285
13331
13382
12059
13093
12896
12119
12157
11603
10333
10399
10221
9657
9550
9417
10611
9888
9442
10466
10394
11013
11869
10803
9552
9031
10092
11474
11876
11337
11070
9565
9704
10336
9799
9756
10754
11381
11261
11648
11465
11157
11626
11692
11449
11047
10951
10792
10951
9714
9970
10964
9852
8919
9456
10754
9710
9433
10561
11176
10265
9039
9113
9660
11286
11469
11395
10202
11418
11979
12331
11938
11110
10278
11851
11319
12084
10454
10624
9575
9980
10278
9544
10663
11791
11952
13460
13631
12976
10479
11362
11471
11877
11287
10113
11508
11214
10359
12705
13433
13354
12843
12595
12174
13094
15677
14477
10300
10279
11596
12188
10799
10047
10626
12610
13776
13595
12815
12741
14762
13193
12812
11697
10954
9978
10863
9885
10032
10872
11502
10359
10431
11715
10169
9519
10733
12068
12771
11818
9972
9757
11772
11712
12536
11706
12050
12322
13008
12318
12386
12741
13476
14138
15121
15226
13684
12669
15064
12652
11399
12128
12344
12683
12488
10994
11617
11432
11006
11064
11945
12504
11118
10842
11397
10100
12431
13369
10073
9410
9473
10329
9562
9208
9182
9830
8590
9476
10309
9580
9439
9346
9356
10163
10944
11033
10952
11361
9506
9409
10129
10190
11132
10742
11199
10303
10369
10773
11292
11376
10088
10072
10505
10043
11930
12286
10688
11358
12125
12559
12676
13552
13749
13491
14256
13290
10545
11653
10806
13226
11610
12675
11219
12193
12102
11327
12653
11987
10744
10749
9114
9727
9913
9614
10917
11455
11188
10442
10453
10520
10539
11584
10950
10862
10165
12083
9177
9476
9804
9127
9305
9829
10528
9735
12046
11128
11358
10604
8998
9457
9510
11576
10479
11435
10902
10745
10622
11572
13517
12204
12430
12473
11773
10220
10482
9918
10094
11052
12372
14178
14082
13451
13217
12841
15216
14137
11619
10619
11273
10880
11725
11788
11986
10136
10077
10209
10955
10439
12517
12426
11010
9434
9265
9342
9239
9066
9594
10252
11678
12335
12610
11681
10906
9727
9920
9563
10020
11602
11948
12025
12019
12097
9909
9616
9605
8946
9467
9108
9075
9782
10355
11669
10060
11010
10560
11434
10273
9829
10038
11798
12542
11142
11029
9690
11088
11339
11479
10069
8934
9225
8888
9794
9800
9906
9275
10360
11445
10641
9877
9902
11674
10058
10424
10221
9947
11610
11268
11131
10056
10175
10924
10063
9465
9321
9211
9737
10832
10220
10489
10943
9954
10299
9557
9178
10029
11374
10866
9423
9460
9327
9800
9058
9484
8976
9606
9782
11574
11685
11385
10258
10790
10655
10924
11358
10647
11354
10471
10520
11359
11732
11430
11117
10459
9928
9468
11237
9744
9198
9036
10170
11470
10007
9688
10107
11536
11434
9790
9608
10034
10162
9769
9989
10136
10305
9617
9972
9338
10266
11312
11423
12861
11315
12026
10539
10386
15525
12402
11943
11030
11609
12644
11239
10881
12034
12649
10797
9728
11664
12067
10704
12554
9474
9708
9539
9603
9736
9491
9467
9482
9333
9259
9438
9838
12057
12015
11351
11531
11318
11140
11354
10257
11372
10598
11086
11329
9856
9577
9756
10755
12003
11937
11691
11093
10430
10840
11270
10705
11168
10088
11093
10713
10514
10115
11896
12618
10547
10665
11350
11332
11582
11109
11883
11424
11889
11282
10401
10257
9700
8862
9589
9729
10669
9560
10450
10305
10695
10679
10604
9941
10577
9631
10484
9819
9461
9356
10532
10971
10389
9686
10635
11947
11393
10193
11755
10516
9597
10492
11077
9055
9563
10265
10442
10431
11663
11034
10266
9717
10225
11727
12915
12819
14268
11371
12920
13456
12997
11682
13252
11392
10247
10445
12156
11111
10107
12929
13703
12842
10702
11279
12892
11620
12729
11560
11750
12544
11083
9389
10970
9530
9361
9488
9815
12077
12477
12517
11624
13494
12925
12249
14170
14322
14102
13955
13406
12608
12350
13270
12073
11316
12469
12122
10338
10744
12281
11440
11053
12248
12619
12176
12088
12534
10803
11664
11584
11743
9825
10470
12204
10935
11856
11888
11816
12402
13976
14604
12344
14515
13851
13512
13766
12621
11570
12537
13578
14275
13654
13716
12554
11413
11409
10902
9838
10442
10214
11133
12454
11411
9676
9724
11514
10124
10280
10516
9890
9636
9233
9246
9123
10719
10838
9421
10687
10995
10732
10548
9538
9909
10879
10370
9577
10908
11041
10721
10994
10993
11195
11083
12320
12478
9693
9263
9870
9051
9887
10327
9366
11746
10510
9390
8892
9387
10887
11737
11721
12311
11865
11456
12018
12133
10579
10682
10327
9911
10614
10716
11123
11039
9357
10868
9757
9977
9482
11006
9997
10589
10203
10017
10931
11489
10487
11549
11266
11173
12024
11289
9534
9419
10767
11000
10437
10451
9798
10764
11245
11869
12178
10769
9748
12009
10806
11775
12453
12210
12101
11683
11271
10845
10573
10896
12829
12670
16263
15655
11696
14360
14878
14227
10820
9835
9353
10920
9447
10366
9812
9625
9647
10709
10803
9131
9726
10964
10889
12435
11836
11326
11600
11831
11570
11482
12058
12158
11033
12496
10350
11051
11526
11613
11326
11371
11475
10198
11150
11341
14702
10754
13619
10270
10420
11574
9918
9734
10309
12867
12442
12603
13075
12620
10746
12733
13399
14290
15009
14817
12165
10951
9922
9464
9566
9847
9106
9214
9517
11162
10353
9274
10511
10505
11141
10608
10169
10371
11075
10936
13145
13768
14060
14601
13412
11078
12089
12704
11711
11547
9889
9740
10504
11656
10246
9956
9016
10140
11080
10247
8808
9567
9985
10273
10281
10140
9752
9530
11422
11991
13430
12880
11879
12603
10339
12199
11110
10015
12241
13038
12440
11330
10470
9495
10770
13148
12982
14109
13147
12347
11455
13265
12767
14988
14748
12644
11309
11012
10809
10537
12179
12835
11799
13266
12601
9548
10015
10061
10384
11653
12201
12281
12517
13499
11726
11084
11783
11606
13118
12009
12984
11833
10101
11642
10482
10690
10760
13785
11967
10058
11884
13398
12506
10965
9927
9320
11208
11417
12235
11075
10589
10509
10853
10385
11503
10553
10337
9856
10797
11999
11968
10649
10708
10642
11447
12118
10188
9466
9203
9768
11314
11835
10344
9152
9745
9403
10370
9788
9809
11011
10366
10143
10152
11372
12119
10861
11085
12637
11912
12254
12111
12925
10382
10121
9513
10235
10410
10548
10241
9145
9142
9633
8995
9603
10001
11360
11156
11195
11889
10584
10371
12101
11865
12562
11317
11064
12074
11122
11665
11942
11051
11813
13005
12401
11119
10193
10367
13219
13545
13803
16591
16397
10774
11670
10650
11666
11970
10345
10336
9460
9870
8959
9522
10602
11437
11365
12099
10015
10982
11742
10913
10763
9543
11067
9237
9999
11244
11197
9991
9845
9247
10201
12141
13363
12712
12945
12201
12419
11661
10948
11957
10231
9977
11126
11933
10356
10378
10260
11532
11298
11924
10913
12351
11336
13335
12307
12100
13127
12976
12241
12166
12485
12820
12794
12905
11704
10900
9949
9854
9950
11855
10303
11231
11928
12879
12205
11369
12167
11979
12592
12440
10405
11667
10574
10409
12340
12530
13669
11764
13350
13896
12062
13307
15120
14736
14321
13663
14197
16156
16157
15006
12606
11411
12271
10670
13164
11925
12456
10672
9877
11073
12601
12514
12922
12687
12074
11574
9682
12135
11376
11336
11400
10808
11269
11591
11579
11949
12374
11382
11191
11695
12379
12266
10573
13359
11568
12233
13575
11237
9569
9642
9717
9709
9493
9531
10811
10117
11566
10886
10833
11693
11078
9334
9742
10431
12035
12747
13486
13546
14671
12448
13119
11354
11083
11201
14142
13699
13068
11124
9834
10018
11396
10891
12887
13177
10845
10434
11124
11115
11821
12138
12453
10803
12096
13277
13103
12360
12869
13906
13312
12989
13352
11024
10485
11439
10406
10848
11931
11717
11680
11816
11997
11838
10284
12395
11793
13203
12252
11755
13513
12176
14174
12023
12258
12070
12465
12657
14673
15046
13777
10998
11000
11102
13441
12462
12146
12021
11400
11614
11176
11923
13359
12714
11604
11147
9988
9764
9399
9306
9234
10150
11803
9597
10616
11213
11013
11988
11832
12023
12262
11019
9371
9689
10556
10651
10424
11147
11464
12817
14024
13461
13783
9920
10847
13138
11062
11251
13820
14889
13985
13985
15677
14474
14633
14421
13845
15148
13570
14027
12657
13265
12741
12972
12246
11348
10689
10144
11629
10225
10634
11245
10020
10062
9344
10917
10973
11725
11744
11041
9964
9541
8941
11034
10901
10742
9846
9714
10291
11979
10826
10723
11485
12509
11125
12981
12281
11744
14058
14130
14110
13739
12073
11003
11189
11915
12450
12573
10240
12226
12858
11495
11375
11660
12999
11381
12802
12911
12127
12314
14728
12399
11308
10653
11573
12649
11524
11636
10491
9880
9413
10485
10743
10212
10967
10079
10429
11681
11097
11140
9740
11200
11889
13204
11672
10417
11009
9916
11693
10307
10212
11300
10650
11747
13035
14170
13476
13032
13190
15157
12968
10884
14520
14330
11086
10159
9559
9795
10632
11661
11980
10415
11334
10828
11517
11455
10452
10981
9504
9640
9909
9768
12086
10237
9493
10321
9850
9273
10203
9724
9393
8971
9476
9935
10196
10978
9718
9717
10980
12332
12138
12519
12071
10142
12043
10510
11731
11223
10657
11476
12538
11348
12272
12336
13571
14157
13795
13053
13523
13523
12378
12612
13571
13293
12318
14127
13955
14218
14054
14027
11187
12240
12954
13288
14425
12198
12665
10540
11389
12048
11925
11138
12227
11893
10844
12615
12172
11077
10920
10645
10183
11770
10691
9740
10585
11756
12401
10796
11143
11511
12600
11546
10396
12210
11039
11721
11301
12193
10759
9529
9541
9249
8987
10053
10984
9683
9076
9016
9008
9040
9261
9349
9163
8856
9544
9040
9605
10896
10658
11021
9967
11225
10199
10850
10540
9386
9583
9223
9351
9521
9239
9031
8806
8982
10511
9428
9917
9783
12482
11097
10547
12078
13160
11850
11423
10364
10396
9339
9449
10586
10823
10471
10477
12847
13887
11625
13243
11272
13605
13667
10876
10054
8940
9503
9677
11177
11657
9650
12642
12366
10690
10757
10366
11460
9424
9327
8952
9247
10322
10720
8896
9658
9383
11733
12442
11237
11972
11282
11695
12213
10696
11227
12009
10950
11085
10890
10263
11816
11879
12617
11405
10977
11092
13715
12162
11810
11147
13695
13442
13211
12078
14081
11526
10172
10915
11861
10114
9215
9986
9588
10216
11914
13308
13840
12514
13672
12522
13872
12685
11477
11379
14105
13710
13521
13925
13479
13858
16642
12988
10925
11268
12124
11185
12995
12084
12633
12021
11319
12548
10665
10066
10499
11045
11575
13184
14141
13107
13238
12612
13196
10311
10254
11268
10374
12124
11899
12299
10686
10070
12638
11249
10944
12105
11973
11897
11894
11771
12305
13077
14166
13258
12262
12267
12388
13408
11419
12280
12086
14915
14508
12020
12629
14202
12589
12119
11467
13014
11217
10654
13468
13617
13773
12277
12299
12612
10700
10617
11089
10225
12072
12124
12443
13196
16341
15307
14255
15398
12664
11301
11364
12216
13916
14626
13358
12317
12960
14164
12854
12891
14101
13166
12434
12859
12655
13659
12715
11757
12354
14244
15062
14023
14547
13328
12496
14166
12367
11682
11832
11229
11922
12845
13091
14609
13080
9802
10061
9980
9767
9827
10046
12029
14642
14854
13322
12785
13716
12992
11882
12689
13406
13101
9720
12437
11664
12265
12931
13958
11353
12699
14391
14359
14049
15372
16270
15069
13620
14009
14902
12695
14066
15253
13688
13686
12329
12025
11304
11341
11337
12736
13253
14831
14031
12409
13772
13807
12109
12424
13020
13124
12800
14096
14172
13169
13711
14731
14929
14389
13172
12809
13179
13820
14488
11883
10516
11163
11236
12313
13283
12212
11768
11523
13339
12149
12630
12705
13144
11914
10426
10234
10991
14562
14539
15462
14754
14519
15303
14114
15380
2706
9906
11844
10552
11612
11310
11603
11983
11255
11453
12411
12686
11695
10926
11851
12401
12231
11076
11498
10600
10452
9124
9329
10053
12008
9995
9963
10891
12124
11744
10904
10228
10015
9540
10491
9902
9898
11219
13056
12968
13382
12011
10520
11011
10778
11036
12445
12430
11371
9955
11826
11936
10529
9534
9396
9163
9267
9289
10741
10072
9357
10072
11874
11379
12309
13428
13081
13037
13833
12681
12775
10541
10302
10280
10873
11231
10427
10869
11900
9669
10213
11846
13137
11889
12154
12047
11340
11656
13141
13150
13568
14140
14325
13613
13350
13961
13142
12379
11244
13196
12113
13307
13422
13224
13613
13217
13539
14360
13886
13455
13467
11438
12148
10337
12182
13839
12811
11621
12735
15122
16837
15969
16069
15733
15331
14638
13940
15630
14892
14163
14985
14850
14556
15076
16233
16274
15406
13496
13541
13132
12203
12989
14491
13673
14113
14220
15516
14344
14558
15401
11773
15501
14403
15147
14698
15999
15129
14601
12706
13227
14609
15210
13890
13104
14414
13076
15208
14390
13455
14804
14150
13582
12818
12997
12941
13900
13860
14292
13324
12785
12293
13891
13901
15722
14974
14798
12612
14209
14724
14919
14359
15122
14751
13122
13240
14344
11686
10747
9078
9733
9234
9274
9287
9364
9320
9632
10657
9824
10336
11179
9855
12741
13316
12744
12096
12038
13700
12161
11806
12638
11611
14183
13595
12129
10588
10486
11343
11040
12493
11079
11019
12085
10519
11305
11837
11295
12492
13003
11205
10879
10880
12481
11754
10154
10102
10256
9986
9964
11034
10453
10166
9942
9898
10403
10201
10972
13781
12813
11575
10702
11015
11967
11169
12452
13178
15067
11781
13456
12493
11011
11618
11519
12005
10575
11181
12645
12461
12112
13178
12606
11791
12593
11253
10984
10934
10412
10812
10514
10382
10752
10459
9985
10348
10592
9748
10116
10368
9531
10775
9879
10573
11565
10096
10150
10065
11969
11847
11835
11488
11274
10324
10907
12028
10928
11564
11202
11353
10068
11481
11850
12913
12131
10828
12195
10649
10313
10539
10916
12504
12171
11124
10929
12273
11932
12317
11768
11094
11078
11727
11466
10590
10471
10441
10897
10701
10998
10348
11929
12082
14678
11305
