7345
4694
3586
3506
4107
3754
3795
3035
2667
3663
2971
3570
3158
3404
3489
3103
3198
3338
3234
3271
3065
2966
3199
3016
2447
2649
3015
2824
2693
2889
2761
2610
2730
2821
2809
2735
2316
2421
1774
1924
2233
2377
3099
3235
2536
1895
2151
2105
2127
1851
2242
2465
2298
2088
2396
1718
2146
2106
1717
1842
1741
1761
1582
1676
1833
1843
1903
2080
1864
1656
1931
1893
1704
1792
2353
2100
2128
1975
1983
1976
2463
2194
2385
2133
1745
1911
1842
1801
1967
1808
1636
1691
1750
1769
2824
2775
2074
2299
2543
2129
2076
2123
2343
1897
1952
2522
3076
2895
1948
2762
3144
3387
2049
1905
2094
2522
3037
2074
1755
1964
2301
1893
2512
2082
1965
1825
2018
1721
2088
1850
2153
1909
1980
2057
2374
2474
2169
2331
2215
2140
1799
1866
1691
1638
1632
1734
1743
1918
1797
1838
1668
1894
1973
1704
1928
2615
2749
2680
2709
2794
2308
2303
2147
2074
2380
2549
2107
2431
1915
2010
2154
2018
1885
2316
1993
2122
2262
3226
2595
3835
2913
3039
2730
2657
2866
2238
2723
2576
2739
2593
3074
3646
3541
3043
4408
3671
2495
2755
2534
3346
3444
3845
3597
2345
1907
2010
2673
1902
1786
2062
2983
2022
2808
2532
3384
2975
3134
2538
2545
2423
2323
2563
2450
2134
1774
2259
2536
2707
2327
2103
2024
2733
2754
2421
2625
2585
2814
2314
2042
1931
1832
2198
2466
2592
1803
1716
1827
1722
2539
2859
2258
1875
2379
2752
2074
1760
2167
2458
2830
2887
2198
2590
2772
2186
1784
1963
1790
1938
1931
1727
1707
1907
1766
2988
2741
2824
3181
2682
2749
2987
3212
2569
2113
1931
2928
3023
2350
2112
3021
2774
2894
2622
2637
1929
2212
2406
2557
3638
2803
1906
1839
1939
1933
2708
3255
2797
2747
3282
2286
2429
2499
1802
1617
1792
1788
1835
1893
2093
1942
1760
1794
1858
1882
2444
2110
1631
1729
1887
2108
2268
2235
2035
1750
1883
1903
1861
1672
2018
2221
2356
2388
2298
2191
2517
2475
2258
2043
2031
2364
2029
1642
1844
2127
1675
1660
1619
1844
1731
1728
1884
2194
2164
1796
1648
1672
2001
2219
2329
1714
2199
2386
2520
2612
2408
1887
2444
2321
2666
1954
1929
1800
1996
1873
1726
1939
2492
2395
2392
2969
2965
1989
2365
2481
2262
2477
1778
2166
2502
1976
2626
3227
3180
3080
3643
3473
3342
4572
5086
2187
2139
2421
2572
2381
2044
1966
2547
2962
3076
3152
2852
3666
2951
2603
2179
2070
1799
1934
1838
1969
1923
2220
2059
1738
2159
1694
1750
1890
2146
2693
2384
1622
1655
1821
2217
2439
1992
2020
2359
2582
2296
2422
2500
2600
3110
3259
3382
2905
2283
3550
2721
2364
2486
2474
2514
2673
2162
2218
2309
2376
2041
2534
2581
2071
1874
2292
2083
3130
2701
2043
2166
2242
2130
2145
1873
1800
1782
1886
1868
1845
1872
1729
1679
1722
1720
1863
1810
1945
2108
1692
1734
1797
1989
1994
2097
2076
1969
1729
1784
2127
2264
1894
1804
1912
1914
2019
2255
1887
1990
2504
2477
2520
2848
3008
3065
3383
3203
1861
1763
1925
2453
2036
1948
2367
2011
2362
1932
2081
2535
2310
1861
1585
1745
1695
1895
2037
2109
2215
1979
1982
2032
1781
2116
1986
1923
1755
2010
1592
1709
1643
1699
1701
1775
1987
1703
2464
2217
2300
2146
1811
1845
1755
2285
2160
2088
2323
1921
2099
2423
3306
3066
2931
2716
2345
2225
2200
2111
2060
2477
2884
4270
4246
4606
3326
3016
4071
4556
2594
2073
2141
1945
2290
2497
2555
1741
1853
1999
2188
1926
2737
2747
2223
1828
1917
1962
1727
1749
1777
1886
2271
2571
2814
2350
2382
1671
1740
1660
1857
2301
2005
2225
2185
2526
1795
1801
1747
1755
1727
1566
1824
1732
1785
2091
1644
1948
1826
2244
1835
1707
1766
1997
2571
2265
2130
1693
2021
2223
2182
1865
1732
1545
1617
1789
2017
1867
1614
1691
2227
1850
1720
1784
2029
1683
1662
1771
1681
1935
2301
2229
2124
1737
2319
1893
1609
1653
1759
1762
2146
1848
1807
1922
1856
1905
1755
1833
1832
2067
2232
1731
1702
2000
1650
1692
1673
1662
1766
1941
2189
2760
2332
1737
1808
1818
1891
2177
1963
2224
1921
1722
2185
2309
2298
2284
1976
2014
1788
2123
1938
1707
1910
2098
2225
2101
1908
1814
2368
2465
1890
1849
1859
2271
2005
2094
2158
2264
2069
2125
2267
2673
3206
3264
3402
3226
3900
2770
3106
6684
3990
3546
2764
2694
3235
2474
2236
2423
3130
2524
1996
2165
3148
2100
3033
1862
2002
1914
1948
1963
1838
1894
1914
1919
1851
1780
1858
2662
2775
2138
2003
2158
2334
2349
2019
1990
1677
1901
2369
1614
1958
1725
1826
2293
2249
2420
2144
1884
1992
1948
2018
2086
1675
1588
2020
2053
1955
2182
2712
2630
2554
2232
2188
2260
2067
2512
2446
2506
2250
2010
1944
1848
1583
1728
1603
1896
1779
1911
1772
1936
2020
2036
1736
1905
1815
1800
1812
1750
1698
2026
2071
1947
1675
1921
2062
2243
1783
1975
2147
1933
1824
2023
1579
1682
1863
2076
2077
2010
2201
1956
1678
1706
2124
2425
2940
2806
2068
2102
2697
2628
3757
2802
2215
1776
1653
2295
2022
1958
2349
2962
2471
1942
1739
2273
2203
2390
2279
2344
2582
1935
1794
2063
1972
1902
2096
2423
2601
2585
2401
2484
3329
3313
2838
3313
3909
3986
4410
4526
3822
3197
3713
2753
2963
2857
3221
2193
2271
3063
2680
2440
2723
2917
2891
2908
2863
2096
2226
2385
2719
2083
2046
2604
2133
3308
3180
2912
2337
3006
3579
2728
3380
3096
2895
2924
2692
2354
2358
2112
2872
3042
3163
2658
2221
1984
2018
1635
1807
1769
1816
2351
2293
1661
1820
2053
1747
1673
1898
1771
1735
1794
1652
1623
1904
2001
1667
1974
2276
1790
1871
1604
1686
1916
1899
1604
1894
1845
1892
1798
1778
1766
2206
2259
2654
1981
1687
1703
1674
1748
1833
1649
2130
2004
1691
1624
1737
1918
2321
2390
2629
2545
2408
2271
2601
2109
1777
1952
1595
1899
1994
1873
2146
1546
2026
1793
1823
1761
2085
1757
1818
1952
1977
2097
2232
1950
2327
2257
2284
2548
2585
1783
1685
1960
2211
2277
1763
1794
2062
2496
2578
2996
2394
2078
2514
2643
2492
3344
3085
2875
3215
3142
2752
2922
2495
3966
4083
6986
6243
3257
4532
4645
4338
2179
2016
1925
1964
1826
2152
1970
2123
2175
2353
2070
1910
1983
2206
2292
2520
2577
2229
2540
2609
2650
2498
2482
2544
2213
2460
2035
1967
2296
2474
2431
2350
2285
1961
2051
2347
3365
2019
3325
2014
1927
2544
2015
1965
2195
3283
2580
2788
3011
2603
2134
2789
2901
3646
3628
3734
2585
2343
1928
1892
1844
1952
1937
1773
1600
1775
1767
1599
1780
1856
1855
2001
1810
1726
2151
2042
3052
3547
3277
3841
2875
2206
2267
2891
2201
2389
1764
1783
1944
2207
1854
1717
1659
1748
2161
1763
1601
1652
1883
1874
1853
1923
1865
1701
1881
2417
2885
2906
2517
2539
2009
2466
2283
1997
2473
2950
2912
2192
2234
2182
2236
3601
3225
3356
3880
3119
2720
4703
3758
6440
5830
5599
3755
3567
3492
2867
3511
3250
2970
3644
3513
2311
2514
2519
2415
3105
2886
2844
2481
3407
2901
2218
2617
2554
2765
2910
2668
2680
1774
2126
1802
1841
1851
2971
2741
1915
2350
3203
3157
2489
1808
1757
2175
2385
2355
2340
2208
2102
2302
1842
2389
1993
1810
1908
1929
2223
2344
2211
1977
2094
1849
2550
1896
1731
1694
1706
2105
2489
1927
1574
1634
1597
1935
1667
1780
1812
1729
1787
1888
2212
2440
2013
2162
2278
2420
2582
2408
2691
1860
1923
1777
1865
1803
1762
1862
1589
1655
1794
1752
1788
2165
2259
2011
2104
2159
2035
2045
2232
2708
2665
2288
2159
2412
2062
2065
2478
1835
2439
2789
2530
2141
1953
2114
2833
3288
4211
4905
6073
2095
2493
2221
2189
2510
1978
2266
1973
1911
1641
1795
2088
2549
2415
2890
1979
1970
2409
2047
2070
1722
2250
1824
1930
2076
2308
1933
1774
1770
1855
2196
2693
2571
2967
2747
2750
2376
2079
2300
1930
1837
2101
2581
1894
1943
1837
2319
1943
2456
2198
2560
2321
3011
2697
2580
3148
3032
2721
3060
3221
2973
2651
2664
2069
1932
1744
1847
1822
2333
1876
2053
2514
2461
2405
2189
2565
2650
2658
2519
1797
2011
1892
1830
2102
2633
3044
2396
3090
3415
2912
3088
3712
3964
4041
4036
4146
5304
5628
5693
4695
3424
4127
2735
3245
3361
3531
2654
2158
2457
3587
3557
3534
3156
3153
2801
1992
2702
2741
2390
2348
2203
2452
2624
2672
2883
2891
2462
2309
2444
2857
2860
2210
3084
2503
2311
2670
2042
1745
1766
1969
1789
1869
1548
1792
1839
2120
1996
2064
2136
2174
1650
1734
1893
2186
2924
2887
2827
3304
2450
2745
2165
2081
2023
2854
2716
2856
2209
1788
1903
1849
1929
2175
2885
2132
1924
2021
1887
2176
2478
2465
1799
2282
2893
2893
2290
2587
3021
2706
2934
3016
1999
1833
2294
1936
1894
2234
2397
2093
2652
2641
2540
1949
2945
2527
3022
3021
2266
3579
2789
4172
3028
3177
3250
4046
3784
6753
4422
3546
2127
2041
2032
2797
2828
2274
2467
2077
2097
1791
1979
2674
2646
2282
2203
1673
1777
1665
1747
1727
1889
2153
1623
1645
1994
2070
2497
2472
2398
2125
2203
1590
1692
2004
1985
1823
1839
2089
2623
2790
3014
3137
1848
1851
2744
1902
2080
2918
3601
3201
3294
4043
3946
3754
3859
4196
4754
3384
2680
2345
2902
2757
2621
2522
2013
2019
1863
2060
1933
1826
2014
1788
2186
1593
1661
1900
2103
2322
2106
1790
1872
1936
1953
1878
2290
1752
1889
1839
2354
2168
1814
2128
2468
2088
2655
2190
2519
2707
3231
3189
3053
2715
2501
2530
2338
2753
3172
2079
2684
3088
3060
2800
2803
3461
3111
3466
3401
3066
2819
3956
3082
2579
2299
2241
2862
2309
2421
2026
1979
1795
1940
2268
1836
2207
1987
2340
2368
2295
2246
1709
2134
2190
2851
2713
1862
1945
1903
2218
1964
1739
2018
1901
2071
2546
3227
2923
2718
2825
3148
2777
1880
3076
3072
2173
1829
1616
1704
1792
2113
2227
1980
2174
1961
2067
2356
2118
1878
1846
1564
1681
1793
2186
1941
1686
1836
1916
1762
1682
1793
1736
1744
1739
1750
1764
2072
1714
1690
1953
2352
2361
2757
2603
1825
2135
2121
2219
2140
2056
1878
2665
2471
2416
2246
2482
3302
3174
2957
2870
2903
2665
2929
3392
2996
2298
3510
3631
3904
4293
4112
2468
3061
3601
4444
4533
3011
3194
2750
2786
3014
2931
2556
2890
2802
2377
2969
2744
2183
2426
2012
1804
2276
2170
1843
2098
2302
2667
2241
2234
2266
2601
2406
2031
2106
2088
2501
2249
2699
2269
1692
1734
1817
1726
1898
2079
1718
1779
1600
1818
1737
1775
2017
1708
1731
1830
1816
2057
2243
2326
2009
1928
2158
1814
2070
1962
1616
1720
1743
1833
1882
1831
1842
1684
1852
1958
1812
1956
1950
2702
2300
2006
2608
3376
2998
2803
2124
2382
2156
2200
2662
2833
2490
2506
4096
5582
2305
3080
2117
3021
2607
1895
1814
1754
1688
2017
1991
2421
2018
2585
2761
2245
2108
1696
2110
1591
1692
1722
1746
1701
1963
1543
1851
1934
1900
2725
2384
2363
2197
2149
2668
2101
2335
2218
2109
1920
2098
1991
2237
2655
2694
2015
2004
1990
2767
2346
2406
2158
3079
2899
2863
2538
3117
2282
1881
2051
2379
1793
1895
1947
1962
1895
2208
2938
3472
2797
3266
2797
3372
2930
2711
2392
3478
3627
3889
4032
4035
4324
5496
3446
1983
2671
2879
2833
3839
3006
3001
2813
2664
2937
2092
1982
2106
2012
2189
2892
3374
2963
2698
2534
2562
1779
1773
2193
1934
2311
2331
2640
2142
1825
2392
2139
2287
2658
2884
2685
2680
2559
2803
2550
3100
2849
2529
2646
2567
2724
2291
2543
2367
2893
3275
2433
2595
3135
2622
2611
2475
2998
2263
1871
2536
2985
3177
3051
2660
3307
2362
2241
2698
2287
2723
3218
3374
4218
6983
5691
4416
4686
3144
2743
2773
2869
3018
3895
3476
2584
3197
3836
3314
3058
3556
2943
2273
3018
2664
2954
2783
2592
2314
3315
3818
4048
4094
3100
2437
3024
2691
2252
1956
2252
2774
2414
2748
3161
2968
1889
2026
1968
1996
2039
1888
2243
2938
3457
3022
2977
3551
2840
2743
3364
3183
3244
2086
2680
3020
3105
2857
3771
2568
3284
4594
4878
4534
5595
6837
5521
4221
3966
4223
3147
3435
4234
3813
3811
2853
2603
2663
2565
2494
3045
3108
3868
3596
3004
2725
3219
2424
2805
2964
2276
2846
3527
3250
3077
2797
3607
3583
3321
2959
2755
2902
3057
3385
2372
1702
1759
2106
2250
2749
2692
2639
2533
2930
2545
2782
2886
3113
2886
2164
2185
2358
3494
3750
3837
4246
4130
4714
5244
6508
1172
1827
2983
2121
2454
2623
2757
2766
2761
2945
3071
3387
3136
2255
2699
2666
2794
2334
2185
2229
2038
1636
1777
1980
2541
1929
1767
2030
2275
2269
1984
1730
1842
1718
1770
1725
1681
1983
2711
2898
2651
2321
1757
1871
2207
2122
2870
2877
2418
2011
2196
2969
2291
2044
1973
1981
1953
2064
2459
2181
2181
2469
2648
3192
4547
4780
2673
2820
3228
2890
2638
2146
1862
1851
1954
2241
1925
1956
2316
1818
2002
2352
2868
2533
2528
2639
2496
2219
2603
2830
3274
3004
3283
3013
3004
3249
2927
2591
1872
2367
2306
2654
3010
2695
2983
3106
3419
3608
3361
3330
3564
2459
3029
2165
2507
3664
3566
2967
3439
5858
7026
6129
5788
5188
5027
4186
3074
4436
4092
3605
3880
3903
3559
4082
4320
4553
3989
2263
2858
3226
2857
2857
3932
3112
3228
3636
4106
3315
3563
3532
2243
4207
3920
4110
4228
4394
4520
3979
3108
3812
4543
4530
4440
3170
3667
3061
4096
3891
3028
3200
3295
3376
2898
3008
2775
3181
2964
3015
3245
3093
2487
2815
3374
4106
4151
4088
3110
3726
3747
4342
3947
4343
4567
4217
3897
5166
2142
2145
2037
2066
1936
1956
2008
2008
1936
2016
2002
2116
2014
2343
2108
3092
3172
2982
2825
2838
3175
3282
2775
3193
2871
5227
4899
3277
2303
2520
2625
2448
3499
2059
2178
2536
1853
2268
2545
2087
2689
3048
2181
1844
2535
2789
2614
1894
1732
2031
1979
2075
2271
2662
2762
2183
1895
1831
1666
1890
2764
2876
2498
1692
1919
2533
1830
2307
2814
3665
2431
2857
2457
1881
1817
1670
1782
1583
1574
2114
2116
2144
3252
2388
2163
2189
1818
1753
1915
1599
1747
1803
1605
1729
1620
1816
1733
1774
1669
1692
1855
1884
1711
1753
1601
1882
2015
1683
1609
2086
2375
2286
2088
2188
1453
1870
2171
1847
1937
1693
1808
1850
1683
2314
2832
2484
1775
2080
2147
1785
1809
1718
2190
2561
2315
1998
2188
2464
2750
2471
2202
1971
2140
2192
2690
2242
2117
2218
2124
2132
1804
2357
2471
4795
2278
