12405
13824
13681
16732
14545
14573
14642
14684
15046
14612
14129
15267
14904
16210
14757
15541
15524
15071
15153
15050
16312
15798
15475
15613
15838
16181
15765
14882
15977
16034
15552
16344
15675
15267
16524
15902
16226
15720
16912
16660
17600
17140
15862
16017
15667
16433
16842
17015
16673
16469
16469
16394
17155
15917
16345
16059
16951
16598
16359
17285
16693
17155
16764
16983
16906
16519
16491
17088
16992
16553
17078
16386
16947
16949
17041
17514
16400
17037
16851
16491
16811
17388
16305
16205
16368
16928
17220
16622
16789
16627
16865
16493
16683
16800
16505
15132
16129
16208
16277
16561
16696
16137
16398
16819
16527
15990
15999
15904
16014
16038
15590
16094
15886
16369
16542
16190
15841
15959
16693
16536
16217
16061
15977
16050
17625
16316
16528
16739
17477
15905
16110
16508
16614
16041
16273
16104
15516
16479
16435
16591
16754
16765
16449
16402
16325
16889
16506
17042
16313
16584
16764
16928
17617
16576
17294
16377
14897
15606
15114
14887
16094
15686
16561
15765
16806
16483
15434
16426
16404
17261
17121
16624
16806
16627
16082
16756
16269
15663
16684
12603
15981
14880
16169
16471
15794
16368
15830
16822
16183
17472
16018
15328
17523
16247
14285
14867
15980
15663
15209
15878
16053
14760
15037
15724
16114
16969
16747
16833
15965
16203
16186
16659
15312
16852
15956
15477
15394
15757
15630
15911
16311
16835
15852
16480
16529
16640
16980
16434
17289
16721
17133
16318
16266
17033
16301
15800
15142
16184
17371
16746
16735
17376
16324
17501
16067
16560
16751
16324
16011
17339
15958
17059
17033
15981
15791
16691
16927
16787
16069
14693
16547
15650
15601
16047
16074
16868
16822
16259
16233
16768
16529
16555
16520
15014
16478
15341
15330
15854
16298
16698
15723
15664
16370
16337
15764
15455
16202
16523
15199
15713
15940
15616
15694
15939
16395
15314
15723
13541
16180
16560
16357
15978
16292
15492
16439
14421
15605
15280
16268
15998
16924
16048
16466
16379
16515
17435
16699
17375
16747
16692
16925
16116
16923
17139
16223
15771
16363
16390
16941
16158
17412
16916
16959
17235
17148
16870
16344
16767
16287
16754
16553
16599
15578
16681
17136
16410
16226
16731
17244
17521
16800
16743
17434
16533
16670
16658
16628
16766
16753
17060
16977
16476
16538
16100
16366
16927
17463
16499
16878
16999
16817
16847
16497
16339
16059
15933
15844
16732
16270
16763
16577
17098
17650
16502
17095
16601
15461
15577
15380
14406
16146
16579
16270
16476
16918
16670
16755
16099
16330
15309
14735
14287
15254
14099
14275
14896
12406
13650
16519
16450
17038
16487
15459
16166
16562
16408
15754
15170
15493
15831
14074
14521
16715
16369
17629
16620
16741
16132
16721
17250
16432
16445
16056
17198
16246
16418
17017
17019
16337
16806
16240
16334
16626
15787
15390
15857
15956
17272
15575
15814
16003
15426
15342
16793
15731
15342
13913
15477
14775
15476
15014
16545
17068
17013
15758
16359
17565
16129
16769
16539
16990
17732
16890
16503
16671
15773
17085
16603
17078
16612
16216
17088
17126
16270
16535
16423
16308
16458
16553
16510
16746
16791
16683
16724
16768
16867
16701
16662
16649
16399
16714
17385
17272
16777
17108
16341
16848
16282
16381
16979
17558
16279
17239
17026
17084
17267
16083
16573
16390
16063
16145
16267
14199
15155
14754
15574
16169
16688
16125
16310
14980
16527
16709
16468
15954
15633
15763
16662
16723
16967
16453
16709
16722
16545
17012
16651
16695
16590
16731
16763
16610
16568
16671
16676
15990
16411
16431
16331
16551
16628
16323
16385
17273
16799
17097
16177
16787
16310
16439
16416
16349
17288
16228
16971
16485
16809
15959
16871
15969
14772
16292
16109
16361
16265
16907
16485
16750
16576
16029
14814
14353
12616
15248
14972
14147
13035
16170
16361
16432
16489
16723
16502
16989
16326
16530
16941
16571
16728
16650
15914
16125
16848
16695
16635
16650
16604
16706
16933
16252
15803
17081
16438
16736
16857
17005
16335
17166
17284
16325
16873
16263
16364
16218
16614
16588
16360
16940
16508
16766
16935
16939
17216
16626
16944
16965
16441
16321
16798
16422
17260
17102
16617
17607
16138
16834
16740
17034
16736
16330
16205
16526
16796
16167
16821
16823
16788
16718
16552
16683
17096
17282
16413
17087
16655
16753
17225
16933
16726
16207
16772
16781
17185
16561
16520
16772
16588
16781
16681
17164
17000
16432
16150
16934
16793
16817
16980
16049
16587
16810
16049
16857
16424
16737
16601
16978
16678
16537
16464
16609
16483
17228
16689
16713
16730
16934
16278
16586
16856
17815
16374
16702
15901
16723
17176
16408
16410
15795
16585
16949
17066
16754
16332
16649
16597
16802
16920
16415
16599
16375
16017
16740
16349
16846
16584
16431
16635
16060
15994
15984
15567
15802
16038
15893
15945
15871
12190
14114
14673
15662
15320
15116
15321
16474
16267
15541
17298
16257
16876
15530
16016
16708
16324
16799
16661
16918
16350
16288
16090
16394
16599
16631
16296
16392
16289
16224
16821
16644
16706
16548
16443
17068
16837
16743
16597
16080
16845
16539
16454
16705
17075
17377
16483
16304
16642
17404
17257
16244
16435
16472
16661
17378
15886
15956
16698
16456
16540
16428
16179
15971
17349
15708
16124
17108
16776
16751
16210
16709
16819
16683
16629
16592
16837
17022
17173
16559
17119
17390
16229
16110
16268
16559
16781
16461
16953
16936
17230
17337
16395
16436
16707
17479
16998
16024
17260
16374
16252
17050
16500
15950
16631
16295
16188
16429
16990
15897
16896
16206
16433
17374
16431
15864
16154
15833
16441
17071
15764
16036
15398
15948
16518
16593
16689
16832
16632
16317
14483
16079
16118
16596
15954
15877
16216
16370
16730
16367
16801
16505
17017
16052
16566
16063
15852
15574
16218
15494
15316
15802
14385
15023
15172
14214
14381
14719
15111
16019
16264
15021
15554
15320
15732
15746
16092
16591
16210
16214
16093
16168
15753
15728
16585
16786
15865
16610
16391
15612
15900
16777
16557
16527
16364
16347
16533
15880
15686
14658
15551
13976
15701
15777
15499
15431
17032
15757
15729
15415
15685
14738
15684
17039
16741
16703
16922
16764
16758
16962
16187
16798
16325
17056
17724
15797
16674
16631
17065
16929
16510
16048
16519
17372
16303
16744
16519
15758
16929
16642
16094
16470
17565
16666
16323
17366
16945
16820
16929
15886
16306
16463
17069
17081
16388
16433
16827
17119
16485
17250
16394
17557
16417
16906
16365
16368
17038
17216
17113
16651
16119
16076
16583
17160
16534
16949
16818
16259
16998
16828
17043
17198
16347
17236
16425
16706
16578
16797
16168
17070
17829
16583
16508
17059
16782
16645
17151
16995
16492
16471
16328
16404
16715
16391
15743
16345
16370
16684
15732
16281
15855
16683
16470
17117
15779
16260
15034
15568
15592
16030
16932
16020
15652
16850
15548
15057
11357
13662
15376
13725
14841
15399
16264
16526
16316
17522
16708
16762
16601
17173
16734
16881
17227
16160
16236
16932
16313
16861
16378
16503
15912
16378
16440
16320
16205
15325
15682
17052
15734
16190
16622
15587
16462
16821
15960
15987
16280
16623
14875
16085
15900
15579
16353
15772
16001
16192
15971
15827
15220
15963
15434
15431
15953
15213
15567
15925
13780
15462
15994
16891
17050
16766
17270
17077
16904
16657
17077
17498
16869
16595
16504
16028
16846
16992
16988
16398
16820
16188
16003
14616
15369
13877
16083
17315
16998
16209
16799
16973
16197
16638
17541
17660
16554
16813
16689
17140
16342
17048
16467
16374
17040
16611
17272
16631
16806
16677
17652
15663
15475
15956
15113
16720
15952
16345
16440
16403
17038
16384
16121
15883
16459
16018
15937
15780
15477
14481
15549
15551
15303
13524
15599
13634
15083
13213
15038
16438
16753
16157
15191
16347
15897
14908
15150
16144
17509
16793
16933
16781
17431
16749
15448
14454
15545
16735
15707
15918
15205
16283
16554
16425
15880
16101
16437
16161
16311
15390
15774
15909
16159
15808
15897
15029
16495
16067
16941
16841
16911
16216
15970
15858
16724
16560
16276
16375
16516
15934
16802
16886
16595
16526
16825
17033
16540
17143
16419
16555
16811
16603
16814
16958
16628
16261
16424
16261
16479
16283
16945
17470
16871
16617
16742
16424
16502
16039
16435
16381
17191
17027
16318
16954
16416
16431
16387
16476
16553
17010
16984
16325
16725
17159
16818
16527
17464
17149
16899
16895
16713
16369
16631
16462
16143
16375
16140
16337
15777
16697
17186
16594
16882
16464
15300
16344
15790
16362
16212
16088
15290
16992
12553
11964
16069
16541
17378
17271
16700
15903
17035
17082
17024
16232
16523
16831
17450
16760
17092
15755
16306
16403
17162
16346
16277
17290
15997
16735
17334
16725
17280
17206
16420
16658
16716
15537
15730
15917
16061
15541
15790
16986
17303
16412
16716
16591
16521
16356
16097
16351
16288
16727
16683
15813
17006
16063
15069
15180
15923
16459
15224
14715
15340
15654
17117
15573
15449
16784
15932
16397
16659
16589
16765
15569
16337
15866
17622
15813
16908
17098
16081
14552
15548
16642
16645
16517
16576
16407
16928
15081
16355
16051
16306
15597
14437
14222
14190
13887
15089
15075
13015
12749
12541
14287
15103
14742
15867
15712
15050
16154
15546
16614
15818
15862
15224
15880
16389
16408
16854
15587
16363
16903
16119
16082
16039
15901
16883
16668
15677
15830
16268
16414
16216
17158
16232
15968
14952
15077
15925
15252
17247
16476
16385
16893
17052
16681
16865
16888
16042
17390
17136
16536
17092
17015
16454
16808
17182
17147
16202
14901
14434
14132
16757
16701
15854
14826
16351
15781
14372
15331
15385
16027
15982
16247
15682
15984
15467
16410
16754
16616
16459
16904
16533
16326
15613
16525
16016
15076
16818
16841
14916
15924
15933
15307
15420
16551
17080
16916
16756
16406
15646
16653
15543
16061
16001
15991
16340
15993
16290
14815
15700
16046
15393
14835
15696
14727
14394
14069
13812
11138
12259
14871
15999
16305
16008
16408
16802
15856
15402
16071
16489
16007
17863
15946
16765
15643
15724
16492
16663
16275
16311
16140
16999
16847
16768
16905
16991
17072
16617
16151
16089
16242
15468
16343
16705
16918
17080
16839
16958
16083
14351
14813
16735
15862
16350
16202
15616
16125
16268
15714
14243
15125
14681
13608
14143
14672
14414
13657
14039
14740
16156
16259
15120
15169
17694
16965
17116
17317
17144
16943
17176
17675
16143
16924
16827
16536
17119
16481
16266
16686
17191
16554
16313
16621
17028
16533
16466
16609
16968
16757
17108
16557
16578
16708
16741
15394
16102
15987
16039
16353
14256
15696
14007
14497
15566
15608
16026
15874
14786
15938
16365
16678
15283
15043
15948
15259
15336
14702
14389
15598
15664
15300
15421
15641
16526
16494
16656
15740
16532
16954
16554
16082
17244
16225
16285
17062
16682
17635
16923
16907
16569
16156
17142
16831
16236
16246
16257
17358
17142
17041
16597
16573
16979
16671
16535
15775
15532
15888
16307
14410
15515
14845
16026
15975
15567
15566
16579
16599
16199
17029
17045
16700
16173
16843
16966
16576
16315
16029
17007
16678
16522
17086
17002
17600
16520
16761
16720
16740
16926
16792
15914
16637
16916
16790
16835
17105
16924
16871
16687
16598
16885
16612
16978
16341
15952
16555
16727
17180
16285
16757
16489
15826
16251
16391
16265
15787
15468
15092
16549
14417
15274
15570
17066
15170
16243
15205
15898
16172
15427
13823
13956
15330
15227
15295
14977
13918
16388
16546
16002
16203
15939
16200
15891
15858
16076
14880
16354
15869
16322
16440
16445
16621
16887
16728
16528
16674
16448
17202
16675
16291
16819
16542
16202
16670
17009
16517
16756
16349
16523
15993
16769
16719
16642
16424
16421
17395
16247
16516
16771
16444
16515
16880
17461
16578
16457
16978
16546
17190
16861
17415
17143
16738
17594
16367
16969
16415
16458
16668
16563
16663
16536
16530
16546
16555
16606
16608
16209
16477
16291
16801
16323
16080
15966
16284
15234
15824
16617
16500
16012
16196
16606
16228
16637
16035
14983
14002
16495
16777
16318
15501
15248
16590
16659
16598
16675
16607
17367
17761
16196
16714
16614
16758
16818
16243
16514
16287
16611
16348
16412
17094
16768
16032
17317
16754
17266
17208
16392
16608
17006
16814
16481
15999
16545
17214
16272
16813
15724
16127
17389
16411
15545
16199
16053
16351
15584
15636
16178
15490
16110
15734
15777
15289
15296
15797
15961
17034
17838
16209
16524
16469
15946
16199
16553
16743
16103
16225
15716
15157
15078
15566
15214
15720
15166
14312
13185
14988
14458
13408
12041
13551
15505
15301
15883
15199
15798
15936
15350
15795
16598
16841
17068
16525
16674
16567
16572
15613
16030
15877
17265
17166
16125
16346
16338
16958
17094
17105
16498
17044
16273
16678
17819
17285
16004
16541
16833
16809
16827
16243
16003
16739
15936
15817
15676
15117
15230
14918
15479
16784
15915
14649
15163
16488
16921
14919
14931
15792
15336
16489
15680
15994
16460
15149
15199
15190
15452
15062
15806
16133
16285
15858
16057
15141
15975
15325
11448
12419
15032
14502
14121
14903
15188
15524
15562
15013
14930
15635
15745
15636
14190
15768
16406
15228
16241
16067
15491
15921
15910
15627
15619
15111
15291
14616
14652
14618
15849
14894
14847
15791
16460
16322
15308
15475
15648
14475
15807
16160
16401
16821
16344
16516
16391
16076
15447
14798
14970
15649
15138
16843
16565
15848
16687
15936
16067
16489
15126
15431
16270
14465
15494
14979
14287
12694
14070
13940
12774
14387
15063
15100
15053
15533
15076
14379
14995
15289
15724
15607
15458
16287
15733
16114
15564
14088
15017
15340
15861
15543
16388
15322
15916
15408
16045
15075
15271
15026
15156
15554
15192
14586
16182
15579
15734
15422
14071
16452
16970
16797
16179
16225
16151
16697
16219
16348
16074
15805
16141
15435
16383
15466
16230
16089
16685
15222
14513
13867
14702
14385
14311
13192
12856
2288
16405
16386
16993
16817
16772
15732
15841
16075
15757
15900
16324
15195
15509
15955
16660
16307
16253
16935
16110
16771
16563
16346
16834
17098
16746
16625
16422
16328
15282
15586
16762
16388
16575
16614
16954
16420
16160
16098
15859
16351
16191
16199
16894
16532
16476
15710
15403
16269
16681
17004
15595
16121
16632
16365
16497
16335
16344
16983
15763
16464
16718
16405
15409
14720
14539
15568
15433
15350
15371
16264
15947
16627
16065
16294
15943
16600
16408
17142
16260
16242
16725
15786
15445
15275
16486
15403
15498
14862
15211
15068
15154
14901
15401
16685
15816
14798
15133
16367
15973
16329
16450
15298
15864
15129
15885
14785
15333
14793
14741
15986
15874
15750
15831
16619
14656
14064
14426
14484
12376
11113
12884
12299
12888
13368
14130
16098
14204
14263
15612
14031
14119
15133
14566
14028
13263
14443
17507
15604
13833
14523
15297
14947
14632
14813
15052
14087
15379
14320
14079
14437
13972
14365
14247
14301
13776
13782
13823
15803
16117
13357
13607
14769
15331
15630
15762
14968
14702
15432
14219
14637
14584
15200
14435
16753
15685
15262
15517
15648
16185
16114
15207
16000
13537
14238
13751
15816
15368
14838
14357
14014
14156
13428
12743
13280
12597
16211
17035
15991
16468
16552
16497
16538
16374
16400
16792
16782
16675
16747
16792
16726
16604
15545
16174
15480
16008
15552
15689
15602
15722
15534
12664
13079
14602
15447
15914
15793
16105
15059
16621
16101
16399
16319
16469
16286
15486
16250
16804
16867
16378
16809
16930
16052
15940
16498
16572
16095
16491
16379
17176
17332
16600
16502
16407
16345
16417
15130
15724
16752
16212
16358
16290
15874
16406
15436
15463
15758
16337
16269
15024
15450
16024
15653
15755
16496
16813
15181
16443
15673
16081
15657
16281
15851
15047
16178
16373
16227
16405
16256
16392
16221
16126
16778
16386
15897
16262
16273
16163
16831
16646
16523
17200
16251
16266
16375
17203
16002
15827
15732
15961
16163
16109
16468
16390
16789
16415
16587
16001
16627
16658
16179
16548
16870
17294
16834
16775
16824
16794
16646
16512
16377
16863
17236
16819
16212
16628
16201
17015
17510
16147
15837
16014
16443
16546
16393
16807
16184
15933
16338
13709
16150
