17275
19617
20321
21274
19834
19385
20701
20070
21590
21320
21689
21730
21942
20848
20415
21191
20508
20549
20718
19814
20368
21512
20724
20683
24071
21847
20479
22650
21888
21295
21292
23187
21514
21129
21964
20333
21649
23551
24278
24103
22270
21158
20449
21588
21347
23300
23086
23860
23062
23162
23106
21511
21994
22016
21322
22242
21802
22007
22738
22370
22589
22216
23010
23402
23858
22175
23241
21755
22909
22260
23132
22168
23160
22233
23013
23589
21689
23889
22626
22737
21487
22564
21501
22708
22358
22165
22792
23185
21605
21869
23276
22330
22909
23546
21653
21624
23287
23215
21805
22816
22275
22324
22652
23409
23894
23544
21181
20500
22958
23414
21221
20165
23644
23479
24624
23007
21936
22198
22931
23566
23214
22393
21807
23025
23304
23189
22867
22630
23723
20341
23837
22553
25255
22093
20536
21477
22899
23129
22090
22295
21546
22447
22008
21003
21512
21790
22906
23566
21760
22237
22317
22338
23221
21383
24495
21640
21735
21067
22290
21882
22599
23344
24802
21329
23158
21948
21312
22793
22025
23142
22703
22945
23817
22432
22901
24048
21785
21094
21414
20385
21642
21618
21932
22538
23675
22573
22536
23150
22800
22323
21034
21577
23081
21559
20991
23043
21396
23528
22564
22931
21336
19647
21187
22533
22506
24213
23758
23482
21837
23478
21668
23803
23457
20867
21217
21293
20822
21399
21474
22931
24419
20236
21611
22103
22393
23391
21816
22413
21505
22131
22708
21599
20980
21699
23027
21713
21119
21609
23076
22418
23161
23904
21039
21496
21736
23153
22361
23569
23888
20976
21447
23042
22124
21352
22547
22630
22751
23153
21758
20860
23947
21230
21878
22673
21522
23186
22915
22911
22388
23190
22344
22842
24411
20893
22104
21779
21782
21553
22254
21669
21999
21309
22084
22650
22899
21553
21637
23636
20813
22031
22543
21064
21758
21305
23747
22586
21659
20081
22029
23617
23559
22384
22990
23535
20692
19999
22727
20401
23893
22447
21682
21349
22707
22295
22854
23251
22811
23427
22020
22802
24236
22694
23508
22543
21244
21677
21684
22846
23698
22502
22154
23137
23123
22695
22535
22841
22385
23068
22861
22156
22180
21030
21341
22497
22112
23011
21631
22726
21618
23001
22651
22700
23224
21967
21596
22689
22581
22985
22572
22435
21812
22169
22175
22285
22357
23371
22472
21581
23189
22124
22450
23174
20696
21738
21801
23027
22134
22561
22376
22432
21927
23083
22841
21309
22265
23385
22916
23980
21607
20444
22354
23757
22412
23000
21755
23371
23088
21149
22671
22784
21075
19995
22139
20469
20866
21051
19242
19576
23001
22075
23103
23132
21326
22505
23259
24119
21601
20822
21427
21857
19586
20553
22058
22477
21970
22485
23251
21642
23073
23751
21789
21850
22769
22841
22596
21497
23240
23415
20482
22113
22207
23305
23776
21370
21438
23040
22589
23985
21490
23378
22039
21397
22550
20665
20939
19392
19012
21567
20447
20617
21489
23124
22955
21400
20865
22521
23173
21789
21835
23368
23322
23362
23101
22633
21859
21903
22523
22700
22492
21928
21957
22717
22571
22331
22309
22996
21405
22493
22920
22814
22159
22216
22407
22190
23679
23109
22412
21976
21837
22534
24250
22785
24565
22211
23863
22037
23336
23224
23628
22653
23320
23559
24558
23207
24722
23181
22395
23216
22635
22511
22960
22206
19458
22302
20605
21199
22255
23742
21854
22644
21391
23701
21632
23223
20916
22497
23274
22321
21156
22779
21643
22350
22190
22202
23262
22563
21328
22262
22218
24300
23926
22678
22668
22277
21180
22451
22026
22060
22698
21587
22617
23163
23787
22267
22727
22020
22626
22027
21994
22206
22482
24173
22873
23696
22151
23171
21649
21787
21713
21876
21859
22251
23739
22047
23243
22540
23674
23734
23178
21208
19334
18463
21098
21736
20381
19037
21452
22680
23116
24173
22844
23740
22682
23243
22589
22810
23173
22724
23200
21559
21999
22548
22291
21690
23027
22636
22987
23389
21909
22753
20610
22064
22269
22813
23031
21776
22507
22503
23699
23409
23571
21890
22769
23076
23032
21190
22580
21526
22616
23142
21945
21805
21991
23775
23091
22188
21687
22887
22424
23944
23216
22125
23631
21156
22733
22182
22577
22869
21291
21673
21391
22842
21207
22446
22574
24064
22620
21474
22512
22424
23634
22711
23332
21888
22914
23622
23069
22094
22197
23291
22420
23007
22586
22230
22241
23298
22141
22481
23364
22810
21365
21747
22374
22809
23234
23200
21552
21973
22115
21494
22616
21349
22690
22151
22489
22723
23466
21581
21705
22451
24664
22615
24318
22044
23415
22314
22179
24323
23028
22038
22341
21143
22607
23370
22143
22172
20870
21677
22383
22958
23917
21882
22752
22302
23445
22470
22208
22614
22630
21981
22557
22898
23113
21621
23313
22645
21581
21781
22315
21008
22031
21487
21208
22846
21973
18010
21504
20947
23248
21971
21963
22221
23012
24120
21867
22651
22804
24001
20912
23046
22929
22275
23387
23261
22628
22069
21843
21676
22275
22320
22075
22737
23392
22300
21457
23627
23583
22414
20963
22408
23322
23672
22869
22937
21934
22685
22746
22372
22263
23184
22812
22161
21896
22916
23526
23688
21606
22110
22792
23776
22490
21432
21998
24071
21174
21438
20953
21216
22495
22417
21885
22205
22359
21966
22395
22244
22571
22630
21796
22900
21173
23427
22318
23908
22038
23548
23227
22154
21229
22221
23013
23261
21875
22050
23611
23183
24212
22569
22107
22732
23680
22261
22414
23707
21736
21535
22785
22482
21104
22619
22828
21287
22838
23091
21981
22604
22088
22568
23781
22660
21182
21220
22060
23822
22229
20790
21487
21070
21135
22859
23458
22859
22639
22995
23605
21437
22510
22573
23827
23639
21764
23848
21535
22879
22214
23312
22758
23175
21674
21692
21711
22329
22408
23233
22651
21388
22442
20429
22141
22276
19586
20214
21241
19444
22658
22494
20635
21518
21119
22946
21321
21155
23933
21713
22729
23182
22214
23605
21415
22641
21850
21536
24161
21043
20994
21544
23285
23077
22483
22709
22343
23047
22810
22174
21105
22598
21388
20262
21135
21248
20480
22286
22675
23618
22174
21077
21073
21017
23592
23169
22774
23223
23446
23509
23065
22900
21954
22236
22725
22698
21715
22405
21990
23510
22431
22196
22234
22044
23526
22121
22042
22652
20475
23061
21976
22902
22460
24023
22320
22411
24124
23815
22340
23665
20647
23198
22619
23467
21935
21818
22776
23171
22179
22974
21797
21863
23054
22498
21998
21774
22736
24105
22898
22809
22258
21884
21345
22810
21806
22334
23260
22699
23240
23845
22292
24037
23225
22246
23639
22522
23090
22109
22992
21541
23414
23426
22432
22957
22689
22071
22786
22572
22757
22856
21549
21931
22221
23542
22681
20536
23071
22336
22952
21689
22326
20963
21660
22330
23302
20768
24645
20769
21049
21578
21875
22737
21749
21778
23303
21825
21636
17981
19753
21368
20413
19864
19519
21670
22025
21956
24298
21918
22582
22160
22939
23392
22683
22742
21329
22111
22771
22412
22950
21178
22811
22950
22197
20930
22082
23018
21280
22513
23909
20646
23861
23003
21809
22557
24038
22086
20780
22808
23682
20888
23090
22565
21598
23054
21100
22837
22299
22476
21983
21424
20541
19549
22714
21254
21736
23015
21304
18401
20207
21065
21165
22879
22044
22502
22706
21428
22843
22805
23905
21968
21805
23012
21929
23053
22707
23081
22068
22921
22721
22753
20845
20980
19464
22281
22189
22025
21160
22847
22517
22655
22612
23548
22809
21886
22246
21189
23836
22372
22299
22173
22736
22885
22522
22579
22136
23372
22345
23989
22541
20353
21069
21910
23053
21826
23014
21883
23223
24712
21103
21382
22220
21910
21671
22942
21134
21512
21884
21135
20601
22224
20129
21984
19208
21181
19879
21936
22457
22278
23049
22058
22538
22584
22057
21456
22278
22753
22019
23072
21295
23490
23362
23212
20458
21363
23966
21534
21746
22342
20945
23177
20782
21897
22067
23500
22852
23193
23056
20451
21246
23883
22256
20389
20916
22324
21299
23078
21916
22859
21578
22426
22827
22824
23100
22073
22719
22678
21744
23172
23348
21288
22158
21676
21895
23080
22457
22145
22713
22915
23076
23514
21576
23172
22609
21910
21935
22054
21589
22838
23898
22878
22960
22401
23381
21261
22032
22096
22194
22893
22169
23109
22348
21417
22744
22182
22788
23021
23646
22389
21942
21773
22885
22012
22653
22594
24092
24210
22857
23142
22184
22921
23949
21264
22041
22244
23398
23357
23153
23953
22547
23137
23830
22577
23444
22378
22598
22906
23471
22618
22368
19828
18507
22065
22889
23048
22540
21725
22643
22651
23084
22793
21818
22630
23318
23257
22151
22812
20055
22724
21537
22774
23007
22167
23936
21319
22698
24414
22700
23583
22937
21512
22147
23927
21660
21695
21297
21836
21522
21548
23392
22918
22695
23144
22104
23063
22784
22619
23349
22396
23042
21918
22212
22393
22755
21724
21343
23085
22000
19981
19668
20785
21729
21589
21354
21493
23228
21594
22482
21996
22950
23337
20814
23765
22103
24236
22177
23052
22642
21349
20821
22479
23879
24712
24131
23598
24351
22670
21272
22379
21763
21465
20649
20178
19878
18727
19782
19951
20769
19903
19843
18098
20944
23059
22116
21849
22519
21557
22814
22186
22964
23009
21487
20156
21804
22639
21090
22419
21184
21764
21746
22380
21974
21173
22304
21697
22351
22410
22494
22690
19896
23074
23330
21169
22061
20371
21980
22629
23379
23001
21844
22056
22682
23216
22833
22321
23473
21785
22504
23039
22325
23112
22314
21705
22157
23563
23108
19851
22247
20996
20789
21306
21295
20433
20914
22801
23506
21983
21879
21822
22306
21813
23315
22554
24895
20544
21872
23077
22584
23548
22714
20552
22503
20549
22458
21923
20968
24467
21890
21643
21322
20083
20836
21857
23268
23132
24222
24236
22658
20981
24555
21580
21884
22040
20410
22307
21386
22160
20581
22309
22021
20842
20142
21928
20747
22133
20971
20574
17169
17697
20765
23050
23593
22929
22851
21258
23174
22062
22943
22454
23361
23788
21729
22395
22099
21599
22503
22960
22109
22864
21734
22904
23230
21644
23212
23428
22318
22170
21032
20941
23115
21949
22501
22108
23014
23499
23556
24184
22685
21108
22145
21979
20528
22156
23628
22314
23134
21977
23296
20340
20683
20457
19450
19409
19552
19546
18802
20719
21080
22019
22733
21072
21023
21975
22750
23554
22754
22871
23461
23433
23257
21962
24032
22498
22761
23680
22493
22064
22995
23247
22070
20839
22009
23552
22761
21569
23589
23400
22762
22281
21937
23336
22239
23206
21731
23041
23144
23665
24150
21633
21141
21205
21657
22730
22182
22648
22433
22146
23534
24253
23610
21786
22201
23788
23906
20820
22072
20787
22633
24017
22484
20619
22031
22565
23918
21962
22896
22459
23577
22561
21999
22999
21610
22250
23658
23266
23234
22595
22897
21405
22142
23398
23561
21548
20782
23380
23508
21843
21666
22819
21904
24133
21554
24246
23305
20863
20888
21435
20389
21755
22715
23117
21858
21706
21802
22559
22799
22038
22600
23063
21721
21267
23015
22694
22732
21473
21802
23991
21717
22516
23176
22702
22651
21998
22292
22643
21066
22172
22696
21810
22393
21933
21829
23423
23250
23712
22391
22758
23892
22477
22836
21522
21896
22638
24172
22905
23111
21710
22204
23650
21399
21437
22961
22138
22695
20192
20493
20753
20253
22427
23081
22368
21078
21640
22941
21863
20814
19890
19578
19582
22267
22610
21540
22172
20134
20346
21399
20998
21860
21822
21803
21317
21900
21468
21195
22485
21289
22546
21739
23141
22145
22113
22192
23848
22207
23371
21321
22057
23036
23038
21552
22692
22234
23426
22354
21561
22301
22155
21560
23240
22540
22044
22400
23360
23927
21449
21644
21896
22114
21767
22559
21580
22176
22587
22916
22415
22554
22644
22561
23931
22364
23256
22590
22798
21820
21955
22363
22502
21989
22256
21812
21827
21785
21751
23052
21588
23098
22080
23038
21710
21641
21997
21393
19910
21257
23178
22052
21735
22476
22700
21666
22807
21735
20674
20250
22702
23454
23312
22137
21971
23169
23145
21644
22544
22449
23295
21491
21908
23629
20107
22217
22107
22413
23023
21939
21641
20753
22641
23798
22362
20832
22508
22486
25045
21211
21891
22840
21629
23200
21266
21772
22233
23034
22037
22071
20360
20956
24026
21310
21360
23010
21586
21504
21192
22015
21750
22070
21908
20269
21896
21956
21724
21256
22735
23358
24046
22977
22756
22878
22123
23022
23220
22873
21850
22154
21245
21624
22105
22182
21021
24047
22944
19815
20760
20426
19225
18194
17280
20182
20829
20730
22460
21284
22239
21511
21357
21708
22868
22596
22613
23048
23141
23219
23414
21261
19937
20960
22633
21607
21273
22134
23353
23711
22265
23455
21940
22346
22654
22081
23329
22316
21525
22945
20623
23198
23367
21838
21384
21365
20098
20614
21564
21624
21440
23126
21431
21284
21565
21017
20320
21713
22432
21146
21436
22152
22089
21897
21662
23928
24157
21794
20828
20924
22639
21952
22302
23128
22897
22076
23170
21306
21690
21105
17043
17143
19924
19112
20257
21414
21869
21646
21602
19950
20022
23186
21249
20716
19009
22331
22381
20819
22374
20241
21437
21488
21905
20918
24172
21428
19970
19146
19407
20247
21816
22559
20161
22993
24281
20911
22298
23782
21304
19854
20465
22069
23188
23406
22646
23340
23241
24067
22864
19696
19504
19672
20094
22949
22787
22816
22568
20573
21815
22554
20479
22256
24733
19750
22591
21875
20130
18061
20059
20767
17899
19256
19994
21530
20268
21290
22798
20537
21095
21942
21814
22487
21454
23616
22461
22136
20696
20009
20282
20337
21373
20525
21017
19239
20555
23661
21922
20913
20494
20096
22614
20619
19878
19691
21516
20467
21969
20901
20731
21865
22978
24230
22171
23198
21290
20627
20054
21672
20887
21100
22654
22077
20975
20865
22666
22420
23962
23377
21907
20974
18781
19706
19610
18720
18368
3525
22829
21863
23984
23409
22712
21365
22299
21213
22084
22475
20492
20718
21935
20333
22523
21659
22738
22639
22531
22975
22615
22217
23375
22231
23137
23308
22190
22939
21177
22632
24313
24074
23509
23365
23311
23543
23314
22584
22233
21489
21282
22702
22951
22862
22443
22007
21679
21874
23285
22230
21147
21742
22243
22923
21411
21897
22620
23045
21480
21772
21937
23376
22707
20462
20760
22289
21411
20506
21722
21728
22135
22624
21951
22867
22579
23509
22899
23175
21468
22568
23544
22617
21460
21912
22272
21141
22752
21810
21949
20752
20173
19851
20223
21401
20422
20264
20788
23926
22969
22267
23823
21101
21670
20925
21754
20523
21295
20226
20404
21093
22184
21095
21683
23299
21448
20954
20773
20855
18858
16470
17661
17775
17821
19538
21025
21051
19107
18594
20057
19993
19289
21318
20160
18835
18057
18978
20741
24812
20131
21639
23328
19611
20688
21920
20504
19285
21220
21298
21892
22528
20160
19995
19703
20418
20538
19306
22411
22129
21541
20508
21776
20438
20464
20627
21543
20244
19088
21424
21056
19890
20020
21902
22695
23451
20983
20338
19889
19934
22443
22211
23000
21859
20861
19792
19887
21379
19506
20261
19345
20938
20085
19126
19395
21305
20083
23089
23811
20932
22127
21958
21885
22102
22164
22391
22090
23304
22011
22948
21829
22990
23820
21711
21691
21291
22519
21878
21176
22929
21435
22421
17970
19160
22896
23319
23396
22948
22978
21762
22489
22373
22083
22582
22390
21878
21801
21391
22519
22313
22537
22387
22345
20573
20870
22136
22230
21113
20728
22053
22755
22435
21807
21798
22212
20560
22548
22942
21098
21366
23260
22953
21328
21586
22119
20343
21762
22052
22154
21410
21033
22360
22912
22467
21971
23983
24452
21589
23331
21747
21588
22865
22480
22050
21660
20934
22854
21789
22012
21972
22579
21786
21576
22912
23525
20837
23019
22796
21204
23697
21690
23552
23823
20682
22623
22780
23951
21289
22980
21816
21445
21749
22374
22866
21242
22712
23006
22847
21964
23368
22062
21889
21479
23177
23853
20648
22334
23474
23926
23590
21422
22607
22578
23382
22331
21110
21566
22150
23982
23830
21744
22341
21899
22768
23549
22637
23638
22402
21680
23358
20505
22485
