19995
19311
16977
16280
18587
16896
18771
16211
14905
18029
17769
18642
17247
16784
17551
17467
16537
17235
17963
18146
16623
17047
17569
16212
15964
15474
16172
17688
16200
15957
16286
15260
15975
17012
16677
15961
15346
15703
13506
13672
14189
14235
16383
17754
15850
14052
14107
14587
14219
12961
13804
14717
13220
13926
13864
12370
13188
13846
12183
12161
11990
11306
11147
11780
12846
12648
13143
12846
11446
11290
12066
11930
12060
12811
14059
12692
13400
12988
13064
13467
14541
13434
14310
13811
12257
11922
11268
12070
13083
12554
11296
11053
11003
12301
15090
16809
13962
15461
15150
14378
13396
14668
15200
13435
13806
14465
15713
15919
13687
16517
17225
16848
14360
12893
14295
15005
15136
13499
12231
13589
15121
13547
14506
13658
12902
12466
13873
12377
13922
12310
15015
12855
14843
13591
13903
14099
14811
14649
14061
13622
12182
11862
11225
10590
10522
10414
10883
12258
11511
10747
10961
10882
12072
11190
13118
14896
17878
16282
16825
17495
13590
15214
15310
13852
15089
15002
13567
14314
11680
12288
12656
12981
12963
14073
12907
14460
13679
17227
14516
17223
16023
15790
14742
14535
15430
12519
13595
13016
14313
13782
14631
15364
15108
13808
15893
15550
12667
13833
13940
16243
15894
17088
15762
13653
11498
12734
14881
12808
12747
14332
16650
12056
16426
13932
16581
16782
16585
15222
14737
15449
15533
13276
13202
12123
11011
13449
13490
14901
13601
11983
11974
15387
15652
13370
14937
14967
17087
13537
12025
11115
11662
12876
13792
13860
12182
11473
11911
12556
15265
14542
14299
12625
14242
15510
13453
12857
13824
14859
15290
15202
14137
15174
15775
13915
11673
11292
11125
12645
12735
11445
11051
11519
13317
16867
15094
15840
16566
14410
14682
14478
16057
14235
12672
11777
14724
15215
13570
13323
15056
14784
15592
14650
13909
11038
13982
15416
14640
18404
15505
12050
12259
12616
12159
16199
15845
15563
16167
16549
14656
14568
13800
12792
12506
12193
11761
11219
11385
12493
11972
11208
12394
12644
13328
14041
12877
11547
11114
12273
13336
14138
13157
13359
11521
12002
12194
11902
11400
12834
13456
13232
14177
14124
14101
14012
13845
13876
13571
13446
12799
12416
11771
12049
12790
11481
10594
10990
12075
11574
11002
12453
13040
12881
10749
10756
11015
12957
13306
13336
11984
13349
14501
14589
13956
13614
12548
14690
13404
15049
12494
12362
11589
11808
11547
11234
12433
13954
15216
16133
16806
16558
12562
13442
13710
13936
13356
12052
13404
13314
12388
14849
16025
16840
15818
16701
15396
16334
19091
17681
12038
12525
13441
14270
13377
12114
12746
14914
16875
16875
16381
15901
18370
17110
14872
14551
12775
12142
12455
12311
12181
12259
13897
12618
12404
13543
12180
11844
12699
14384
15255
13491
12427
11915
13773
14916
15361
14234
14280
14242
15668
15044
15122
15777
16148
16820
17427
18832
17002
15272
18693
15963
14519
14550
14533
15232
15086
13516
13551
13582
13766
13392
14372
14288
12931
13334
13807
12181
14811
16505
12290
11457
11536
11843
11204
11273
10756
11059
10722
11384
11750
11476
11223
11172
11035
11604
12562
13227
12841
12954
11358
10959
11739
11732
12826
12968
13100
11992
12499
13095
13660
13684
11989
12506
12530
12007
13471
14146
12765
13558
14682
15969
15500
15573
17562
17289
17958
16330
12782
13489
12993
15409
15400
14712
13327
13560
15126
14564
15245
14311
13083
12809
11097
11564
11467
11564
12792
13591
13496
12112
12706
12677
12495
13877
13451
12744
12688
13938
11363
11131
11102
10748
11106
11620
12448
11597
13906
13764
13557
13045
11155
11359
11339
13452
13009
13200
13182
12469
12775
13620
16302
15549
14843
14704
14331
12616
12645
12068
12184
13177
15569
17035
17778
17651
15995
15782
18470
18062
14424
12774
13505
13274
13915
14136
14457
12088
11509
12218
12715
12335
14989
15466
13470
11453
10609
11163
11304
10985
11399
12185
13730
14744
14580
13959
13091
11488
11604
11288
11662
13280
14366
13905
14306
14919
12582
11143
11251
11240
11273
10585
10764
11491
11535
13068
11843
12675
12390
14211
12788
11416
11994
13841
14661
13100
13194
11765
13082
13538
13663
12179
11093
10908
10801
11675
12002
12077
11344
11942
13440
12702
12072
11608
13273
11400
11787
12154
11583
13139
13596
13331
12392
11884
13590
12225
11543
10631
10837
11564
13342
12473
12208
12848
12058
12478
11588
11282
11446
13025
13041
11701
10955
11143
11172
10898
11088
10788
11475
11619
13874
14194
13438
12320
12653
12670
12722
13108
13084
13498
12600
12389
13285
14202
14258
14020
12502
11942
11208
13191
11966
10790
11072
12353
13093
12483
11417
11480
13594
13423
11702
11384
12291
12528
11962
12016
12271
12084
11248
11327
11518
12862
14018
14459
15811
13888
13913
13496
13309
18963
15579
14911
13609
14393
15791
13570
12618
14353
15558
12920
11202
13102
15014
13057
14954
11402
11440
11517
11324
11236
11069
10967
11036
10995
10991
10893
11556
14578
14542
13719
13420
13291
13391
13718
12363
13155
12502
13084
13398
11961
11457
11397
12361
13906
14176
14292
13394
12749
12989
13038
13200
13754
11949
12764
12396
13258
12706
13998
14573
12727
13347
13974
14386
13309
13804
14327
13649
14155
13155
12686
12178
11608
10646
11375
11490
12304
11563
12226
12451
12644
12677
13182
12440
11528
11047
11927
11774
11225
10961
12673
12773
12486
11907
12185
13700
14046
12385
13588
12965
11889
12007
13105
11035
11253
12474
12729
12952
13482
13528
12476
11307
11879
13385
15299
16208
17499
13909
15337
15946
16272
13898
16370
13918
12695
12180
14367
13346
12378
16137
17749
15259
13453
12906
15733
14398
15272
14176
14050
15630
12941
11362
12698
11487
11499
11728
12669
15311
15501
16006
14462
16436
16451
15504
17127
18216
16703
17453
16963
15978
14744
16344
14655
14776
15474
15468
12489
12648
14762
14121
13595
14963
15617
15171
15022
14622
12894
13252
13602
14195
11931
12443
14767
13493
14205
13762
13854
13652
15664
16506
14037
17525
17268
16678
16486
15862
13909
15293
16682
17192
16563
17610
15365
13630
13092
12930
11567
11956
11979
12677
14628
13454
11427
11538
13358
11693
11065
12433
11272
11005
10781
11043
11104
12432
12873
11420
12689
13190
12049
12609
11520
11867
12463
12498
11094
12553
12834
12502
12868
12813
13027
13635
14113
14747
12597
11357
11712
10788
11809
12308
11328
13714
12507
11490
10614
10823
12290
13654
13668
14964
14741
13849
14408
14403
13254
12321
12792
11486
13002
12728
13259
13299
10842
12268
12111
11831
11614
13003
11941
12230
11997
11953
12966
13316
12738
14116
13336
13376
14470
13637
11412
10828
12382
13473
12805
12500
11910
12743
13721
14714
14795
12932
11906
13898
13673
13901
15634
14973
14792
13834
13946
13398
13505
12643
15350
15203
19926
20104
14197
17632
18347
17342
12571
12124
10873
12396
11335
12096
11594
11590
11579
12654
12542
11695
11554
12683
13237
14516
13862
13767
14184
14571
14604
14083
14652
15086
13744
14880
12796
13476
13740
14698
13775
13400
14121
12392
13246
13929
17759
13153
16410
12810
12425
14475
12084
11782
12403
15834
15003
15303
15708
15341
13668
15493
15876
16990
18542
18100
14725
13244
11789
11479
11350
11369
10881
11112
10984
13058
12017
11039
12158
12599
13117
12653
11933
11830
13061
13044
15149
17339
16468
18167
15538
12714
14233
15325
13611
13339
11896
11397
12077
13360
12269
11449
11227
11810
13297
12289
10806
11025
11973
12106
12117
12004
11725
11100
12900
15609
16119
15865
15412
15481
12867
14497
13488
11798
14461
14928
15099
13464
12403
11149
13247
15903
15878
17174
16105
14967
14268
16952
15220
17480
16922
16311
13881
12689
12487
12583
15282
15424
14636
16429
15693
11715
11394
12113
11954
13406
13836
14615
15478
16874
14391
13244
14318
14205
16170
14794
14966
14316
12191
14087
12252
13016
13122
17186
14860
11643
14638
16527
15490
14236
11778
11292
13264
13557
14421
13245
13056
13447
13142
11902
14146
12905
12530
12159
12585
14018
14451
12889
12868
12692
13359
14368
12268
11486
10908
11238
13542
14510
12711
10685
11510
11281
12343
11352
11504
12461
12482
12120
12184
13787
14558
13269
13496
14925
14253
14914
15028
15637
12377
12683
11688
12450
12119
12501
12127
10873
11020
10982
10608
11017
12095
13471
13741
13273
13618
13067
12524
14258
14373
15217
14267
13378
15001
13258
13777
14613
12876
14420
16526
15077
14193
12165
12491
15354
17070
16589
19861
20566
12963
14018
12544
13194
14165
13204
12698
11456
11262
11007
11388
12623
13331
13046
14545
11900
13326
13668
12816
12665
11694
12758
10827
11550
12940
13584
11752
11279
10886
11554
14095
16177
15685
15906
15074
15481
14265
13161
14059
12087
11508
13312
14155
13004
12977
12304
14087
13616
14259
13782
13988
13939
15319
14669
14936
14980
15831
15442
15075
15607
15067
15776
16063
13551
12818
12198
11132
11531
14032
12185
13348
15157
14741
14980
12796
14406
14268
16206
15231
12373
14569
13129
12453
14485
15078
17021
13783
15892
16945
15023
17147
18661
18636
18207
17447
17506
19970
19894
18574
15337
13911
15443
13225
15255
14629
14993
13103
11644
13015
15783
15636
15712
15202
13970
13730
11615
14487
13700
14046
13731
12898
13669
13738
14052
14948
15625
13825
13259
13887
14496
15302
12922
16590
14947
14962
17016
13061
11761
11953
11583
11247
10806
11266
12149
12371
13431
12982
12591
14054
13351
10940
11450
12144
13661
15189
17403
17556
18958
14742
15578
14047
14463
13624
17433
18358
15827
13892
11807
11974
13696
13362
15669
16446
13003
12567
13085
13234
13929
14115
14859
12397
14475
16259
16805
14351
15080
16920
16572
16626
16241
14099
12485
13474
12214
12689
14263
14428
14508
14781
14742
14493
12325
14621
14479
15976
15636
14695
16229
14916
17904
14881
15634
15581
16326
16180
19015
18621
16714
12904
12298
13595
16462
15161
15697
15454
14316
13779
14397
13777
15883
14789
15470
13885
12163
11556
11553
11310
10973
11688
13535
11611
11958
13235
12763
14698
14605
14867
14736
13947
11484
11286
12061
12485
12036
13051
13785
16956
17726
16471
16818
11494
12606
15479
12969
13117
16187
18571
16448
17029
18932
18269
18438
17781
17298
18591
16531
16475
15435
16565
15685
14979
15163
13884
12385
11469
13456
12703
12038
13400
11865
11921
11130
12512
13835
13922
14091
13181
11402
11008
11082
13057
12518
12840
11786
11756
12260
14030
13157
12689
13544
14969
14491
16314
13925
15125
17172
17686
16924
17777
15991
13972
14060
14000
15676
16790
12670
15044
14900
14884
15221
14850
16312
14396
16675
16833
14692
15442
18159
14733
13422
12144
13326
14967
14297
13515
12617
12042
11062
11868
13308
11420
12857
12159
12333
13453
13641
13204
11816
13033
13863
15814
14510
12412
12828
12075
13904
12337
12330
13283
12721
13751
15574
17273
16379
15388
16771
17920
16158
11984
17105
16673
13867
11664
11373
11404
12341
13466
14222
13096
13617
13274
13783
13806
12750
12760
11827
11260
11329
11470
13969
12541
11477
11998
11652
11279
11731
11712
10942
10888
11394
11307
11978
13112
11719
11333
13312
14567
14246
14996
14237
12559
14229
12884
13600
13357
12900
13261
15120
14128
15006
14822
16180
17048
17081
16033
16653
16626
14970
15241
16646
15271
15186
17420
16983
17738
16818
17402
13508
14659
15535
15660
17235
14598
15173
13380
13526
15025
14863
13878
15512
14778
13732
15639
14876
13293
13469
12798
12070
13551
12904
11619
12842
14021
14510
12801
13865
13648
14992
14090
12742
13696
13268
13949
14092
14848
13739
11610
11419
10908
11006
12440
12953
11907
11023
10566
11074
10599
11217
11462
11051
10492
11038
11124
11480
13032
12487
12821
12132
13142
11918
12834
12598
11367
11069
10683
11001
10949
10780
10805
10574
11015
12179
11228
11615
12236
14639
12930
12926
14572
15722
14434
13613
12279
12838
11316
11463
12646
13212
12021
12733
15942
17227
13070
15173
13233
16646
16443
13087
12082
10892
11157
11481
12727
13976
12298
15041
14776
12821
12859
12274
13437
11379
10785
10759
11005
11809
12813
10408
11248
11396
13280
14513
13759
14009
13375
13997
14920
13676
13680
14028
13673
12815
13187
12622
13407
14962
15907
13757
12984
13950
17007
14670
14207
13940
16553
16704
16397
15273
17592
14517
12696
12908
13428
12342
10981
12114
11398
11972
14211
14894
16812
14922
16578
15916
16998
16051
14466
14063
16914
17650
16414
17301
17233
17920
20930
15800
12088
13671
14603
13839
15659
14340
15593
14466
14064
14748
12918
12207
12495
13340
13881
16371
17033
16604
15500
15023
15334
12474
12383
13810
12324
14108
14105
15026
13033
11909
13984
12577
13568
14315
14554
14580
14390
14212
15518
15741
16942
16680
15212
15719
15353
17355
14068
14993
14510
18765
18297
14741
15091
18192
15780
15283
14586
15353
14147
12697
16191
16878
16836
15330
15132
15563
12789
12993
13323
12490
14366
15439
14754
16276
20796
19535
17618
19133
15483
13425
13928
15214
16049
17985
16310
14155
15643
17099
15429
15280
16453
16108
14655
15616
15706
16458
15868
14353
14786
18036
17941
17403
18143
15690
15400
17682
15936
14490
13551
13438
15312
15612
15980
17861
15575
11917
11992
11740
11803
11771
11947
14138
17522
18925
16781
15558
17307
15231
14114
14913
15921
15811
11437
14410
14623
14611
14688
16747
14195
15500
18106
19368
17157
19211
19720
19249
17227
16609
18010
15804
16773
17622
16329
16286
14948
14745
13600
13659
13533
15283
16001
19647
17422
15140
16531
17541
14355
15151
15910
16596
15710
17247
16974
16105
17089
18039
18417
18176
15617
15294
16325
16772
18222
14625
12105
12769
13425
14786
15852
14914
14371
13858
15327
15318
14751
15468
15812
14633
12580
12231
12697
16657
18126
19637
19341
18441
18726
18336
18852
3328
11746
14258
12506
13979
13926
14454
15327
14018
14865
15174
15535
15249
13741
14434
14910
14845
13546
13503
13127
12428
11157
10892
12083
13778
12005
11915
13278
14253
14184
13725
12087
11955
11438
12696
11980
11877
13962
15702
15951
15623
14631
12853
12697
12933
13538
15364
15239
13894
11988
13476
14130
12448
11312
11147
10786
11094
11237
12618
12047
11108
12045
13836
14072
15525
16152
15792
16117
16847
15471
15162
12948
11906
12814
13276
14027
12874
13140
14027
12142
12860
14265
16070
14594
15070
14680
14135
14052
16043
16907
15722
16858
17508
16617
16002
17500
16080
15943
13269
16204
14584
15479
16640
15810
16343
16327
16578
17636
17465
17041
16295
13872
14703
12240
14067
17176
16415
14805
15678
19447
19993
18722
19135
18895
19027
16919
15144
18771
17218
16109
17755
17524
16839
18131
18677
19236
17863
13448
16559
16057
15273
15453
17611
16908
16166
16802
18058
16340
16718
16939
14436
18614
17031
17903
16994
17725
17803
16260
14248
14618
16584
16866
15754
14506
16570
17032
18771
18595
16255
17570
17784
16466
16159
16023
15482
17206
17459
17107
15787
15582
14359
16807
16648
19038
18733
18209
15924
17538
18139
18692
17572
17982
18312
16961
16533
17621
13506
12653
11055
11788
11206
10964
10957
11004
10828
11327
12197
11907
11911
13175
12428
15169
15482
15440
14802
14331
15969
14913
14623
15261
14170
18257
17429
14090
11744
12111
13162
13123
15976
13289
13382
14245
12271
13514
14065
13953
14511
15136
13166
12688
12507
14332
13920
11877
11567
11602
11278
11328
12940
12439
11601
11264
11476
11692
11013
13694
17529
15605
13854
12495
13006
13933
12852
14322
14793
15933
12603
15148
14245
12301
12606
13290
13702
12221
12620
14102
15596
14086
15286
14449
12998
14099
12527
12163
12446
11545
11895
11768
11684
11694
11663
11810
11578
11771
11140
11652
11635
11551
12074
11558
11631
12372
12001
11937
11647
13604
13832
12673
13052
13081
11848
12380
14366
12620
13618
13027
13251
11826
12669
13599
15806
14154
11926
13954
12287
11849
11370
12083
14483
14530
12553
13414
14847
14050
13713
13663
13339
12959
13525
12988
12753
11759
12205
12438
12255
12219
12622
14440
13145
18751
12506
