26503
24896
22172
20082
24069
21947
24500
21591
19071
23022
24150
24239
23380
22131
23993
23101
21855
22263
23778
23974
21350
22696
23783
22103
21723
19813
21108
23660
20448
20596
22273
20201
21620
22617
21644
20750
20350
21143
18307
17207
17476
18475
21544
23554
21893
17846
17993
18562
19110
16046
16910
18871
16679
18109
17718
15507
16368
17732
15013
14611
15087
13456
13383
14226
15369
15761
16434
16146
14442
13673
14200
15046
14418
15557
17585
15746
16981
15860
16042
16794
17907
16877
18641
18401
14797
14860
13772
14950
16032
15650
13905
12939
13369
14891
19541
22919
18424
20253
19341
18339
17364
18740
19591
17019
16898
18966
20360
21530
17886
21871
22600
22576
19713
16550
18295
21091
20393
18031
15479
16935
19407
17272
18831
17764
15956
15596
17490
16425
17470
15585
20278
17174
18752
17295
17339
18307
20466
19132
18318
17044
15547
14893
13554
12443
12250
12228
13269
14803
14615
13074
12955
13087
14595
13943
15625
18734
24836
21615
22977
23576
17919
20250
19281
17824
18625
19366
18542
17232
15241
14658
15356
16198
15518
17319
16417
18269
17238
22439
18711
24067
20254
20133
18613
18200
19746
14977
17429
16309
18062
16623
18451
19307
18301
17727
20638
19757
15707
17352
17814
19785
20116
22041
20408
17676
14171
15563
18725
16257
16447
17402
20821
15030
20641
17279
21658
22148
21676
19539
19944
19942
19728
16481
17322
15476
13716
16450
17188
18741
17104
15411
14310
19154
20881
16861
19697
19735
22650
17551
14463
13651
14454
15289
17723
17035
15857
13956
14787
15630
19377
18480
19076
15578
17732
20294
17085
15821
17056
18787
20374
21527
18404
20454
22047
17781
14237
13466
13448
16108
16620
14206
13579
13473
16616
22361
19720
20190
21387
18264
18729
18361
20296
18680
15633
14401
18353
19613
16865
16156
19272
19393
19464
19629
18421
14221
17389
20144
18573
24321
20427
15320
14318
16045
14640
20299
20204
20232
19947
20344
18891
18886
17636
16605
15379
15052
14233
13161
13623
15133
15284
13993
14882
16244
16096
17015
16398
14734
13671
15488
16677
17667
16425
16334
14319
14447
14576
15071
13728
15520
16867
16684
17831
17318
18061
17927
17176
16594
16617
17217
15910
15417
14231
14904
15327
14436
12678
12875
14884
14141
14146
15191
16488
16445
13106
12979
12829
15724
16450
16905
14642
16273
17713
18507
17952
17996
15694
17988
17182
18523
15548
14610
14593
14128
14024
14289
14585
17305
20927
21405
23222
22592
16280
16448
17512
17720
16629
14984
16788
17456
15192
20016
20828
22187
20331
20428
20634
20697
26620
23787
14573
15216
16655
17776
17648
14713
15750
18781
21401
22506
20299
20472
25166
22746
18546
18411
16028
15126
15010
15622
14709
14684
16947
16161
15738
17240
15286
14275
15836
17300
19169
17546
16137
14389
16990
19013
20713
18688
18243
18242
20777
19870
19660
20469
21964
21307
23426
24446
24437
19797
25051
20574
18781
18408
17876
18949
19669
17196
16146
17006
17103
17107
18036
17333
16317
16065
17014
14975
18307
20491
14871
13691
14011
14437
13319
13672
12714
13320
12926
13609
13958
14368
13384
13474
12881
14546
15662
16226
16056
16496
13984
13115
14229
14491
15409
16638
16413
14724
14538
16626
17089
16977
15133
16154
15396
14680
16536
18380
16256
17068
19359
21863
20601
20174
22540
22156
23464
21635
16022
17152
16383
19752
20405
18271
17522
16885
19429
19576
19143
18561
16567
16099
13344
13576
13565
14322
15226
17192
17049
14787
15554
15442
15421
17233
16899
15503
15845
17082
15089
13164
13594
13097
13544
13999
15099
14425
16630
17842
16885
16324
13921
13911
13701
16194
16307
15684
16583
15640
15967
16711
20781
21118
19629
19370
18821
15871
15512
14989
15305
16317
19668
20834
22682
24516
21003
20435
23622
24460
18582
16238
17100
16799
17349
17736
17736
15752
14375
15187
15946
15272
18268
19719
17300
13920
12766
13673
13468
12887
13324
14832
16934
18488
17329
17727
16376
14336
14352
13419
13831
16759
18025
17314
18273
18570
15652
12968
13528
13787
13739
12464
12969
13795
14288
15579
15166
15311
15315
18097
16436
14317
14453
16511
18469
17483
16144
14288
16259
16643
17656
15496
13693
13784
13373
14261
15467
14939
13462
14292
16862
15624
15061
14509
16086
14688
13947
14873
14278
16092
17350
16317
16330
14051
16832
14977
14087
12846
12729
13812
16191
15574
14654
15825
15454
15625
14183
13954
13826
15805
17089
14516
12959
13163
13096
13481
13105
12749
13251
13749
16562
18575
16850
15177
15110
15736
15356
16798
16171
16758
15511
14897
16184
18374
18112
18394
16191
14476
13526
16148
15526
13079
12811
14808
16365
15478
13408
13748
16336
16781
14347
13437
15105
16238
14352
14250
14830
14384
13733
13772
14344
15457
16905
18368
19754
17438
17654
16209
16533
24206
19572
18937
16776
17944
19498
17185
16070
17769
19943
16278
13754
15668
18872
16570
18491
13836
13673
13506
13392
13138
13080
12938
13147
12972
13273
13025
13817
18416
18693
17049
16748
16368
17267
17737
15539
15864
15265
15852
17350
14537
13932
13702
15675
17397
17186
18304
17772
15699
16002
15579
16680
17243
15102
15718
15132
17005
16097
17236
18113
15352
16282
17498
18047
16474
17310
18377
17097
17691
16408
16601
14869
14066
12580
13634
14266
14892
14314
14774
15683
14615
15270
16784
15707
15196
13558
14097
14777
13791
13158
14545
15889
15726
14991
15261
16761
17414
15666
16552
16177
14845
14201
16455
13770
13610
15300
15924
15892
16190
17498
15472
14448
14440
16315
19970
20775
22406
19236
19086
20198
21642
16781
22397
17744
16077
14907
17510
16855
15634
19758
24563
20828
18118
16094
19801
18635
18876
17963
17588
19758
15863
14075
15045
14506
13729
14626
15981
19085
20376
20476
18858
21683
21866
20558
22253
24119
21930
22410
22088
19755
18587
20562
18301
18840
19128
19516
15549
15096
18393
18212
17138
18946
20300
19513
18696
17837
16970
16044
16520
17742
15139
14994
18348
17065
17869
17400
18259
18643
21543
23902
20178
25554
22463
22033
22248
21276
17581
20720
22477
23067
21581
25066
20916
17800
17150
16467
14117
14460
15062
15846
19112
17377
14189
13870
15384
16073
14518
15524
13482
12964
12633
13394
13742
15170
16043
14767
15584
17103
14613
15605
14278
14710
15180
15986
14268
15354
16309
15903
15938
16026
16282
17509
17127
18856
16464
14015
13534
13043
13975
14944
13844
16692
15657
14170
12760
13151
14643
16349
17305
19063
18604
17945
18144
18167
17174
14778
16082
13648
15565
15464
16419
16690
13676
15040
14755
14366
14121
15975
14916
14758
14265
14764
16159
16342
15442
17475
16656
16622
18114
17175
14306
13359
14738
16806
16455
15678
14764
15319
17370
18147
18695
16261
14707
16475
17234
17094
19972
19245
19094
17624
17340
16409
17366
15536
19237
19021
26897
25705
18330
21999
23732
22022
16284
15385
13452
14466
14055
14732
13596
13525
14208
15563
14994
14610
14029
15047
16353
18189
17112
17175
18076
18153
18227
17457
18479
19784
18209
18439
16236
17156
17308
19025
17187
16799
17083
16055
16931
17339
23906
16386
20919
16309
15091
18535
15367
14049
15693
20067
19637
19659
19761
19942
17496
20183
20257
21772
25074
23764
18567
16739
14590
13682
13568
13856
13358
13243
13236
15286
15407
13669
14747
15829
15982
16226
14384
15160
16193
16648
18885
22051
22016
23340
19711
15711
17629
19516
17111
16720
15189
13835
14764
16544
15429
14281
13795
13986
16639
15526
13149
13158
14684
15158
14904
15222
14719
13442
15372
19805
21043
20239
20989
19204
16311
18669
17920
14744
17865
19173
19882
17660
15942
13921
16352
19843
20585
22562
20760
19433
18405
21518
19179
21835
21206
20437
17264
15723
14924
15716
19358
19366
18251
21243
20614
14748
13587
14829
13940
15963
16930
18677
20174
23116
19298
16273
17720
18051
21345
18327
19295
17883
15653
18475
15231
16072
16522
22280
19353
14415
18243
20331
19649
18514
14816
13553
16044
16516
17204
16700
16924
16782
15891
14201
17855
16335
15093
15124
15241
17081
17701
16670
15982
15447
16438
17995
15404
13653
13012
13871
16324
18360
16145
13287
13512
14032
15743
14232
13912
14854
15629
15103
14717
16810
17755
17286
17062
18460
17739
18742
18950
19549
15945
16242
14156
15327
15646
15603
15042
13041
13106
13154
13006
12960
14108
16472
16976
16878
16770
16561
15573
17647
19052
19270
18952
16648
18789
16876
17079
19452
16009
19370
21473
19010
18407
14906
15593
19822
22321
20365
28123
27070
16920
17505
15729
16283
17769
17084
14819
13688
13511
13208
13825
15337
16438
16185
18187
14822
16521
17532
16022
16279
14792
15321
13701
13571
15375
17048
14575
13769
13009
13752
16960
21996
21237
20630
19994
19785
18216
16680
17131
15274
13638
16333
17640
16514
16021
14956
17742
16369
17507
17562
17538
17534
20584
18656
18493
19113
20914
19834
18876
19477
18592
20580
21255
17117
16363
15454
13153
14195
17345
15974
16941
19775
18421
19645
16105
17829
18683
21916
20733
16620
19413
17058
15425
18742
19279
22856
17653
20801
21525
19603
21958
25073
24984
24388
21682
22377
26847
25992
25061
19729
16547
19529
15871
19340
19266
18452
17300
14235
16309
19438
19969
20131
19155
17918
17221
14077
17648
16825
17644
17545
16024
17622
17279
17153
19195
20086
17755
16655
17097
17815
19719
16555
21556
19858
18953
21586
16338
14704
15171
13967
13061
13029
13349
14406
15621
16678
16033
15792
17477
16729
13666
13632
14219
16609
19298
23764
23852
25083
18452
20055
17343
19137
16977
22443
24390
21083
18277
14658
15096
17000
17304
19320
20882
16597
15907
16821
16618
16907
18123
18935
15890
18848
20309
22315
18085
19099
23149
21371
21651
22144
18849
15609
16176
15188
15744
17506
18590
17970
18407
18589
18324
14733
18885
18448
19731
20508
18181
19788
19870
22817
18703
19092
20283
20224
21458
25196
25587
22667
18001
15932
17773
21046
19171
19977
20198
17889
17348
19176
16080
21550
19315
19625
17955
15157
14643
14362
13810
13500
14633
16810
14526
14549
15947
15545
18356
18228
19190
18549
18280
13973
13507
14241
14752
14808
15604
17772
23342
23679
21391
21560
14494
15568
21272
16580
17329
20193
24848
21920
22638
26463
24123
24175
24345
22636
24456
21544
23116
20655
22295
21760
19310
19982
17761
14534
13918
16654
16944
14609
17365
15093
14779
13619
14916
16929
17927
17631
16741
13977
13506
13447
15751
15895
16869
14367
14211
14957
17335
16730
16063
16999
18696
19295
20768
18558
19518
22330
23780
22218
24487
21574
18104
19113
17237
20627
22623
16538
18887
18634
19880
19497
18318
20347
18445
22680
22375
19019
20505
24357
19356
17226
15648
17023
19230
19342
17295
15586
15205
13746
13682
16571
14301
15511
14846
14992
16401
17044
16858
14986
16071
17021
19915
18022
15669
15098
15141
16635
15451
15373
16044
15863
17038
21021
22421
21703
20237
23165
23912
23809
15545
23552
23206
18660
14976
13923
13637
14499
16928
17200
17113
17096
16751
17369
17666
16612
15831
15243
13783
13733
13723
16727
16057
13892
14532
14463
13896
14154
14918
13307
12993
13031
13467
14396
16175
14626
13808
16336
17484
18363
18597
18307
16182
17595
16134
16750
16909
16749
16649
19632
18144
18863
18955
20829
21645
22611
20288
22431
21951
19923
19165
21685
19850
19822
22185
22116
21894
21965
22748
17939
18606
19649
19570
22483
18199
18930
17180
16275
18770
18276
17360
19915
18395
17791
19269
19090
16139
17030
16042
15079
16201
16120
14394
15238
17257
17790
16771
17827
17314
18600
18271
16111
16844
17231
17860
17192
18301
17719
14255
13575
12564
13034
14863
16005
14678
13119
12616
12984
12604
13548
13100
12976
12411
13246
13133
13601
16160
15718
15820
15386
15842
15143
15442
15997
13719
13191
12674
13254
13186
13158
13027
13018
13452
14718
14105
14373
14669
18132
16562
16100
17415
19600
18213
17196
14794
16151
13828
14024
14849
16308
14414
15481
20170
21396
16239
20495
16959
22822
22238
17122
14820
13246
13260
13609
15116
17121
15592
18525
18484
16292
15537
15398
16559
14561
12852
12955
12869
13940
15887
13864
13458
14117
15661
18383
17333
17423
16864
17168
18368
17318
16670
16839
17009
15594
17110
16070
16094
18482
21223
17656
16252
17966
21557
20287
18081
17823
21181
21362
21739
20144
22619
20364
16609
15321
16194
15696
13637
14647
14656
14690
17439
18728
21335
19809
21674
20850
22211
20632
18749
18650
21096
22700
22584
21297
22410
23320
27389
20726
16710
19415
18077
17190
19153
18499
20030
18350
17668
18291
16052
14773
15055
16458
16925
20930
21670
21270
19822
18732
20138
15997
15329
17144
15739
17374
17922
18578
17074
14501
16684
15872
17501
17992
18166
17891
18282
17951
19460
19836
22070
22071
19678
21096
20237
22925
18351
19143
18766
25247
24655
18604
20064
23910
20933
19936
19177
19949
18342
16226
19730
22045
22615
19795
19502
20100
16209
16041
16320
15767
17210
19271
18862
20750
27042
25741
23273
24575
21258
18060
17603
19573
20916
23176
20633
18683
19930
21241
19931
19707
20776
20469
19264
19726
20428
20727
20091
18800
18783
23204
23661
22847
25046
20987
20040
23008
21299
18457
16680
16944
19480
20671
20706
24006
20510
15192
14728
14122
14654
14443
14786
18647
23160
24656
22014
19631
22916
19276
18340
18810
20114
20104
14288
17470
18630
18712
18386
21539
18730
19300
23060
25528
21908
23763
24784
24652
22160
21612
23541
20955
21560
24941
21579
21463
19251
18777
17593
17455
17338
19093
21128
25305
22869
19515
21695
23166
17955
19641
20084
21046
20598
23828
23134
22165
21822
23961
24165
24593
20012
20650
21750
23068
25354
19090
15273
15549
17328
18577
20901
18784
18061
17217
19477
19174
19582
19371
19322
18680
15939
15058
15833
21538
24188
25722
25225
24349
24040
22824
24447
4781
14499
18205
15526
16893
17219
18004
19229
17629
19070
18699
19026
18696
18175
18364
18439
19065
17335
16421
17405
15049
13933
13169
14172
17491
14899
14272
16136
18601
18749
18423
15137
14984
14041
15773
14677
14753
17815
20701
21144
20054
18985
16368
15495
16090
17169
19093
19454
17205
14430
16606
18388
16280
13549
13307
12602
13137
13961
15042
15108
13062
14175
17028
17850
19752
18800
21217
20901
22240
20892
19642
16872
14692
15676
16702
17325
15951
16178
16881
15411
16213
17747
19991
18951
19553
18403
17569
17783
20907
20592
20557
22467
24340
21409
21349
23028
21484
20871
17277
21070
19131
19029
21946
20954
22047
21249
21400
22362
23217
22284
20415
17674
18556
15532
16983
21954
21381
19965
19574
25483
27449
25325
26149
25497
25679
23271
21182
25409
22967
21673
23877
23451
22881
24286
25428
26350
24389
16644
21073
21989
20076
19512
22560
21864
22320
22955
24789
21787
24290
25474
21333
26009
23713
23602
23168
25432
26125
24929
20196
20442
23266
24783
20886
19295
22435
19562
24633
23902
22194
24373
24519
21759
20757
22380
19419
22441
23138
22127
20637
20416
18471
21776
21895
26050
25674
25303
20971
22660
24877
24830
23040
24504
23712
22114
22348
23413
16834
15387
13772
14953
13167
13124
13239
13444
12912
13616
14407
14347
14089
16585
14815
18685
19854
19235
19208
18113
20194
19162
18917
19037
18115
24155
22197
19081
15106
15836
17118
16401
19569
16503
16723
17836
15679
17149
18004
18207
18081
19523
17023
15223
16029
17515
17268
15241
14726
14512
14517
13786
15964
15393
13861
13565
13928
14679
13929
17240
22297
19922
17738
16098
17057
17582
16237
18487
20416
22479
16386
20555
19063
15366
15125
16894
17197
15979
15425
18210
21216
18692
20474
18875
16202
18209
15894
14642
15624
14486
14663
13954
13914
13826
14341
14333
13745
14038
13432
14123
14019
13817
14378
14250
13982
14588
14995
14928
13719
16178
18275
16857
17639
17462
15442
15241
18579
16773
17824
16405
16680
15405
15046
17199
20212
18623
14422
17363
15850
14864
13785
14786
18533
19085
16956
16670
18491
17522
17963
17894
17206
16157
16676
16466
16302
14837
14971
15588
15467
15006
16173
18960
17446
24880
15978
