11737
13842
14726
15297
14144
15609
14379
16101
15817
15070
14307
14387
15083
15068
14898
15448
15696
15282
15308
15253
16318
15131
15235
15810
15075
15923
16343
14378
16229
16095
15616
15498
16050
15775
15487
16693
15513
15508
16387
16267
16448
16982
15875
14769
15976
16801
16423
16355
16376
16867
17023
16995
16640
17123
17156
17055
17017
16567
16851
17115
16857
16852
16451
16925
16338
16882
16725
16955
16660
16892
16422
17655
16823
16931
16411
16576
17179
16550
16992
16911
16550
16877
16566
16802
16725
16930
16868
16865
17362
17299
16757
16287
16375
16898
16364
15522
16294
16069
16347
16468
16558
16337
16277
16627
16106
16223
16514
16194
16255
15002
15270
15177
15916
16316
15659
15698
16079
17022
16661
16392
16257
16223
16847
16636
16663
16614
17148
17126
16011
18073
15807
16807
15770
17404
16997
16834
15744
16422
16953
16576
17653
17405
16761
16843
16636
16709
16592
16765
17653
16469
16542
17001
16297
17332
16053
16120
15058
16019
15344
14942
16665
15488
15579
17156
15646
16346
16860
16260
17244
16172
16580
16943
16551
16670
16702
16153
16131
14934
15543
13950
15607
15616
16362
15925
15681
16660
16676
16216
15814
16330
16034
15840
15557
15575
14144
14454
15852
15845
15975
14673
15908
15116
15144
16112
16587
16123
15709
16669
16901
16031
15017
16481
14771
16713
15260
15511
15697
16675
16262
16028
15393
17784
17148
16811
16738
16514
16439
16293
16659
16744
16222
16427
15342
17062
15523
16513
15559
17280
16408
16684
16895
15693
17103
16389
17264
16336
16741
16535
15320
16476
16635
16667
16663
16121
16550
16357
16053
16261
15786
15738
15268
15749
16069
16361
16831
15997
15723
16843
16956
16445
16410
16158
16129
15993
15967
15239
14996
15500
15838
15686
15547
16617
16474
16143
15888
15823
16411
16513
16789
15897
15705
16530
16351
17288
15873
15307
16518
14238
15549
16246
16126
16762
16226
15042
15669
14884
15113
15454
15789
16535
16729
16574
16831
16896
16887
16631
16651
16544
16983
16886
16282
16668
16238
16362
17282
17008
16979
16757
16161
16671
16712
16354
16765
16944
16520
17056
16647
16750
16968
16971
16913
16719
16936
16205
16453
15930
16673
16808
16691
16278
16970
17342
16661
17005
16541
16514
16778
16565
17042
17211
17019
17092
16740
16469
16517
16493
16367
17109
16353
16077
16502
15887
17303
17179
17405
16312
16904
16416
16490
16556
17081
16534
16544
17099
16831
16313
15947
15044
15703
15274
16491
16293
16522
16341
16328
16539
16140
16739
16403
16003
16493
15795
14783
15523
14993
15546
12361
14021
16489
17524
16402
16302
17083
16907
17030
15580
15733
15402
16218
16566
13666
15583
16319
16114
16362
16834
16816
17379
16503
16163
17469
16621
16730
16268
17369
17108
16374
16112
16331
16690
16610
16408
16067
17012
15902
16291
16181
15768
15987
15885
16740
16335
15153
15624
15133
15439
15277
16246
14263
16013
16825
15733
15968
16287
16140
16583
15940
16910
16676
16870
15892
15524
16710
16705
16779
16847
15442
15570
16318
16846
17440
15959
16519
16627
16261
16310
17250
16810
16474
16951
16645
16658
16443
17057
16583
17141
17103
16629
16757
16376
16655
16643
16069
16942
16537
16905
16832
16730
16609
16804
16692
17081
16204
16655
15973
16174
16669
16703
16142
15665
15929
15233
14387
14962
15199
15149
17526
16405
17382
15745
15958
15884
16768
16032
16050
16420
15928
16648
16904
16409
16695
16617
16436
16678
16708
16677
16755
17052
17196
16757
16538
16274
17031
16328
17713
16635
17187
16523
16334
16599
16693
16581
16449
17052
16325
16839
16764
17105
17464
17334
16881
16158
16531
16354
17068
16928
17007
16552
15430
16035
16071
16115
16232
17257
16911
16852
16745
16451
15751
15735
14760
13855
15095
15293
14120
13624
16115
16452
16367
16140
16211
16030
15932
16674
16405
16949
16445
16479
15622
16200
17189
16556
16452
17041
16676
16770
16508
16624
16681
16115
16499
16500
16752
16480
16759
16320
16598
16567
15551
15805
16001
16741
16908
16404
16683
17565
16481
16472
16523
16338
16923
16470
17206
16426
16845
16865
17569
16792
17059
15962
16133
16658
16324
17358
16778
16742
16533
16497
17441
16882
17268
17154
18530
16687
16920
16287
16764
16699
16822
16797
16568
16845
16226
17186
16638
16211
16631
17158
17120
16596
16802
16852
16770
16595
16437
16382
16873
17049
16480
16374
17992
17203
16869
16996
16591
16638
17251
17037
16786
16294
16563
16707
16393
16444
16672
16658
16134
16449
16089
16829
16171
17260
16345
16546
16678
16828
16644
16076
16341
16281
16476
16890
16567
16777
16627
16803
17620
16342
16347
16722
16062
17409
16507
16086
16450
16586
16465
16651
16806
17055
16653
16556
16697
16698
16338
16267
17074
16494
16632
16875
15744
16393
15628
16014
16385
12575
14085
14239
15470
15634
15036
16302
15975
15411
15507
15668
16429
15689
16813
16800
15335
16660
15946
16380
16051
16369
16451
16310
16203
16655
16480
16514
16469
16250
16500
16499
16297
17031
17010
16319
16763
16491
17034
16418
16867
16883
16915
16730
17190
16325
16398
16412
17372
16601
16138
15903
17266
17131
16646
16581
17003
17532
17088
16111
16379
16452
16889
17098
16376
16121
16835
16555
16171
16700
16735
16962
17096
16610
16546
16526
17607
16464
17025
16609
17395
16213
16449
17188
17402
16623
16158
16130
17414
16571
16651
16306
16465
17127
17054
16627
16217
16968
17047
16056
17175
17015
16787
16993
17301
16244
17253
17595
16528
16211
16817
16850
17038
16516
16236
15791
15335
15111
16072
15500
15668
15727
16115
15635
17203
16672
16549
16510
16517
16753
15919
15167
15710
17145
16448
16035
16799
15815
16167
16182
15925
16212
16745
15951
16890
16962
16957
16843
16245
15416
15779
16613
15138
15361
15412
14915
14671
14569
14293
14904
14876
15637
15216
16428
16564
15704
16340
16498
16235
15897
16193
16268
16172
15387
16409
15737
16211
16955
15827
17182
16898
16740
16174
16060
16868
16004
16098
16353
15379
15341
15009
15867
14267
15150
15710
15527
16525
16630
15515
15863
14863
15856
15219
15823
16195
16547
17025
16391
16553
16677
16603
16495
16798
16894
16501
16417
17323
15948
16873
15996
16248
16035
16529
17154
16207
16994
17265
17072
17178
16225
17209
16712
16979
16328
16994
16929
16327
16659
16620
16181
16877
16717
16817
16053
16164
17032
16789
16495
16830
16616
16803
16971
16112
16446
17239
17059
16386
15844
16358
16607
16416
16596
16577
16155
16861
16551
16250
16692
16584
16957
16621
16718
16461
16614
16212
17399
16687
17331
16456
17444
16447
16686
16697
16640
16408
16654
16373
16071
16589
16178
16493
16742
16247
16416
16660
17251
16757
16996
16931
16808
16529
16817
16247
16635
15641
17121
15326
16426
15786
16049
15843
15646
16435
16037
15943
14999
14521
11528
12641
16512
14264
14363
14987
17011
17243
16734
16165
17147
16684
16951
16326
16500
16893
16508
17623
16839
16183
17185
15950
16980
16305
16038
16133
16035
16215
15978
16058
16095
15766
17309
16078
16199
16296
15947
16282
16754
17966
16416
15873
14611
15905
14615
16310
16255
15667
16569
16383
16218
15447
15761
16438
16405
15553
17857
16104
15154
15142
14267
14872
16184
17289
16695
16911
16660
16226
16781
16855
16352
16481
17234
17235
16701
17324
16783
16851
16815
17180
16544
16597
15214
15163
15226
14689
15626
16302
16547
16025
16509
16593
16842
16627
16398
16472
16848
16909
17541
16539
17001
16655
16817
16459
17202
16780
16305
16980
16758
16484
15792
16218
16084
16100
15795
15337
17745
16178
17092
16528
15587
15996
16155
16624
16355
16936
16859
15929
14839
13939
15280
16091
15789
14612
15134
13100
13703
15075
15458
15518
15822
16179
16181
15564
16347
15111
15417
17108
16155
17368
16311
16967
15718
15983
15910
15172
15740
16015
16223
16176
15320
16385
15387
16958
16848
16069
16536
17058
16189
15108
16234
16379
15413
15112
16403
15989
16277
16740
15985
16180
15961
16637
16380
16706
16547
16116
16715
16584
16668
16809
16189
16359
16509
16754
16942
16291
16530
16167
17032
16804
16697
16819
16287
16256
16721
16594
16604
17368
17261
16644
16711
16310
17003
16809
16722
16342
16624
16760
16809
16593
15773
16226
16210
15861
17519
16902
17163
17168
16637
16876
16637
16640
16531
16647
16820
16181
16201
16444
16187
16431
16462
17241
16738
16027
16691
15902
17058
16466
16361
16417
16071
15950
16459
16278
15239
15696
16769
16705
16331
14918
14600
14614
11714
12035
16703
16276
16427
16348
16625
17273
16604
16574
16287
16834
16941
16346
15806
16904
15980
17665
17241
16356
16528
16523
17164
16295
17301
16438
16373
16563
16646
16450
16480
16168
15976
15699
16388
15756
16643
15594
16892
16276
16232
16728
16397
16636
16040
16479
16775
16264
16529
16181
16185
16751
16093
16034
15434
15950
15438
15316
15844
15758
16791
15492
15616
16292
15521
16251
16903
17046
16278
16773
16126
17722
16407
16566
15880
16242
16036
16332
16544
15642
15675
16623
16100
16575
16626
15714
15982
14952
16807
15220
15185
16109
15341
14564
14982
14073
15243
14272
12016
11659
13153
14380
15163
14924
15828
15381
15491
15721
16180
16398
16154
15906
16433
15402
15199
16053
15885
16985
16008
16067
16097
16668
16777
16221
16038
16312
15990
15720
16230
16732
16111
15442
16509
16686
15076
15481
15189
14744
16439
17554
17241
16482
16354
16558
16783
16066
17620
16534
16400
16810
16298
16671
16823
16511
16296
15965
16867
14879
15227
14411
16520
16065
17592
16614
15918
14732
14416
15061
15881
16522
16774
15865
16487
14874
16004
17173
16665
16523
16618
16850
16854
16397
17060
16704
15668
15983
15656
15700
15117
16103
16181
15543
16771
16299
16158
16273
16080
16483
16668
15897
16426
16382
16380
16872
15275
15525
15117
16126
15772
15274
15913
14314
15550
15429
15007
14812
14194
11379
12171
15065
16712
16030
16553
15112
16347
15763
16453
16528
16931
16256
15896
15583
16002
16168
17073
17106
16876
16901
16771
16624
16772
16422
17223
16607
16211
16775
16318
16743
16480
16308
17068
16679
16380
16295
16234
16400
16079
17002
15228
14700
15664
15592
16605
16334
15671
16574
16448
15062
14274
15010
14609
13678
14724
14934
14004
14882
13587
15254
14903
16223
15483
15537
16102
15926
16120
16417
16588
16655
16782
16610
16916
16540
16435
16839
16251
16777
16563
16352
16621
16664
16764
17415
16897
16922
17367
16799
16875
16886
16545
17445
16143
16651
16287
16503
15371
16251
16067
14657
14805
15842
14666
16651
16440
16320
16160
15263
15141
16536
15453
15529
15899
15764
15710
14559
17078
15282
15077
15982
15449
14657
16172
16239
16502
15746
16243
16042
16678
16558
17211
16785
16475
17481
16901
16352
16456
16502
16407
16296
17413
17379
16214
16203
15733
17117
16395
16426
17010
16276
16725
17153
16375
17254
16069
15284
15359
16175
16360
15222
14894
15042
15877
15696
15046
16229
16584
16746
16727
17269
16045
16824
17327
16449
16621
16597
17449
17027
16182
17565
16810
16489
16439
15859
17218
17027
16821
17133
16713
16682
17652
16612
17057
16667
16104
16814
16381
16925
16678
16374
16339
15987
16142
16278
16884
15916
16584
16250
16911
17247
16335
16363
16409
16421
16595
15326
15874
15289
16151
15196
15225
15538
15669
15299
15481
15880
15454
14988
15129
14631
14774
15975
15407
15000
14250
13624
16087
15914
16344
16174
16238
15778
17042
15994
16426
16964
15464
16271
17044
16579
16531
17314
16249
16738
16673
16718
16193
16164
16726
16355
16180
16676
16339
16941
16034
17193
16699
16343
16254
16837
16617
16500
15893
17030
16732
16474
16905
16511
16588
16765
16844
16719
16359
16567
16759
16373
16573
16407
17213
16417
16015
16976
16270
17049
16438
16851
16716
16256
16351
16603
16488
16289
16624
16483
16770
16502
17275
16547
17254
15654
16615
16522
16368
15646
16823
15926
16369
16835
16761
16411
16096
15994
16114
16451
15187
14435
15986
16231
16699
15475
15399
16516
16903
16983
16456
16608
16116
16834
17919
16048
16675
16741
16963
16729
16582
17180
16645
16759
15963
16471
17054
16994
16644
16383
15824
16288
16692
16165
16555
16275
16689
17033
16609
16628
16618
16295
17380
17337
15858
16697
16341
16400
17191
17521
15474
16082
16911
17044
15575
16192
15688
16780
14982
16670
17265
16542
16027
16939
16967
16617
16786
16558
16441
15441
14886
15730
15424
15469
14502
15455
16076
16011
14422
15179
13750
15194
15425
14044
11777
14111
17617
16175
15427
15880
14787
16056
15179
15550
16518
15937
16497
16761
16249
17042
15977
15800
15871
15872
15778
16716
16047
16913
16644
16481
16863
16231
16538
16292
15987
17265
15603
16397
17453
16033
16786
15953
15727
16356
16409
16500
15558
15702
16621
15846
16185
14420
16594
16382
16628
14402
14748
15863
15233
14783
15685
16177
16006
15610
16786
16230
14978
15560
15273
16228
16037
15725
16400
16538
15920
16687
15484
16060
15563
14853
11683
12934
14547
13763
15792
16711
16627
15939
15633
14849
15983
15781
16134
15180
16173
15214
14571
16298
16134
16065
16445
15731
16261
16474
15877
14706
14760
14842
14651
15109
15751
14130
15654
15729
15974
17239
15487
15538
15758
14579
15601
16706
16548
16326
16537
16442
16421
15730
14766
15151
16207
16714
15075
15814
15804
14996
15272
15455
17012
16357
16568
15787
15275
15417
16550
15889
14506
12783
13542
13132
12556
13823
15051
14557
14600
15683
14290
14024
14914
14744
15958
16393
16314
16063
16180
15625
15383
14246
15196
16234
15740
15528
16550
16783
16222
15634
15906
14701
15358
15544
14581
14848
14521
14478
16324
16307
15246
15312
14336
16432
16514
16173
16827
16083
15789
17034
16857
16771
16080
16850
15546
15950
15984
16077
16512
16770
16140
14477
13627
13655
14469
14248
14038
14110
12857
2506
16733
16125
16353
15933
16159
16462
16497
17174
15699
15843
15926
16075
16161
16678
15731
16538
16229
16256
16598
16611
16702
16611
16624
16258
16508
16729
16837
16489
16183
15954
16452
16407
16460
17084
16640
16552
16628
16058
15076
15531
16194
16798
16534
16389
16528
16139
16061
16464
16613
15993
16575
16284
16565
16623
16298
16494
16537
16140
16711
16171
16143
15578
15389
14968
14806
15370
15786
15446
15092
16251
16698
16680
16916
16964
16539
16515
16198
15940
17717
16933
15846
15549
16416
15964
15906
16253
15819
15079
14973
14883
15886
14756
16299
15573
15562
15209
16273
16310
15679
16176
14884
15402
15856
15014
15321
14826
14916
14886
15530
15047
16324
15859
16694
15687
14415
14623
15310
14736
12622
10967
12530
12578
13416
13164
14363
15939
14325
14973
15358
14215
14271
14496
14570
13463
13485
14468
16289
14602
14738
14817
15113
14318
15368
14640
15240
14516
14928
14607
14157
16242
14177
14703
14650
14362
13956
13980
13862
16047
15141
14312
13672
14603
15522
15641
15572
13856
14843
14940
14363
15158
15630
15543
14859
15292
15649
15428
16159
15739
15335
16209
15209
14788
13230
14367
13925
15931
15565
14931
13532
13879
14012
13915
14252
13464
12458
15802
16519
17727
16845
16542
16524
16868
16622
16492
16443
16278
16725
16308
16821
16640
15067
15447
15763
16481
15655
15578
16266
15433
15068
15215
13840
14695
15002
15671
15394
15598
15531
15477
16382
16570
16387
16736
16565
16434
16538
16400
15404
16298
16828
16252
15880
17483
16764
16572
16246
16976
17307
16448
16444
16223
16540
16605
16819
16647
16691
14795
15946
16641
16602
16565
16422
16454
16280
15543
15047
15946
15589
16085
16115
15657
16048
16097
16828
16316
15630
15630
16452
15972
15963
15498
16057
16228
16255
16811
16382
16347
16487
16313
16186
16846
17041
16520
16286
16525
16474
16185
17021
16419
16688
16093
15978
17752
16762
16820
15726
16513
15975
16291
16934
17541
17015
16455
17079
16513
16800
16660
16883
16265
16885
16184
16368
15957
15979
17587
16490
16128
16189
15803
16261
16506
16584
15890
16319
16052
16964
16632
16415
15965
16686
16419
16604
16719
16308
16599
16367
17311
15923
15576
13453
16211
