5947
9134
12143
15192
9671
12113
10058
11865
16277
11150
10777
11581
12268
15211
11353
12925
13345
12657
11502
10720
14941
13543
12118
13647
16079
17392
14192
12768
15219
15164
14122
17622
15112
13568
16270
15016
16584
17401
21925
23500
22090
19348
14367
13254
15172
21658
20485
20396
19562
23412
20687
18750
23263
19096
19597
23593
21608
20338
24684
25814
24430
29385
29584
28136
24909
22651
23174
22225
27072
28444
26925
24588
25835
23877
21546
24654
20792
24208
22672
21597
19659
22672
18293
19183
24089
25540
28584
25797
22892
22754
29228
30928
30300
26581
19198
12745
19545
17452
17855
19921
20888
18754
17442
22871
22746
18481
16808
14234
19388
15298
13182
13988
18412
22791
20403
16343
15854
19205
24289
21848
18606
20770
18331
20098
24733
23369
21253
22398
21937
22524
17661
21753
20934
21081
19685
20054
17022
18819
18744
20968
23053
25013
26852
30788
31369
31750
31533
27118
25359
31370
31610
29027
27597
26012
25997
18374
11391
14690
13021
12478
20611
17119
18561
18736
19620
18007
18298
19339
24806
27152
24387
22865
24157
21332
22138
20849
20830
13703
19127
12019
16085
15729
17802
19010
17815
24914
20446
22361
20321
22458
18180
15882
19605
19963
13904
17308
23017
21372
19130
17353
15162
12326
15350
19682
28169
25951
20410
23498
21691
20563
16015
26501
16334
20800
14210
14691
13323
17112
16610
17659
18340
21673
19117
24082
28585
23438
21148
17786
21212
23891
26703
17403
15762
21250
17989
16645
13660
20223
26572
28489
27175
24953
19880
21652
22743
28554
26651
24208
18435
20232
17806
25202
20283
15955
20209
23270
22409
18879
16480
16121
21820
16510
15039
20168
25498
30448
29808
23643
21483
27925
29650
29808
23673
13918
17465
17177
15089
18541
18521
18321
15348
17624
22818
27342
18668
16453
20390
23726
16316
16852
16662
16527
18804
25929
20974
17386
19106
10075
16587
25585
26796
23429
27051
17954
15480
15021
17685
15174
20062
18760
20843
21225
24399
24585
26735
30402
29343
25121
23730
27812
27369
22779
23110
21133
21449
25720
28192
24777
22950
20693
23591
21670
27565
26155
26419
26141
28207
23320
21350
22865
20114
20724
18450
19791
21984
21588
20720
22701
22324
26015
26664
25125
25148
25778
31117
30230
25585
28421
28048
25278
21832
22022
29951
32135
31324
24470
23048
21372
27086
21996
19859
19844
20086
19854
23220
19840
20390
18942
23539
25646
25882
29027
28606
27027
25197
20464
15386
15644
13357
13251
22523
22606
19893
20501
20752
26348
22385
20127
24056
17030
13908
13180
15223
13167
14684
14020
9564
10250
26842
23988
21910
19741
18846
24221
23454
20249
14112
12122
14981
15765
10028
12595
18760
19012
23478
24304
24732
23188
26219
26396
20343
22249
22853
22260
24129
25463
23346
20759
16565
21298
22583
26984
22444
17407
16744
19646
19116
21974
15552
18117
17856
15115
15699
15283
13196
10786
11289
16205
10927
15110
16550
18950
20758
19834
15549
20305
22996
20035
19736
21485
20152
21209
22378
22559
20667
23076
18472
15744
25348
27424
26421
27337
29716
28530
31787
30759
30658
29143
26697
27019
28595
27578
31090
25479
24628
22730
22470
22014
26731
29949
28681
26275
26390
22375
23883
24397
25871
22684
21317
21379
26437
23540
26120
26523
24014
20600
22181
22121
18500
16484
16811
17902
12178
14337
12077
14466
22221
22697
21747
17563
15658
20260
20433
21072
17947
18105
18712
19534
21809
22995
28782
28660
27437
26129
24849
20951
20463
25132
23581
25099
24975
20913
21174
23005
22004
20472
25317
29913
30300
30270
29581
28351
26504
26522
21949
19697
20844
21682
27196
28083
28564
24381
22596
24834
21788
24167
22397
21849
15726
15718
17718
16826
18801
21480
24646
25892
25730
23247
17983
16306
11498
9691
14731
15764
10475
8983
17218
22545
21245
23685
20610
20169
20137
24480
27095
25669
23144
24517
18789
16584
20376
28129
30165
27790
29434
31231
29982
26535
20767
17795
20015
19630
21678
27755
27163
28935
28296
23036
20036
20585
19158
17867
23084
30195
28715
27644
28867
31763
30733
28765
25824
23680
23992
25614
24829
20435
21499
26840
26779
23555
20373
21464
24441
24483
23214
21720
21891
25337
27822
28134
29420
27376
23112
25732
28524
28079
22175
22310
25028
26822
24445
27083
27631
24550
26589
24207
22198
22331
22942
27821
22356
25331
27432
30619
30661
28968
22625
24284
25900
23575
22976
22833
26985
28782
28994
24671
20711
25850
30034
29405
30912
29646
31340
30637
29776
28518
22272
18696
22130
24280
26634
22283
25113
20782
23719
21447
24236
27301
26302
19061
20784
17995
23534
26952
27938
22697
22774
29766
30981
26409
24780
22797
29226
29142
22989
22207
26109
29197
25021
23205
26134
27790
26384
25614
29623
28117
26429
23052
20375
17286
16630
19779
19095
22940
21643
8197
15607
16650
21718
18520
16142
19776
23306
20865
16454
23058
28689
25064
15824
21554
18469
28366
31199
30155
29327
28622
28732
29939
30795
31154
30427
30807
27493
18597
17621
21866
21901
22248
20491
19974
25062
23288
23828
22949
20108
25195
26308
28176
23456
21165
21189
18691
19633
23783
24535
24711
21504
20073
24528
25057
25899
20564
22357
21635
19239
25027
22604
19552
19494
22760
20007
19294
21431
21140
22584
22152
24745
27583
31032
30168
26337
24823
26285
25727
23553
24971
25116
21802
22272
26766
29790
27847
25193
27643
31354
26514
25121
23945
24726
23986
22222
20273
23500
22933
21708
25054
28104
22613
25775
29261
23657
21969
23867
23841
20405
23624
26065
26764
23481
18457
15684
13847
20322
19016
17105
15176
19869
13987
18898
22540
25584
21167
22335
24392
17816
12293
16866
19714
23550
17864
18174
18778
18853
20099
16612
23931
27595
25508
25379
27412
24701
23417
17456
16581
15468
17862
15323
12513
15607
14055
10891
11959
12997
11853
17055
18432
14337
17461
16996
17775
15773
22455
25432
18164
19241
21540
18501
16414
16154
18180
18789
20814
23484
19940
17894
23963
25660
20452
20783
20214
20441
20211
20172
14366
12275
17918
10875
14195
14283
13510
14520
20405
16721
15124
14203
14455
11707
15691
21821
22415
22007
27930
27524
26113
23648
18256
20034
26627
29031
24055
24304
28696
24236
30741
30201
31274
30556
28396
25954
22617
25806
24118
19568
26313
23395
26835
26992
25766
23522
26969
25786
24474
23346
23641
20575
22706
21347
21980
18465
22696
27776
28638
29856
27136
24620
27349
23076
23342
27451
30683
31865
27841
22777
20767
18307
18327
19659
20618
19567
21265
26204
24098
27526
24713
24090
23469
23103
28663
27007
25142
27146
26668
22921
23872
25893
27868
25937
23089
21956
23843
21149
22992
22470
19487
19417
25817
29866
26081
21747
20246
23467
24804
24085
18979
19504
16491
21950
25544
22077
19492
22430
15153
15492
17318
18317
22114
21560
19353
25266
17156
16564
6864
8210
17010
12350
10224
12045
22830
23496
29832
27064
27003
25874
27282
28326
28762
24711
25253
24886
26193
24902
21290
19888
19826
20715
19228
20361
18368
19327
19206
16356
20006
20588
20433
21553
21977
17395
20667
23183
20174
20930
20322
20706
12160
22094
15843
21297
25663
18460
25371
26875
24246
16993
18393
16077
13769
16754
19253
15187
17034
13780
8734
11193
19136
21229
27347
27481
29173
29307
29394
30170
30383
25354
24496
27343
26722
22409
23263
22993
25828
24622
22207
22075
18775
12404
14024
10170
17782
23447
20296
16632
21676
22103
24375
28772
27554
23398
24335
27587
26138
28056
21402
24798
29616
29973
26136
25426
27110
24877
27185
29944
25287
16739
14829
16113
15524
17774
21674
18988
19968
26558
21547
18156
16761
20649
24456
28009
22632
16246
15746
13478
15460
16237
18715
11505
17317
9834
13502
12099
20086
24516
24710
24914
16675
16693
18393
14452
15447
25547
29628
24914
27276
21226
21523
19240
16815
12494
17337
23715
19046
18790
15611
17733
18805
19121
22728
19680
24691
23066
22399
15185
16418
25706
19430
14999
15221
16890
26008
27221
24057
20794
21013
20479
21721
22319
23116
26212
19625
22382
24272
24107
25251
21709
20442
21780
21854
23383
22560
20478
23166
27994
29902
28088
24143
18897
24084
31028
29302
27063
24042
27436
28521
26891
24129
24874
25061
22138
19772
19978
19868
18219
20669
19431
17844
18134
22726
23669
26744
24961
25989
24725
25009
30219
30016
30855
30330
30865
26680
22425
22015
21886
22257
22433
24424
20733
17955
17547
18063
21425
18418
20394
22987
17864
23239
18607
14231
18302
17833
24905
25531
17621
15160
16460
7918
7557
21419
20368
24753
22993
19292
20497
24165
29386
29950
28833
27921
24083
22932
22234
19012
22170
21476
19687
23306
23525
24986
26028
26209
28756
25226
21202
28861
29514
31019
28243
22016
14567
15445
15185
17676
16108
18388
22951
21273
23803
28113
22049
19746
22293
22731
26055
19905
22409
20152
18535
20625
19076
15787
16925
19440
17155
14841
15090
16615
16321
18794
16252
14649
22230
21676
24356
30572
28383
22158
21840
21519
16647
20147
16778
24668
20302
18991
13401
15639
22904
19295
22314
24647
19539
18796
13438
20756
15589
15166
16950
12977
9531
8722
10157
11681
12047
7612
8403
7745
14467
21853
15589
22320
16928
16243
17851
20788
27349
22397
15744
14350
15655
17765
18636
21089
26399
19466
21355
20137
20272
21475
20689
21918
21222
17234
16447
20585
19863
20097
20345
16391
22278
14666
16540
18652
15791
23634
25303
25131
28552
31512
30926
28655
27811
22444
21869
23824
23891
21059
21388
27629
28249
27809
23958
16665
13509
11917
10727
19637
17387
20145
16155
21803
13752
11453
16931
19036
26255
24208
22478
20373
20408
15619
21789
24425
21883
22645
21723
18863
18447
20709
18591
16853
13181
21985
17981
13198
15755
14396
14236
18079
24900
22359
26091
25562
19939
17796
20884
17427
17449
18915
23462
18626
18445
16643
14794
18642
15432
16033
11996
17124
15778
15789
15108
13142
6698
9269
13114
21137
24997
21516
17125
18334
17373
16694
19430
21452
19034
24852
15841
18825
16319
19110
24621
26112
27313
28703
29423
26620
20941
25326
26703
23209
25490
19680
18454
17191
18366
18667
28478
28919
27028
26432
26272
25906
20913
12539
12474
16142
14098
26985
24770
15509
22992
20883
17135
10203
13252
12881
8448
10228
10341
10998
10317
9471
14265
15736
17587
14181
15889
18404
18054
21357
26978
28010
23386
24335
27207
20803
27568
27225
28881
25779
21035
19841
20483
22330
28791
28011
28754
23925
23999
21517
27393
28673
25865
21711
21006
24125
21588
19557
17416
15613
20903
18478
16706
11480
13344
11344
14446
19710
18363
21160
16217
13104
23213
18578
19386
16168
16747
19039
16603
17143
13206
12472
17454
16017
11817
16989
20804
25417
21831
17901
17963
21771
24369
24276
27721
27444
21015
24924
25854
26522
25272
22433
22480
20891
24524
23138
21887
17157
18895
24693
26087
26184
21674
24101
24895
24106
22411
21994
18078
13405
14422
16966
12563
12011
13232
23909
13314
13681
18618
26147
29152
28387
25880
21515
21219
20390
21139
22666
20623
20644
21765
25211
23844
27862
29662
28829
22850
23257
27319
27621
25050
28248
28688
24917
29383
30358
29707
30412
26982
24856
26318
28191
23187
19852
18781
19263
19779
23106
20953
23332
23316
21146
20805
22607
16861
19286
18493
18067
15600
13319
12450
15733
12875
14630
16997
18358
13235
17179
16671
13992
13273
12435
11214
10916
19252
18891
15728
15455
12005
18240
18564
19608
22363
17789
18863
18983
16736
18782
18950
18168
16351
21689
20968
23530
25301
22584
21796
27768
24246
21032
20304
22708
20305
20815
18955
20142
22747
22067
21468
19649
19993
19415
18705
26790
29012
31374
29662
26381
24742
25130
30450
32170
30617
30300
29450
29714
29821
32894
31528
30130
28596
23229
22879
25333
24648
24488
24769
24402
22293
27202
30428
32093
29846
30279
31687
31269
30787
29690
26849
27039
27520
24748
19300
22073
21850
18474
16459
16756
19493
26081
21767
27050
27752
24640
20521
25058
23459
13962
11511
24125
16997
21548
13721
14291
21761
25894
29163
28848
27333
24870
22220
22912
19965
18131
23293
23415
24034
22741
25966
30144
29628
31194
28945
23701
27550
29668
27990
25662
19679
19890
21582
21165
21500
18507
19291
20740
21783
20461
23996
19758
20871
24638
18750
15547
20478
23057
19359
14302
17055
19135
18384
15738
14100
15118
15836
12741
15901
22219
23618
23780
23695
28183
25686
26685
25685
20646
18937
15178
17591
14655
15149
13777
15744
16165
19469
15580
11547
12703
13289
11590
10456
6142
15247
21944
19389
18423
20215
18303
18306
16173
18848
19794
19989
23602
25182
24950
21735
21502
16048
13695
15346
18514
18821
17061
23121
25476
21897
24473
22623
19521
19041
21488
25872
22538
23543
20125
19511
18518
19921
19621
19814
16457
17456
14436
15068
16717
16098
15729
13937
18538
19023
18231
10681
12095
19761
20113
12474
15584
17676
17751
17678
17656
23845
17034
13754
14016
15645
17543
15695
22551
23056
21025
23475
20904
16073
17951
14427
5327
7293
11028
9012
13396
19260
19311
15869
16561
11212
12289
18045
16564
13269
13258
16637
16853
14550
17845
15765
15628
15007
15382
16945
20023
12722
11073
11052
9956
14530
16546
13399
14030
18368
21998
20148
17044
16930
15973
11139
15179
24567
26546
27505
25643
27596
25818
20746
13956
10401
12565
15202
12053
18314
19660
17630
17065
15846
26251
19673
16429
17031
20408
12016
18815
16784
10463
7349
11342
9920
6727
8493
12614
14202
10807
14171
14249
9864
13873
14685
16459
17827
19120
22054
19516
16737
15287
9193
12349
16286
14913
13055
19595
15847
15747
15421
16383
12603
12475
13257
15424
10981
11223
10561
16279
15457
14987
12691
10550
18332
25641
25630
20988
19006
16575
18302
18880
21239
17359
17399
18107
16328
16594
18024
23784
25015
24922
14530
11357
8967
9114
10096
9838
9046
7467
1855
26242
18750
24818
21638
21109
18636
17393
19398
17571
18470
17187
15522
20883
17732
19104
17854
20439
22763
20909
24985
28281
31044
27124
20557
26232
28206
22619
19057
17870
19987
26693
26275
27905
23393
26474
27676
20130
16112
17510
15945
17918
22494
23499
22677
21244
16938
16030
19643
27637
22695
17629
22254
28225
30325
30948
29182
28472
25218
23714
29563
26745
22376
19488
14906
15377
16260
15487
13740
15450
16355
21152
24901
23149
21902
19944
22605
22602
21258
24674
22326
19861
16738
17103
16098
18555
18743
18969
14586
15126
15383
12934
10931
13212
16049
12362
12863
14990
21953
16285
18063
18230
13718
15348
13505
15456
12278
12603
11667
12653
14979
19649
17992
23202
22320
12503
12860
15985
15273
7523
4629
7155
6431
7144
7387
12023
15184
8478
10448
13559
10084
11379
13005
10067
8313
6464
9729
19329
16623
12595
16170
18591
12169
13671
14058
13451
9709
14483
11184
11130
16092
9466
10937
9358
10878
8610
8561
10598
16914
15381
11096
11570
13816
16640
12759
16638
10950
11283
14387
11663
11050
12699
15179
13754
19585
13093
12992
12303
15049
15570
19143
14451
14893
9021
9524
9169
15543
12272
10149
9396
12099
9972
10129
11892
14055
11194
23044
24455
26227
24577
28661
30314
29898
29276
31216
28507
26605
25369
26390
20946
24980
20204
15641
17696
15924
18693
15551
16965
18019
16895
18691
8777
11001
20672
27673
26771
22272
24451
15280
22145
20738
19239
23703
21909
19676
17709
18116
17721
21407
24810
23718
20862
18193
23704
27675
28520
26503
26659
23009
24081
28777
28521
27121
26634
26347
21404
13698
16456
19670
22829
21970
20590
21177
19780
16624
13069
21639
17591
18981
20163
23826
21431
21009
22679
23763
22271
15414
20759
17107
18385
21308
21080
22015
21591
22428
25204
24940
25592
26751
26527
25201
25743
28822
27940
28645
28408
26871
26530
27468
26766
28547
26292
24822
24751
27964
23577
19596
22140
21717
20021
24593
25649
20431
22281
20935
22921
22303
23768
26157
22609
16032
19523
26650
22384
23335
27987
28981
28418
21379
18043
23171
22856
19857
20753
19834
19329
20801
23814
23837
21984
23941
25844
25864
26815
25172
26511
22728
18419
23030
9516
23861
