9253
10817
11948
13502
11405
11629
11764
12455
13296
12130
12228
12734
12446
12641
11803
12265
12219
11853
11881
11485
12659
12521
12134
12252
13559
13227
12197
12549
12795
12611
12155
13382
12802
11906
12979
12427
13204
13211
14183
14210
13962
13281
11865
12496
12049
13906
13985
14045
13356
13902
13404
12852
13768
12984
13068
13573
13592
13615
13931
14036
13861
14116
14122
14240
14648
13542
14055
13499
13958
13997
14248
13514
14017
13942
13682
14097
13176
14099
13811
13314
13540
13463
13113
13120
13870
13956
14491
14284
13542
13650
13856
14004
14140
14440
13136
11908
13569
13153
12700
13450
13472
13011
13060
13509
14119
13360
12925
12166
13659
13285
12058
12628
13273
13891
14181
13215
12648
12931
14088
13755
13315
13686
12472
13467
14043
13993
13267
13416
14208
12926
13053
13759
14073
12890
13092
12928
12856
13327
13040
13596
13087
13649
14087
13867
14017
14094
13800
14320
13405
13892
13988
14090
14210
13664
14647
13137
11907
12366
12287
12114
13582
13348
13803
13118
13784
12973
12923
13861
13557
14373
14234
13482
14185
13252
13692
13936
13724
12049
12850
11358
12990
12431
13068
13501
12957
13867
13326
14152
13799
14149
13382
12948
13804
13418
12561
12818
13630
13555
13497
13517
12733
11304
12350
13463
13911
14134
13608
14207
13407
14076
12719
14395
13179
13423
12485
12238
12310
12613
12694
12990
13698
13034
12809
13830
14059
14089
13467
13522
13513
13789
14620
12952
12619
13322
13083
12650
12071
12884
14354
14064
13906
14725
12875
13610
13366
14172
13872
13624
13450
13288
12604
13945
13129
12374
13428
14240
13734
13526
13113
12368
13804
12519
12570
13484
13884
14266
14296
13807
13496
14268
14193
14333
14311
12092
12981
13355
12317
13402
13231
13301
13007
12556
13621
13877
13169
12698
13531
13604
11991
12882
12706
12666
12805
13594
13739
12942
12776
11088
12760
13779
14378
13679
13930
12964
12800
12153
13064
12153
13647
13064
13236
13348
13982
14182
14152
14800
14475
14266
13461
13999
14288
13534
14050
13989
13088
13692
13757
13641
14188
13361
13364
14015
14074
14000
14115
13932
14507
13954
13401
13784
13219
13145
12739
13618
13440
13488
13352
13587
13753
14592
13710
13944
14144
13931
13852
14221
13740
13843
13769
13845
13495
12982
13970
13787
14479
14200
14104
13350
13999
13842
13421
13777
12797
12916
13304
13398
13382
13208
13812
14166
13717
14435
14505
13754
14325
13623
12467
13259
12136
11972
13722
14107
13274
13690
13904
14018
14099
13163
13924
12992
12164
11278
12720
11920
12232
12322
10458
10537
14073
13900
14220
13576
12998
13981
14148
14229
12827
12176
12715
12454
11516
11834
13387
13503
13950
13729
14028
13223
14077
14614
13016
13591
13952
13897
13584
13870
14141
13794
12877
13539
13684
14225
14235
12506
12196
13121
13404
14033
12377
12929
12590
12417
12638
12685
12474
11673
11085
12947
11520
12196
12587
13751
13917
13185
12598
13744
14482
13334
13483
13738
13807
14465
14062
14082
13336
14016
13509
13290
14242
13988
13300
14338
14154
13532
14376
14096
13821
13848
14358
13834
14083
14160
14044
14119
14098
13768
13645
13596
14000
14160
14277
14064
14226
13375
14183
13879
13911
13775
13561
13488
14086
13842
14246
14305
14399
13498
13704
13847
13300
12764
12837
13499
11462
11953
11475
12365
13561
14197
13494
13151
12460
14030
13230
14150
12898
13085
13339
12987
13307
13622
13880
14267
14069
13447
14173
13289
13127
13628
13433
13777
14123
13843
13533
14087
13156
13923
13597
13818
13945
14113
13945
14284
14223
13924
13796
13143
13440
13283
13725
13551
14035
14377
13303
14479
13230
13776
13231
13616
13019
12308
12990
13126
13534
13388
13710
13948
13812
14067
12935
12827
11093
10448
13036
13084
11688
11463
13486
13876
13869
14120
13720
13923
13934
13643
14479
13737
14081
14188
13812
12950
13107
14177
14176
13941
14068
14016
14141
14424
13978
13410
13262
13314
13555
14015
14003
14215
14819
13897
13862
13967
13340
12917
13458
14483
14284
13330
13875
14083
14162
14244
13944
14150
13374
14326
13661
13209
13150
14148
13563
14454
13552
13231
14225
13770
13754
13576
13507
13877
13488
13910
13824
14074
12792
13776
13955
14945
13548
13944
13905
13898
14205
14262
14560
14034
13987
14126
13272
13541
13461
14469
13384
13946
13901
13790
13860
14088
13637
13867
14369
14095
13030
13245
13873
13501
14183
14155
13077
13840
14101
13780
14129
13950
14196
14022
13825
14129
14345
13184
13755
13895
14468
13396
14099
13538
13922
13445
14000
14431
14113
13227
13194
12574
13971
14115
14041
13696
13126
14425
13850
14007
14036
13184
14320
14162
13984
13683
13834
13916
13907
13149
14081
14260
13810
13835
13857
14320
13816
13965
13058
12368
13158
13495
13263
13734
13352
10748
12478
13074
13591
13256
12739
13196
13895
14279
12758
14135
14147
14629
12438
13755
13929
13782
14460
14054
14532
13974
14347
13871
14119
14029
13977
14027
14254
13591
13145
14113
14059
13838
13269
13574
13681
14122
14259
13864
13086
13971
14210
14082
13849
13770
13777
13074
12986
13989
13883
14322
12952
13330
13938
14202
13953
13010
13236
13836
13475
13238
13180
12785
13488
13983
13325
13238
13615
13229
13745
13180
13633
14238
13871
14069
13792
14138
13805
13983
13509
14256
14184
13152
13195
14452
14331
14401
13327
13748
14216
14331
14163
13600
13894
14012
14102
13177
13599
14352
13387
13428
14412
13510
13842
14148
13736
13214
13436
14104
13036
13992
14043
14491
14143
13206
12441
12616
13456
14075
13463
12012
13215
12099
13066
13855
14529
13582
14054
13961
13267
11558
12883
13414
14244
13674
12903
13878
13287
13639
13250
14236
14068
14488
14052
13957
13924
13438
13121
13566
13096
12766
12846
11940
13046
12691
11245
12046
12083
11606
12603
13237
12411
12967
12528
13239
12714
13638
14272
13121
13209
13456
13149
13113
12693
13161
13524
13230
14185
13067
12729
13695
14532
13863
13366
13358
13313
13319
13662
12897
12097
12932
11662
12178
12269
12103
12148
13507
12867
12983
12359
12231
11463
12409
13424
13809
13460
14332
14060
13799
14159
13394
13343
13808
14464
14366
13578
14599
13639
14322
14076
13982
13875
13739
14377
13447
13491
13794
12929
14443
13318
13926
14123
14523
13352
13771
14607
14237
13836
13952
13785
14241
13387
13859
13408
13302
14010
14171
13913
14314
13912
13970
14254
13619
13797
13876
14286
14537
14221
13630
13032
12895
13031
13463
13184
13117
14132
13511
13908
13942
14162
13896
13795
14043
14345
13944
13865
13795
13832
13497
14242
14616
14092
13912
13873
13804
13275
14062
13933
13773
13445
13787
14387
14054
13891
13022
13998
14062
13672
13169
13219
12921
13876
13954
14368
12469
14308
11863
12758
12687
13147
13842
13161
12810
14090
12935
12563
10070
11055
12899
12165
11973
12268
13350
13424
14135
14508
13664
13748
14271
14214
13872
13821
14341
13039
14020
14079
13337
13664
12939
13735
13480
13381
12857
13202
13412
12330
13377
13833
12907
13717
13601
12793
13946
13997
13270
12955
13623
13714
11484
13779
13009
13450
13950
13390
13652
13845
13688
12656
12242
12969
12420
13517
12398
12779
13383
12858
11621
12222
13289
12872
14133
13876
14353
14327
13970
13964
14198
14449
13796
13884
14333
13114
14081
13610
14097
13746
13670
13657
13444
12503
13299
11686
12872
14200
13706
12951
13866
13682
13554
14429
14519
14425
13705
14127
13627
13931
13679
13879
13790
14262
13866
14021
14282
13867
14130
14211
14964
12901
11911
12513
12503
13668
13276
13581
13035
14197
14258
13540
13060
13616
14055
13877
13889
12795
12548
11985
12392
12824
13220
11661
13148
12231
12331
11102
13093
13742
13993
13854
12756
13400
13171
12669
12395
13774
14515
13297
14279
13375
14202
13778
13112
11586
12571
14247
13259
13185
13173
13097
13770
13193
13322
13490
14331
13682
14246
12867
12286
13897
13983
12905
12700
12823
13794
13826
13815
13679
13782
13178
13477
13534
13801
14147
12992
13763
14277
13551
14580
14006
13320
13362
13523
13981
14169
13627
13465
13664
13810
14202
14392
13083
13904
14070
14169
14201
13729
14022
14328
14600
13912
13861
14012
13961
13306
13258
13311
13331
13789
13138
13278
13520
13424
13885
13853
13727
14342
13931
13989
14013
13783
14297
13940
14268
14425
14139
14205
14072
14203
13279
13956
14190
12980
13492
12856
13654
13422
13766
14203
13469
14139
13439
12751
13702
13195
14130
14103
13691
13043
13281
10739
9634
13655
13758
14006
13884
13317
13443
14259
14208
14401
13673
14057
14197
14427
13609
13469
13301
13730
13707
13941
13952
13573
14400
13710
14192
14624
13780
14392
14280
14089
14534
14380
12568
12614
12664
12314
13026
12976
13867
13738
13527
14477
13903
13877
13665
13481
14588
13330
14181
13667
13237
13745
13398
12786
12932
13518
13293
12155
11916
12249
12732
13207
12523
12958
13928
13568
13913
14134
14197
14047
13641
14072
12932
14356
13021
14074
13879
12932
12234
12815
14112
13899
14203
14270
14466
13589
12128
13372
12770
12954
12246
11662
11292
11097
11041
11790
12098
10319
10797
9651
12353
13713
12435
13533
12803
12944
13635
13190
14219
13874
12862
12464
13282
13659
13992
14030
13643
13793
13379
13200
13552
13571
13734
13732
13670
12972
13171
13521
13468
13758
14225
12744
13285
11774
12699
13375
12834
13894
13546
13655
14386
14145
13896
14155
14286
13328
14007
14040
13745
13899
13679
13752
14115
14965
14541
12697
11895
11395
11521
13154
12982
12603
12581
13854
13003
11827
12435
13127
13944
13738
13950
13248
14023
12090
12994
13945
13757
13898
13733
12832
13316
13705
13182
12828
12125
13978
13560
12135
12661
12084
12279
13001
14465
14425
14319
14420
13832
12391
13976
12715
13112
13105
13591
13267
13263
13502
12293
13459
12973
12601
11802
13182
12700
12501
12148
11932
9105
10017
12537
13786
14547
13456
13177
12862
13099
12490
13395
13863
13485
14376
12737
13596
13017
12917
13814
13965
13708
13856
14278
14287
13787
13903
14382
14226
13745
13742
13237
12826
13539
13077
13950
14231
14475
14303
14166
14836
13564
11705
12713
12764
12388
13796
14669
12914
14239
13747
13635
11356
13156
11903
10653
11107
11465
11470
11236
11821
12898
12699
12854
12079
12243
13931
13223
13821
14435
14525
13996
14059
14743
13276
14322
14053
14007
14467
13526
13486
13707
14127
14058
13999
13812
14297
13753
13355
14060
14173
14219
13838
13164
14135
13870
13685
12890
13070
12982
13368
13426
11869
12420
11590
12035
13267
12968
13715
13086
12382
13753
13519
13504
12671
13139
13678
13137
11916
11933
11769
13007
13545
12313
13273
13369
13930
13890
13530
13525
13483
14041
13633
14061
14682
12834
14146
13895
13994
14559
13979
13854
13270
13556
14321
14269
13243
12717
13627
14372
14134
13970
13787
13841
14390
13229
13811
13051
12229
12352
13014
11969
12194
12022
14366
12677
12566
12655
14041
13800
14309
14144
13973
13583
12904
13751
14139
13640
12789
13373
14429
13313
14086
14150
14131
14363
13183
14125
14169
13968
14335
14343
13257
13821
13772
13933
14257
14481
14091
13793
14237
14211
13738
13468
13475
13150
13357
13873
14081
14001
13509
13423
14227
12921
13199
13521
13302
13672
12350
12433
12971
12662
12908
13416
13868
12659
13640
13898
12788
12784
11776
11930
11885
13451
13555
13491
13177
12700
12762
12968
13164
13685
12789
12974
12715
12830
12796
12834
13261
12698
13398
13426
13882
13777
13727
13741
14131
13985
13833
13697
13602
13705
13916
13426
13503
13660
14149
13465
13013
13569
13212
12930
13897
13894
14137
14046
13929
14258
13703
13825
13993
13780
14027
13890
14441
14111
13969
14007
13835
14413
13523
14019
14458
13764
14154
13866
14078
13447
13710
14324
14010
14094
13995
13858
13849
13790
13853
14231
13655
14200
13846
13935
13486
13760
13446
12914
12207
13226
14076
13281
13682
14200
14265
13743
14373
13572
11612
11259
13969
13505
13826
12487
12436
13885
14065
14103
14307
14080
14228
13604
13256
14005
13044
13600
13691
13537
13992
13593
14030
13796
14130
14417
13612
13903
14381
14406
14724
13181
13273
13877
13621
13900
13054
12814
13370
13729
13419
14237
12706
13345
14761
12905
12198
13640
13465
12714
12426
12859
12922
12962
12875
11961
12364
12221
12476
12706
13668
14288
14421
13491
14078
14199
13786
14236
14312
13543
12586
13077
12270
12333
12588
12994
12676
13617
12858
11113
11730
12061
11333
10784
9475
12382
13219
12704
13246
12910
12771
12720
12156
13084
13901
13486
14144
13724
14013
13825
14061
12460
12102
12268
13598
13051
13042
13886
14120
14034
13819
14290
13646
13430
13681
14246
14721
14192
12348
13809
12959
13766
13817
13369
12625
13232
12450
12193
12554
12097
12168
12565
13130
13283
12893
11769
11783
13194
13387
11709
12609
12885
13144
13011
12896
14210
14203
12305
11850
12417
13182
12274
13460
13715
13773
13650
13943
11930
13066
12313
9554
9669
11500
11146
12632
13607
13836
12938
13561
11938
12565
13962
12928
12671
12262
14002
13690
12751
13658
13283
12670
13328
13188
13498
14153
12689
12126
11950
11616
12196
12812
12897
11955
13480
14427
12930
13163
13325
12533
11834
12573
14176
13855
14095
14057
14244
14168
14098
13122
11229
11949
12229
12034
13584
13401
13484
13412
12795
13588
14074
12929
13422
14350
12037
13228
13437
11921
10418
12540
11450
10404
11747
11853
12780
11897
12588
13252
11728
12722
12950
13266
13502
13348
13634
13406
13124
12370
10908
11727
12163
12598
12046
13113
12104
12693
13283
12704
11838
11818
11955
12606
12129
12140
11695
12628
12326
12430
12230
11156
13312
14015
14483
13440
13900
12746
12899
12751
13240
12988
12501
13565
13001
13070
12951
13780
13790
14531
13393
12024
11675
11285
11343
11332
10813
9564
1847
13857
13123
14285
14035
13554
12817
12567
12686
12948
13420
12755
12108
12401
12801
13628
12764
13429
13733
13533
14176
13808
13915
14184
13790
13994
14287
13763
13052
12698
13186
13885
14047
14370
13797
14316
14136
13741
12990
12428
13351
13170
13751
14319
14159
13522
13045
12824
13590
14213
14054
12599
13636
13809
13592
13939
14104
13961
14206
13476
14286
14396
13956
13570
12368
12493
12845
12786
11968
12938
12982
13350
14270
13622
13563
13426
13859
14065
14031
13136
13673
13849
12868
12807
13197
13258
12948
13291
13090
12713
12736
11975
12056
12230
12707
12090
12383
12454
13881
13164
13422
14238
12269
12649
12836
13240
12534
12609
12114
11858
12931
13753
13111
13831
14395
12219
12070
12354
13147
10307
9023
10677
10344
10787
11305
12194
13412
11412
11462
12435
11558
11902
12785
12103
12257
11014
11381
12798
12687
12322
12842
13645
11803
12265
12466
12473
11503
13026
12492
11874
12150
11383
11947
11576
11929
11690
11141
11992
12946
13232
12111
11790
12664
12810
12262
12673
11121
11466
12802
12152
11468
12339
12990
13192
13679
12255
11700
12045
12502
13318
13782
13346
12925
11434
10993
11002
12291
12059
11457
11346
11787
11467
10783
11300
12351
12125
13891
14162
13432
13822
14009
13949
13722
13776
14116
14039
14395
13853
14274
13600
14056
14176
13134
13178
12335
13620
12876
12398
13391
13085
13761
9944
10327
14001
14324
14601
13929
13845
12680
13998
13691
13706
13996
13938
13595
13180
13194
13679
13570
13974
13955
14256
12857
13507
14144
14128
14099
13993
13821
14243
14758
14104
14194
13981
14145
13311
12566
12848
12941
13929
13758
13138
13726
13730
12974
13290
14109
13463
13514
13895
14355
14348
13771
13888
14274
13940
12511
13570
12789
13384
14188
13686
14059
14155
13862
14183
13926
14005
13844
14183
14056
13868
13949
14151
13670
13735
14299
13721
14356
13756
14546
14835
13556
14033
13960
14475
13445
14146
13767
13605
14099
13897
13220
13946
13780
13947
14246
13729
14688
13551
13137
13398
14421
14430
13124
13904
14586
14651
14141
13049
13908
14396
13621
13589
13524
13302
13434
14520
14515
13304
13713
14229
14036
14059
13788
14244
13583
13411
13976
10853
14102
