11087
14323
16621
15517
13935
14291
14903
16168
18915
15937
17053
15586
16622
15677
15666
15701
15505
15521
14367
13962
14756
15949
14674
15612
18785
16486
15301
17391
16056
15891
16567
18194
16634
15862
15896
15423
17485
18244
19583
19139
17321
16790
15740
15902
17449
19508
19414
19269
18999
20030
18749
17222
18335
18854
18388
19961
18254
18582
20027
18971
19872
20489
20328
20010
19384
19644
19408
18328
20206
20070
19431
19329
20070
19342
18573
19208
18706
19409
18961
19288
17259
17955
17987
18217
19587
19941
20018
20242
18062
19304
20488
19866
20347
19866
16649
16123
18686
17515
16439
17819
18373
18252
17861
19543
19217
17606
15038
14891
19067
15888
15357
14482
18297
19080
18474
16896
16192
18919
19587
19002
18102
19168
17376
19014
18778
19550
18352
19303
18179
18496
18731
18999
19294
17944
17314
17575
18871
17537
18114
19067
19284
19643
20068
20135
20454
20216
20360
19460
19848
20550
20344
20594
19124
19986
19126
16983
16072
16075
16016
16314
18982
18315
18408
18450
17628
16928
18201
18321
19986
19878
19187
19261
19582
18375
19296
18640
18024
15707
17364
15815
17044
17555
17745
18781
18542
19513
18513
18989
18655
18317
17300
16994
17407
18354
17324
19048
19998
19591
19423
18228
16589
15725
17291
19682
20481
20062
18592
19294
20028
19146
16537
20340
17829
16983
15722
15877
15267
17397
18234
17936
18288
16994
18599
19545
19883
18861
18212
17118
17697
20027
19713
16575
16598
18008
17525
17768
16088
17821
19767
20213
19378
19462
17790
17349
19918
20105
19676
20270
18018
16411
17137
19162
17601
17158
19420
19826
18571
17879
16863
16924
18531
16737
16602
19070
19678
19997
19964
19419
19929
19762
19981
20038
19592
15484
17149
17634
16856
18031
17533
18397
17301
18161
19768
20311
18486
17828
19058
19650
17438
17825
17720
17620
18252
20444
19501
18210
17690
16137
17668
20128
20015
19999
20323
17931
15999
17719
18253
16926
19332
18331
17928
19791
20095
19730
19830
20001
20236
19937
20121
20301
19712
20290
19173
18344
18705
20168
20061
19353
18692
18334
18551
19386
19976
19607
19444
19763
20213
19436
19016
18085
17540
17372
18642
18105
17659
18714
18975
18529
18960
19523
20165
19831
18949
19796
20707
20043
19557
19997
20335
19038
18546
19223
20115
20391
20345
18815
18731
18379
20192
18623
17996
17386
16430
17964
20270
18520
18950
17288
19476
19505
19850
19481
19931
19918
19733
18106
17797
17557
15323
16684
19812
18931
18333
18934
18855
20429
19279
18556
20202
17117
14834
15571
17833
17167
18012
17170
14779
14750
20092
19961
19291
18880
18999
20008
20186
18487
16198
16602
16812
16460
16064
16493
17563
18754
19152
19642
19692
19227
19816
19951
18103
19461
20103
18207
19956
20152
19692
18389
16500
17895
19765
20084
19062
18110
17733
18286
18800
18754
16622
18381
17462
17600
17455
15252
14806
13988
15756
16999
15161
16953
19241
19103
18403
16966
17743
19691
19460
19036
19355
19510
19181
19224
19935
20302
18855
20024
18413
17232
20441
20337
20233
19411
20467
20247
20120
20518
20432
19946
19803
20086
19929
19926
19884
19961
19356
19234
19121
18684
20049
20328
19656
19389
19474
19054
19104
19129
19573
19205
18458
18080
19513
19834
19957
19865
18948
17805
18987
18183
17532
17596
17879
17055
16531
16996
15491
16586
19589
19576
19168
17504
18501
18753
17921
18540
16945
19436
18986
17224
18335
19542
20255
19795
19861
19306
18854
18618
18177
19215
18730
19508
19266
17882
18860
19418
19617
18813
19836
19942
20157
19797
19876
19706
19322
19922
17832
18899
18368
18830
19796
20224
20182
18449
19242
19008
18618
19098
18754
17890
16030
16767
16731
17514
18154
19404
19149
19283
19447
19092
17684
14800
14605
15491
17308
18729
16125
16620
19560
20168
19224
20453
18957
19242
18473
20271
20338
20306
19887
19959
18820
17020
18253
19931
20211
19986
20001
20292
20026
20071
18813
18087
16487
18327
19272
20248
20044
20460
20331
18311
19167
18928
18377
17294
20175
20334
20056
19827
19860
20179
20670
20236
19841
18208
19848
19662
19145
18297
19464
20084
19811
19252
17618
18443
19297
19978
18567
18339
18304
19630
20218
20366
20342
19729
18857
20135
20351
19883
18740
18927
19459
19616
19137
20156
19730
19279
19819
19287
18863
18497
19245
20055
18102
19755
19992
20306
20376
20162
18590
19148
19550
18984
19322
19278
19813
20235
20199
18662
18068
20009
19749
19512
19852
19869
20278
20040
19727
19723
18759
17209
18784
19557
19927
19109
19778
18161
19629
18538
19755
20074
18035
18359
17865
18178
19256
19773
20201
18772
19255
20468
20334
19522
18917
19021
20195
19923
18995
18512
20030
19693
19487
19092
19402
19651
19510
19283
20230
19762
19999
19327
17916
16976
17631
17919
18448
18951
18235
14703
18512
18950
19961
19291
18758
19648
20031
20034
17873
20317
20409
20146
17671
20037
17978
20262
20553
20527
20501
20209
20078
20256
20417
20384
20006
20038
20238
17812
17550
19323
19202
18519
17811
18941
19833
18997
19855
19149
18212
19822
20041
20366
19249
18629
17925
17873
18545
19542
19601
19710
18938
18387
19681
19419
18536
18567
19963
18894
16873
18842
18135
17823
18744
18175
19169
17972
17937
17558
18659
19054
19340
19865
20519
19975
19496
19186
20405
19755
19178
19258
19178
18938
19081
19485
20364
19725
19629
19690
20203
19537
19083
19246
19803
19510
18957
18293
19727
18953
18931
19801
19799
18493
20208
20187
19544
18569
19795
18680
18827
19365
20020
20325
18752
17666
16907
15670
18966
19034
15860
16212
17149
16080
18723
20171
20311
18273
19511
20007
17984
15820
17694
19158
19959
17939
18375
18026
18596
18919
17644
19933
20224
19474
20367
19728
19808
19809
18304
18709
18628
18359
17336
16539
18252
16213
14482
15839
15733
14898
17615
18076
17037
17784
18377
18180
16805
19750
19883
17098
18754
19188
17838
17627
17240
18371
17032
19014
19256
18120
17354
20034
20040
17761
18874
17342
16606
16985
19244
15971
15114
17214
14900
15072
15480
15847
16062
18311
18306
18578
15591
15512
15256
17012
19092
19258
19074
19906
19535
19665
19781
18185
18652
19998
19574
18542
19346
19550
19258
20882
20190
20277
20408
20713
19392
18780
19888
19231
18114
19755
18894
20326
20149
19493
19305
20498
19597
19218
19320
19523
19110
19225
18290
18249
17626
19559
20578
19857
20158
19975
19182
20412
18641
19676
19928
20314
20233
19948
18193
18592
17255
17268
18157
18630
17168
19363
20033
19025
20318
19117
19126
19440
18736
20551
19148
19081
19965
20391
19226
19375
19381
19325
20032
19066
18654
19392
18040
18757
18853
18170
17873
19973
20046
19876
19339
18641
19543
20018
19288
18670
17774
17059
19028
19506
18283
17901
19246
16730
17600
18212
18063
19341
18629
19346
19839
17696
18720
12705
13058
17958
15419
13507
14332
18899
19979
20201
19254
19868
19565
19770
19782
19681
18964
19260
19915
19871
18946
19071
18189
17339
18942
18768
18202
17187
18726
18296
17450
19062
18503
18962
19930
18684
18321
18972
19579
18459
19141
18992
19212
15448
19804
17786
19821
19831
18762
19895
20067
19333
17328
17185
16470
16162
18297
18613
17317
17659
14823
13080
13878
17134
18131
20289
19710
20064
19770
20270
20338
20042
19303
18874
20402
19505
19666
18471
19298
19672
19321
19160
19163
17314
15626
15369
14048
16519
19359
18414
17338
18419
18501
20060
20039
19720
18483
19640
19806
19964
20182
18701
19795
20580
20357
19701
19367
19649
19303
20298
20583
19782
17535
15647
15833
18179
18295
19131
18313
18319
19937
18319
16812
16853
19248
19186
20303
19134
16332
16774
15884
16524
17019
19216
16128
17461
15488
16089
17127
18804
20369
19665
20006
17564
17220
17672
17716
17030
19788
20308
19402
19651
17878
18564
18457
18246
15564
17600
19641
18294
18445
17449
17056
17833
17062
20122
18698
19487
19899
19696
16265
16877
19681
18713
16543
16104
19016
20135
20364
19204
18608
18304
18683
18879
19075
19454
20270
18398
19549
19810
19544
19562
18514
17236
19037
18840
19518
19219
17765
20074
20016
20523
20399
19280
18042
19459
20120
20026
20349
18864
19888
20412
19723
19402
19847
19509
19174
17386
19332
18829
17568
18077
17350
18186
16938
18946
19610
20247
19644
19964
19558
19624
20888
19978
20294
20625
20380
19419
19081
19696
19491
18865
19369
19221
19078
17634
17762
18404
19220
18834
19314
19410
19059
20051
19522
18379
19428
19174
20409
20404
19746
18886
17245
15896
12580
19783
18662
19215
18712
17294
19710
19708
20592
20516
20389
19952
19629
18479
18482
18273
19379
19348
18129
19087
19468
19682
19263
20496
19694
19073
19212
20032
20368
20387
20208
18735
15712
16008
16234
16852
17659
18241
19495
18233
19363
19915
18337
18498
20067
19265
19904
18469
19550
18071
19199
17703
19306
17089
18489
18913
17528
16817
17553
17102
17548
17080
17363
17622
18397
19511
20099
20408
20235
18283
18913
19922
17852
18612
18611
19309
17473
17352
16788
17975
20366
19596
19981
20434
20002
17992
16304
18210
16952
15574
17296
16072
14191
13181
14462
15696
15524
14235
14556
12746
18366
19455
18013
19586
17242
17893
18012
18922
20190
20071
17213
16315
16920
18028
17747
18712
20261
17266
18114
18458
19010
18847
18831
17652
17632
17991
17484
18807
17978
18989
18532
16680
19500
16763
18632
18726
18168
19391
20332
19549
19889
20394
20251
20215
19825
19428
18955
19572
19616
18498
18563
20295
19938
19362
18002
15664
16506
16584
15171
16909
16145
17497
18847
19791
17505
17233
17538
18489
20106
20478
19188
19101
19577
16263
18961
19622
18933
19527
18169
16724
17973
19135
18030
16871
15982
18445
16939
15179
15447
15040
16276
19444
20029
19173
20002
20346
18783
17774
19562
17905
17955
18092
19741
18213
18545
16985
16850
19042
16948
18293
15478
18765
17829
18800
17656
17855
14415
14434
15734
19555
19886
19408
16871
16428
18638
18078
18881
18210
18853
18629
16907
17602
18842
18456
20410
19801
19725
20437
20679
20031
19171
20085
20432
19162
19124
17794
17666
17833
18991
19088
20277
20119
19345
20136
19668
20231
18313
16883
16764
15573
14924
19972
20110
16930
19317
18965
17264
14613
15584
15587
13830
13779
13902
14823
14959
16224
16645
16363
17340
16310
16707
16722
18299
19677
19829
19765
18543
19753
19824
18766
20428
19480
20736
19757
19810
18684
18757
19033
19922
19677
20088
19531
19320
18735
20308
19967
19640
17614
18498
19872
18910
17222
18583
17434
18705
18459
16884
15878
14916
15961
17256
18912
17969
18453
16935
17572
19357
18398
17633
17926
18664
19560
17897
16729
17254
15969
17852
18474
14403
16487
18158
18752
19092
16606
18700
18179
19292
19616
19989
19344
18494
19480
19007
19875
19528
18504
18969
18210
19715
19041
18863
16279
17011
20005
19198
19741
18170
19605
19851
19372
18624
18983
17395
14304
15335
16285
15840
14836
14700
19913
14454
15266
18608
19941
20319
20218
19278
19006
17944
18669
18928
19086
18782
18017
18664
19529
19495
19900
20085
19961
18165
19462
20505
19704
19211
19958
20021
19825
20353
20152
19897
20591
19640
19222
19675
20191
19460
17634
18363
17002
17731
19690
18898
19515
18252
19049
18957
19540
17874
18822
18528
18354
18304
15649
15691
15844
16637
17768
18450
18023
17325
17615
19076
15338
15012
14601
15948
16186
20396
19237
18835
18655
17407
17055
17217
19075
18352
18112
17302
18591
17919
17286
19267
17926
17756
18860
18676
19592
19692
18612
19034
20250
19577
19017
17208
19268
19089
18709
16518
18449
19071
18814
18634
17523
18819
18011
18683
20256
19922
19903
20229
19432
18997
19671
20054
20033
20265
19930
19929
20033
20553
20498
20284
20328
20275
18861
19396
19542
19943
19213
20067
18964
19247
20021
20279
20741
20077
20234
20584
20574
20400
20130
19812
20161
20449
20690
18338
18809
19877
18170
17239
16776
18745
20682
19219
20593
20534
19793
19061
20092
20150
17190
15700
18852
16115
18717
15404
16606
19575
19916
20409
20272
19998
19773
16909
19958
17640
15515
18678
19050
19721
18345
20300
20558
20293
20544
19918
18778
20173
19968
20266
19202
16436
18800
18744
18034
18763
17303
19168
18314
18641
18942
18771
18373
19304
19145
16796
16474
18609
18338
18264
16469
18380
18072
18910
16187
15333
16288
17205
15804
17760
19930
19742
18686
20002
20157
20066
20210
20042
18804
17652
16449
17272
16465
17981
17397
17807
18670
19742
17514
15309
17299
15209
14689
14792
12455
17445
19510
19253
18539
19162
17477
17678
17702
18240
18467
17433
18714
19905
19476
18835
19543
15926
14095
15966
16263
16553
16453
19791
20117
19026
18933
17715
17972
17250
19755
19996
17913
18435
18083
18097
16752
17930
18927
17811
17250
16049
14958
16207
17389
17466
17328
17484
18541
16601
17403
14830
14001
17858
17453
15793
17541
17989
18515
16813
18566
20205
18520
15866
15332
16919
18893
16779
19708
19406
18624
19816
19102
17397
18027
17078
11461
12189
14290
13463
18337
19824
19561
18254
17237
15444
16717
19103
16802
15853
17059
18455
16886
16748
18809
16722
17638
16422
17097
18400
19611
16438
14379
15103
13285
16451
17759
17528
17117
18877
19965
18170
18243
18456
17092
15242
16245
20182
20107
20105
19822
20582
20423
19669
16483
13993
15045
15491
15209
17083
18250
18381
16613
16184
20528
18640
18288
18800
19420
16216
19681
19087
15378
13933
17216
15199
12408
12374
14608
15908
13594
16906
16594
13254
15602
16202
17580
18014
18110
18706
18520
17277
16190
14578
15325
17259
16101
14665
17156
15930
16023
18496
16380
14585
14417
15037
17257
13862
13721
14565
16278
15611
15167
14771
14780
18263
20095
19580
18893
18956
16115
16005
16765
17174
16043
16620
17915
17762
15713
17705
19410
19843
19733
17460
16131
14556
12929
13895
14147
14511
13115
2653
20081
17471
19723
19252
18787
18433
17898
17670
18874
17681
16411
17851
19217
16757
17543
17671
19145
18501
19161
19980
20420
20157
19570
17897
20103
20196
19028
18206
18494
19434
20307
20052
20153
19403
20084
20465
19369
17285
17334
17661
17602
19843
19375
19474
18961
17370
17581
18636
20396
18467
17723
19488
20363
20288
20518
20172
20369
19447
19754
20675
19936
19163
19292
16980
17848
18169
16563
15114
17534
16882
19631
19927
20109
19698
19057
19730
19875
18259
19406
20163
19270
17691
17938
18986
18664
18491
19501
18233
18465
16805
14983
15790
15187
15830
14650
16773
17846
19939
17951
19030
19052
16545
16894
16384
17140
16684
16226
16006
16379
16819
19576
17710
20243
19313
16899
17359
18857
19308
15435
10417
11731
12914
11940
13146
15159
16613
12651
14265
15519
14208
14146
16039
14725
13212
12507
13765
17022
18080
17021
18575
18349
14952
16088
16789
15137
13186
16164
14953
14568
18724
13069
14188
13550
14780
12738
13396
14840
17701
17060
13845
15093
16540
17869
16101
16814
15034
14633
16658
16111
15162
16592
18153
18764
17878
15296
15349
15015
16594
18120
18902
17460
15613
15195
13511
14343
16289
14114
14292
14525
16078
14932
14661
16765
17900
16683
18783
19730
19776
19420
20052
19813
20502
20413
20316
19973
19949
19962
19976
18820
19916
18060
17285
17266
17977
19110
17173
16951
19641
17289
19340
14270
15571
19897
21263
21035
20654
20124
17583
20100
19521
18830
20584
18995
18382
19113
17315
17974
19363
19598
19514
17841
17465
19861
20306
20140
20200
20171
18567
19740
20452
20269
20410
19758
20736
19542
16779
16634
17849
19590
19415
17285
19361
17214
17290
15412
19362
17235
17310
19421
19506
19452
18707
20073
19949
18650
17617
18294
16489
18029
19307
18159
19735
19492
19074
20096
19804
19929
19828
19931
19959
20469
20071
20218
19732
19691
20125
19969
19697
19724
19771
19897
19673
20033
20410
19176
17863
19387
19095
19239
20120
20410
18200
19125
19265
19707
19624
19849
20187
18507
16703
17662
20100
18512
19189
20385
20216
20244
18779
17489
19496
19887
18588
18107
19290
18259
19183
20418
19708
19436
19201
20488
20306
20233
20002
20193
20608
18247
19635
14282
19732
