9211
13531
18062
19712
14505
18158
14669
18677
22589
16409
15707
15039
17272
18030
15888
17238
18641
18051
16090
15256
19614
17572
16339
18235
19497
21635
19359
16257
20895
20485
18523
20563
19339
17730
18607
20137
21077
19885
24806
24958
24905
24196
19302
16385
19881
24656
24851
23976
23517
27629
26211
23963
27079
24922
24988
29475
26889
25117
29883
30620
29658
32704
32703
31158
28191
28201
27619
27516
31346
32355
30759
30835
30323
28660
24609
27743
27069
27980
27136
26771
24582
26363
23591
24862
30254
30176
31727
29592
27571
28097
31931
33379
32856
29995
22113
18105
24018
21288
22950
24370
25580
23563
22392
25902
25436
22768
21528
19583
24264
18397
17469
17461
22572
26973
23502
20386
20847
24875
28933
26085
22247
25604
24035
25211
26674
28488
25770
28563
24998
29221
21432
26371
23617
26526
25646
24664
21593
23100
24489
25751
29492
30256
32397
34683
34747
35115
33124
30092
31208
33911
33960
32621
29739
32267
27759
23553
15552
19595
18297
16782
24602
21849
22471
25335
22116
22360
25168
24618
30139
29860
28656
27464
27805
25364
27535
23761
25883
17809
22670
15853
20461
20482
22942
23236
21708
29411
26131
26305
24204
25687
23096
21858
22019
24526
18439
20218
28495
25503
24899
20329
19807
17041
20215
24858
31473
28581
22563
27834
27120
24688
19653
29276
20167
25272
18184
18750
18507
22399
22137
21922
20982
26756
25750
28886
32199
26595
25535
22535
25685
29308
30450
22189
20232
26475
21568
21877
18468
25642
30650
32327
31274
27752
25341
25258
29333
31464
30678
28504
22131
23785
23775
27702
24599
21151
26502
28031
25519
23062
20910
20521
23809
21220
19009
25081
31359
31967
32521
28462
27905
31054
32959
31924
26871
18486
21409
20693
19546
23450
22389
22949
20210
23133
28290
30718
23567
21296
25914
26775
21782
21863
21148
22016
24237
32202
24827
21615
23731
14562
21006
29454
29618
28149
29271
20622
19915
21042
21065
19788
23492
23440
24810
27238
29365
29576
31353
31901
32240
28838
29484
32265
30196
27705
27737
25272
27471
31471
33521
29635
26593
25305
26543
26554
31807
31102
30077
30366
31763
28629
26133
27275
24640
25255
24728
24775
25320
26146
27051
26382
27536
28108
31002
29948
28271
30908
34693
33394
29874
31989
32562
29435
26694
27722
34064
34033
33380
27933
26332
26052
29911
26507
24447
23267
25515
25702
28506
24089
26004
23301
29004
30145
31240
31462
31130
31951
29629
24874
20661
20007
17689
18422
28053
27072
25079
25059
25694
29686
26267
25875
29104
22277
19097
18530
20409
19677
20345
19086
12624
14117
30113
29173
25893
23704
25837
29821
27802
22484
18460
17032
20219
20831
13926
18333
22696
23711
27429
29493
28737
29336
29871
29189
26053
28313
28591
25841
29441
31108
27846
24644
21990
24647
28627
31123
25751
23180
20551
23425
23882
23567
20207
22243
22668
20527
19154
18130
16571
14644
16923
21610
14333
19972
23427
23035
23889
22846
21648
25933
26479
25595
25553
26546
23852
23820
26788
27302
25227
29671
22352
20005
29499
32178
32022
30428
32315
32578
34165
32507
35167
32581
30972
31409
32390
32159
33732
31031
27914
27194
27603
26492
32439
33559
30871
30333
28571
27910
27124
29780
29984
27054
25897
25852
28753
28197
28393
29870
25726
23789
28027
25796
22792
19289
20727
19935
16820
17922
15816
18484
27734
25800
27570
20596
21385
23513
24938
25428
22474
23315
22622
23708
26700
27599
33364
31895
31806
31648
28347
25909
25986
29982
29179
28478
28982
25523
26480
28395
29046
25703
31428
33408
32321
34277
33390
31968
29082
31114
26001
25179
26113
27981
33022
32460
32541
26547
27600
26949
26497
28606
28447
26074
19730
20674
22124
21886
23283
27535
28026
30053
29727
26352
21888
16956
16336
14309
19012
20284
14636
13339
21932
27013
25562
26344
25152
24111
24014
28897
30903
29330
27113
29526
22852
22053
25796
31883
33836
32836
32617
33875
32793
29819
25941
23278
24896
24829
27052
31436
30847
32630
31074
25633
23657
24641
24114
23403
28393
32790
32434
33642
32301
34297
33234
32064
30044
27881
29996
28143
28959
24306
28013
31076
30547
26243
23428
26171
26993
31047
27834
26544
25725
29921
33674
32850
34416
31692
30069
30171
32247
30425
26246
28318
30254
30902
26160
30151
30667
29566
30695
26746
25657
26988
28069
31033
26803
29821
31960
34325
34041
31902
27924
28863
29197
27927
29216
29091
31468
32632
31550
27433
26487
31355
33783
32836
32767
33776
32781
34545
32779
32174
26366
23959
25495
29428
28522
28062
28230
26086
27577
26353
28120
29375
27244
23959
24884
24882
28339
30483
32712
27296
29659
33495
33786
29414
27482
29756
32192
31778
26414
25637
30624
32715
30639
28112
30874
30964
29818
30399
32394
31770
31892
29203
25585
23691
20371
25010
24421
26775
26900
11744
20754
21698
25725
23875
20954
26041
27724
24283
20707
26613
32034
27147
22262
26992
22601
32151
31917
32059
31997
32299
33012
33488
33017
33342
33216
33279
31698
23382
22865
25090
26229
27150
26249
24603
28453
27139
28689
27911
25896
30717
31284
32275
28323
24517
24939
23973
25767
28683
27738
27576
26750
26232
30209
28237
28716
27306
27502
25176
24060
28927
27765
25735
24760
26144
25430
24307
25621
24798
26756
27588
29844
31193
34319
32539
30823
29572
30959
29334
29396
29112
28309
27037
29326
29397
31967
30662
30932
32574
32814
29596
27397
29080
29604
28873
25311
25320
29036
25624
27468
30595
29616
26920
32299
32577
28712
28401
27546
27028
25920
28620
31241
30790
25759
20742
20286
17952
24188
22290
20617
19179
25086
18776
24431
28062
29571
24884
26064
28721
21125
16207
20742
25602
27287
21404
23886
22471
24045
24938
21007
27138
31771
28540
31280
32191
30863
28754
22884
20979
20933
24008
18295
18526
20923
17869
14981
17293
17170
17208
20086
22670
19214
23415
22949
21870
21463
28437
28879
23460
24261
25918
22850
20956
22212
22601
23473
26757
26746
26299
24815
29310
29360
23581
26130
23954
24746
23989
23442
18707
16375
22193
14918
18061
18145
18659
19910
24661
20399
18548
17531
19614
15416
20529
24744
26189
27412
31530
30338
30126
28085
22602
25418
31575
31833
26935
29554
31288
29161
32311
33434
34131
33094
32824
29635
27826
31361
29233
26848
29528
28605
31352
30248
28607
28551
31695
28261
27693
27903
27375
27069
27123
26224
24398
22310
28258
32382
31954
33945
31741
29620
32182
26191
28715
31424
34819
33360
29859
26072
24764
22847
23229
24812
23840
23882
26783
29447
28623
31937
28459
28502
26597
26501
32760
28776
30597
30484
31920
27801
30257
29362
30245
30881
27890
26305
28630
25472
26549
26622
24073
25261
31868
33045
29625
26575
27854
28710
30298
29191
25778
24130
22835
27499
30493
25531
26242
25484
21130
21852
21797
23770
24700
27429
25814
27422
20702
21069
9939
11735
23769
16915
14529
16775
28154
29703
32987
29391
32244
29911
31395
32088
31410
28235
28598
32048
30787
28831
27601
23755
25265
25530
24623
24120
24013
25101
23570
21873
24977
22904
27530
26344
25708
23032
25599
25567
25694
28526
26204
24850
15701
26656
19022
28020
29355
23556
29727
31082
29219
20810
22652
22345
20912
21376
26162
21323
20752
17630
14251
15463
23570
26612
30139
32042
32190
31435
33559
32704
32879
28219
29815
32616
30014
28554
28012
27251
30429
30071
27437
26850
21824
17729
18056
15921
21130
27613
24828
21200
25658
25760
29860
32011
29345
26097
28879
31386
32612
31246
26966
29365
34055
33193
30604
29635
29399
29474
30751
32586
27596
22061
20011
21198
21134
21880
28458
23587
25225
30016
23944
22390
21528
25215
27863
32078
27684
20588
19519
16615
19627
21990
23925
17003
21299
14520
16228
17673
24886
26616
28141
27660
21415
21744
23900
18262
19932
29994
31391
29426
30510
25901
24259
22977
20862
17212
22569
27087
23932
24092
20152
23411
21746
24591
29283
24289
29530
27642
27579
18142
22450
30422
23914
19292
21821
23651
30408
32553
27193
26032
24419
26025
26945
26729
27200
29840
24677
27658
28877
30154
28551
25203
24995
26955
27289
28320
27281
23724
29030
32136
33500
31918
26524
24077
28425
33897
32454
32413
28843
32306
31625
28741
28880
29383
30088
26180
24397
25671
25727
23318
24192
22894
22655
21321
28903
28605
31441
29863
29019
28601
30007
33714
34124
32852
34044
33172
30379
26169
26055
26035
25654
27416
28645
24315
23108
22364
24172
26303
23120
25547
25955
22117
27779
23134
18785
22266
24282
28939
28627
20634
17702
18565
10145
10155
26344
25152
27782
26587
24362
26788
28606
31858
32012
33675
31807
28378
26036
27137
23080
29898
27067
24783
27717
27778
31287
27672
32877
31231
27582
25673
29919
31939
33753
31287
24978
18884
20579
20478
22182
21399
24324
26336
25136
29531
31509
27098
24303
27568
28029
29620
25212
26398
24318
25139
24220
24574
20522
22502
22791
21155
20092
21070
22468
21225
21840
20609
19694
25932
27773
29229
33020
31086
25411
28275
25736
22337
22719
21793
27392
23869
23530
19123
20488
27334
22290
26665
28783
23254
22081
17222
24831
19323
18422
22672
18435
14497
13914
14160
16840
16217
10424
11032
12206
19642
25669
21271
27739
21560
21807
22050
26403
30727
27234
21047
20767
20228
22057
23700
25209
31795
24512
25458
25191
25258
27504
26474
25601
25335
22259
21135
25203
26764
25129
23740
22069
27836
19003
21734
23055
18702
27008
31195
30137
31167
32740
33462
32523
30136
28790
25768
27715
28291
24836
26405
32952
32053
30410
26094
22975
16881
15941
14751
23584
21273
26303
23340
25833
17087
15822
20047
24730
30677
30195
26166
26227
21638
20322
27180
28693
26856
26735
25718
24339
22917
28311
23069
20567
18159
23477
21868
16948
19483
19186
18944
24308
28154
26451
28919
28179
24917
23863
24527
23374
22751
24104
30574
22904
23135
21406
20775
23647
19822
21698
16546
22638
21910
21022
20004
18784
10196
13342
17337
25592
27595
25784
19145
22501
21990
21284
24426
25463
24254
25988
19257
22029
22310
25427
30021
30810
31645
32188
32770
30573
25657
30750
30010
27061
28565
23815
23645
22845
23348
24497
32098
32512
30410
29271
29619
27849
25686
17350
17132
19496
18482
31205
28034
20345
26848
25447
19980
14052
18050
17559
12431
14718
15561
14603
15885
13725
18363
17782
21122
19096
19869
21603
20893
24614
29488
31337
26231
27320
29408
26052
30031
29754
32411
29311
26518
24810
24605
26045
31577
33179
33113
27905
28358
26948
30920
31406
29429
25518
26982
27525
25832
23067
23742
19738
23576
22694
18337
16080
18233
16016
20591
24587
23972
24974
20998
18034
28019
22435
22125
21744
22598
23003
19973
23929
17365
17516
22348
20679
14522
22429
25959
28324
25903
22014
23081
26067
28530
29990
32466
30890
27207
30927
27758
29654
28549
26448
26092
26529
30122
27167
25660
21274
24682
29029
28655
29994
26157
29117
29581
27128
28112
25855
20685
17898
19086
21164
17445
15801
18083
28297
16759
16762
24573
30091
32661
31808
30098
25833
25673
26850
25463
27193
25848
25502
27549
27956
30585
31876
32078
31676
25410
28565
31902
31237
30379
32470
31268
30843
33290
33803
33138
32280
30203
27527
30593
31728
27330
24665
23581
23212
24318
28630
25068
27334
25947
26482
26865
26429
22383
24331
22919
22950
19937
19062
17693
20396
17849
18380
21597
21683
18216
21023
22074
17725
17358
17457
16741
16385
25040
22711
20049
19626
16001
23405
22257
25421
26604
22596
23110
25365
21020
23489
25629
21546
22444
27274
25887
27624
30272
26629
27403
31107
28512
25669
23971
26754
25264
25152
23044
24182
27613
25409
26469
24580
25133
23313
25527
31809
32568
34039
33792
30153
27322
31193
34158
34756
33650
34356
33043
32654
33272
34855
32908
33698
31824
27288
27960
27851
28757
27145
29708
28460
28426
32881
33096
34160
33383
33584
33802
33671
34591
33545
30187
32278
31258
30694
23750
26514
28027
24209
20500
23778
24926
29191
27744
32358
31775
28672
27001
29276
28117
19263
16200
26394
20860
26411
17799
18299
26526
30058
33149
32670
32043
28162
25766
29596
23057
23670
27270
28378
29155
26414
31792
33867
34045
33878
30741
27964
33390
32515
31907
27509
23555
25669
25122
26600
25265
23315
26100
26834
25836
26026
28147
26463
27990
26002
24225
20488
25444
28153
25323
18934
21240
24353
25142
19406
19654
19362
21636
17064
22104
27784
27895
25598
28996
32435
30283
31062
30184
24738
22200
18550
21661
19365
20500
17787
20134
23221
23878
18921
17096
17142
17704
17419
15159
9299
19051
28540
23882
23455
25236
20846
23400
19895
23121
24533
22894
27670
30208
29265
26649
25519
19924
18391
19676
21046
23005
21511
28214
29163
25433
28022
24922
24300
23082
26592
30566
24311
27190
25469
23799
23979
24279
23487
23942
21798
21358
17901
18969
22194
20717
21731
17871
24591
22620
23727
14656
15057
22959
20933
16409
20232
21841
23505
20633
24210
27612
20719
18358
18047
21523
22084
20911
27181
27714
26722
28527
24948
21492
22065
18779
8720
11067
15297
13173
19665
24502
24491
21755
19828
15655
18710
23255
21235
17946
19817
21421
19560
20553
21794
21376
21269
19144
21168
22952
22711
16648
15307
16155
14475
19810
21569
17350
19998
23603
25560
26552
22222
20828
20119
15532
20710
29891
30074
30642
30602
30557
30122
23991
17157
14243
18847
21870
17268
21363
23587
21953
20669
20509
31116
24079
23372
22575
22317
17517
23448
21677
15382
11775
16532
13485
10473
13096
16733
17689
15026
19569
17952
14025
17917
18287
22077
22788
25166
25023
25765
21595
19313
13571
16278
22124
19445
17391
24431
22437
20961
19855
20593
16063
17068
19086
19391
15152
15499
15142
21227
21374
19345
17350
14488
22527
29265
28619
26090
23715
20818
23659
24247
25629
21880
22992
21534
21512
21573
22958
28030
29778
26849
17787
15213
12777
13311
14249
13687
14572
11657
2568
30807
23671
27879
25244
25544
24313
22702
24746
22555
22691
21378
21931
25819
23948
23287
22701
25365
26506
26565
28734
32535
33266
30602
24854
29603
30784
27734
23257
23768
24873
28957
29745
31310
28481
30406
30382
25015
20416
19542
20410
23451
27752
28192
27440
26592
22106
21842
25166
30335
26591
23383
27394
32276
33001
34517
33105
32357
28332
29700
32898
29910
25757
24348
20528
19905
19752
20225
18031
20424
21531
26739
30068
28988
26712
25348
27539
27462
25146
30202
27887
23791
20798
22866
22085
23182
25101
23900
20006
19563
19897
18267
15304
19108
19419
16902
18522
20312
25921
20156
21819
21303
18397
20164
17964
19368
18619
17266
16335
17817
19577
24927
23471
28872
24925
17338
18757
21962
20677
11561
8121
11474
10557
11923
12183
15786
19774
13097
15575
18169
14729
15236
16771
14488
12881
11124
14356
25427
18791
18586
21227
21859
16516
18367
17907
17225
13789
18470
15474
14106
21431
13553
15575
14972
15797
12998
13045
15235
21525
19527
16018
14520
18106
21469
17037
21128
13772
15222
18408
15617
15377
18266
20345
18781
21518
17512
17597
17794
19549
20166
23071
18264
18146
13127
13532
13363
20015
17491
14986
13202
15760
14340
14715
16297
17781
15400
26489
28016
32858
30380
32940
33275
33367
32776
33527
32296
29687
30358
30309
26407
29963
22908
20403
21682
22015
23119
19910
22705
22652
22163
23425
13131
16052
22122
28664
27872
25243
26794
20273
26471
26384
24247
28100
26116
24197
24192
23583
21150
26311
28632
27619
24022
25295
29561
31047
30436
31822
31689
26542
27981
30813
31565
31182
30390
31221
25727
17798
21073
24837
28095
26511
25335
27466
23751
20823
16934
26193
19743
22263
27557
27348
25591
25287
27443
27261
22860
20491
23381
19976
22765
25962
23943
26588
28474
28016
29645
29371
30179
30891
30241
29789
30832
30744
30638
32721
31139
30198
32413
29624
31437
30436
28366
30822
29585
31214
25999
24216
25480
25876
25501
29950
28498
24083
27286
24533
27052
26635
29342
27919
25782
20515
23538
29270
25006
28059
30234
30840
29028
23652
22433
26475
26257
22949
24602
23314
24189
25401
27003
25578
26610
27555
29063
28868
27790
28784
27896
27715
23021
24508
12818
26428
