13150
15475
14552
20152
16495
14884
16262
15335
17382
16204
15790
18706
17466
19096
15600
17447
16544
16294
16492
15826
18053
18142
16665
16496
19006
19050
16509
17204
17224
17372
16441
19566
17486
15976
19313
16688
18435
19008
19930
21439
21574
18404
16336
18710
17191
19861
19532
19807
18496
19585
19331
18368
19649
17392
17843
18307
19185
18979
19447
20008
19318
20476
20880
21001
21554
18640
20027
19548
20272
19939
21213
18024
20672
19937
20924
21368
18376
21107
20067
18544
19481
20064
18369
18082
18949
19646
20808
20002
19037
18470
20209
20725
20873
20493
18547
15530
19238
18460
18408
19459
19262
18109
18443
19671
21158
19010
17992
16197
17730
19377
17417
18167
18821
19797
20434
18684
16827
16515
19401
19550
19276
19155
17275
18002
20983
19748
19551
18371
21641
16211
18778
19176
21195
17154
17403
18137
17575
18934
17517
18748
17683
19198
19264
19742
19869
20606
20897
20881
17763
20461
20998
20359
21971
18150
22484
18634
16013
17038
16600
16381
18820
17831
20263
16584
20762
18747
16654
19760
18610
21606
20309
19152
21076
19272
18735
20995
19246
18132
18947
14783
18658
16943
18236
19228
19091
19561
18064
20045
19783
20714
18320
17199
20477
19403
16473
18264
18520
19654
17688
19977
17949
15665
16890
18437
20027
21180
20934
19910
17288
20235
19297
20619
19034
18497
18148
16855
16457
16629
16740
18467
20692
17473
16612
18716
20341
19994
19309
19623
19680
18636
20891
17946
18566
18269
19513
16710
16916
18335
21163
20045
20343
22116
17838
20354
17956
20975
19886
19911
20869
20253
17559
20837
19320
18040
18907
20225
20201
20183
18536
15720
21189
17747
16758
18763
18627
21513
21362
18705
17967
20404
20225
20833
21142
16831
19148
18276
17460
19166
19541
19897
18953
16886
18970
20823
19050
18157
19072
20081
15951
18488
19100
17097
17496
18337
20870
18576
17713
14741
18791
20427
21100
19059
20892
19806
18997
15971
19806
17112
20608
18868
19554
17282
19243
19490
19952
21419
20784
21298
19190
20309
21878
19240
21041
20527
17841
18567
18634
19973
21566
19348
20285
20529
20341
20367
21036
19953
19975
20181
19647
19406
18828
18794
17058
19754
20457
20474
18896
19714
19328
21648
19494
19395
21390
19125
20150
20532
20410
20605
19456
19701
19359
18087
20000
20555
20870
21494
20945
18820
20512
20722
19742
20176
17827
17926
17787
18711
18348
19585
19526
20164
18975
21238
21425
18219
20184
20284
16829
18622
16928
15675
18859
20702
19018
20173
19696
20052
20688
18105
19635
17952
15760
14799
17939
15440
16494
16922
14047
14941
20689
18092
20516
20020
16874
19482
19765
20767
17932
16122
17458
17251
15437
15655
19792
19106
20388
19290
21133
18004
20601
21947
18074
18826
19412
21174
18850
18517
20351
21006
18258
19792
18235
20154
21035
17024
16770
18644
18965
22268
17267
19665
17862
16927
18692
19301
18229
16834
14039
17403
17495
16667
16358
20812
21916
19797
17168
18911
22068
18299
18369
19689
21105
22761
20824
20317
19472
19078
22078
19882
21019
19289
18511
21074
20901
19380
20951
21557
18980
19905
20902
19829
20196
20013
20771
19235
21096
19890
19500
19437
19440
20516
21920
20464
22442
18866
20647
19323
20564
19568
19754
19306
20995
18855
21201
20185
22317
20357
19101
19820
18324
18126
18603
20608
14905
17439
16194
17683
18456
20639
18276
19440
16371
20927
19134
20610
18133
17569
19389
19068
18446
19706
19323
21077
20189
19812
21222
19679
18208
19324
18984
20545
21127
20009
18812
20062
16990
19460
18570
20433
21341
19756
20081
20818
21513
19448
20677
18219
19290
18173
18191
18835
19835
22426
19054
21520
18602
19826
18394
19822
18412
16293
18294
17657
19135
17002
19598
19339
20035
20567
18928
17050
15328
12714
17876
17161
15975
13734
17604
19181
20015
20209
19834
20705
20262
19859
20403
19357
20391
20130
20556
18072
17452
20333
20196
19473
20784
20907
20777
21153
18751
18532
19796
19090
19276
20278
20420
19810
21308
20127
20785
20892
19921
18540
18693
21097
20883
17584
20450
20523
20923
21239
20011
20227
18419
22121
20310
18794
17034
20467
19709
21603
21064
18761
21730
18005
19826
19580
20125
20021
17886
19205
18994
20000
16703
19865
20420
22360
19639
19254
19972
19942
21785
20264
21908
19296
20386
21457
19925
19214
18487
21273
18993
19965
19529
20021
20490
21231
18894
19579
21478
20502
17195
17972
20053
19681
21762
21069
17980
18823
20138
19791
21652
19440
21153
19801
20570
20995
21088
18527
20049
19689
22312
19003
21650
19421
20430
18643
19793
22031
21891
18489
19461
16555
19547
21312
19675
19335
16618
19811
20602
20632
21571
18006
20944
20501
20505
19943
19173
20217
19393
18145
20075
21103
20129
19411
20894
20602
18174
18846
17805
16102
19533
17796
18158
19830
18045
13376
16735
17238
19869
17564
18168
17676
20030
21450
18431
20384
20395
22097
16460
18745
21109
20122
21395
21299
20634
20034
20302
20328
20450
20564
20438
20740
20735
19158
18773
20921
20905
19811
17877
19037
20350
21479
20210
19970
18662
19906
19894
20982
19651
21105
20597
18457
18003
19545
21062
22001
17763
18076
19754
20907
20520
17072
16724
20797
19203
19602
18467
17722
18861
20759
18053
19063
20330
19408
19239
18133
19388
20112
20201
20582
18527
21290
19839
21424
18623
21030
21379
18325
17309
19868
21227
21806
17892
19667
21315
21504
21686
18637
18677
19384
21749
18805
18242
21959
18151
18436
20758
19495
17706
20486
20063
17667
20089
21604
18176
19375
18944
20220
22611
19374
18368
19002
17178
21147
20243
17150
18155
16180
16918
19266
20907
20069
19748
19151
19836
15593
18218
17330
20606
19189
17718
20486
18421
20145
18934
20510
19923
21509
18830
19337
18476
18385
18015
19549
17737
16620
19230
15542
17739
18665
15497
16192
16954
16027
19005
20048
17604
18316
16427
19287
17287
18881
21054
19117
18585
19191
19123
19389
17662
19710
20031
17774
21681
17588
17019
18155
20908
20666
18447
19618
19634
19061
19343
17587
16101
17927
15811
17314
17645
17073
15798
19207
18524
18202
17809
17470
15248
17225
20468
19731
19308
20673
20865
20580
20239
19085
18873
19525
21065
21924
17729
20770
18994
22153
20926
20490
20054
18975
21214
18504
18317
19806
17182
21455
18619
19748
19916
22784
19102
19626
22077
21440
19721
21151
18789
19975
19458
21741
20122
17663
19650
21439
20048
20433
19505
19113
21539
19654
19527
19406
20924
22646
21554
20049
19409
18375
18159
19782
19501
18797
21146
19586
20887
19980
20411
21054
20428
19928
21691
19772
20558
18526
19838
17874
21368
22350
19494
19366
20896
19519
19524
20233
20571
19983
18748
19221
20130
21055
19330
16893
19353
19282
19461
17593
18711
17091
19320
19852
21434
16542
21164
15633
17437
17950
17403
20497
18116
17438
21078
18567
18390
12685
15313
16230
16006
16448
16976
18099
18151
19942
23030
19206
20249
19936
20956
21398
20762
21645
17502
19590
20630
19034
20670
18675
18983
19737
19650
18585
18996
18973
16098
18346
21826
16485
20006
20109
17847
19791
21342
18490
16501
19319
20910
17237
19771
19645
17890
20647
18840
19670
19984
20059
18657
18122
17321
16125
18440
15391
16840
19546
18645
14857
17877
18676
17760
20812
19290
20601
20634
19955
20968
21200
21653
18665
18611
20960
17685
20037
19637
20426
18937
20141
19460
19830
17584
17399
15036
19497
20634
20058
18872
20224
20519
19290
20218
21731
21621
18938
19861
17983
21288
18608
19793
19671
20822
19840
19614
20775
19551
20583
20317
22448
17221
16845
17653
16416
20018
16388
19401
17991
20040
21705
19004
18672
17362
19219
18475
19149
17900
18095
17615
18014
17245
17706
14350
19150
13903
17509
12914
18187
19517
20255
19489
17629
19642
17722
17398
17089
18775
21502
18912
20690
18899
22015
20280
17420
15746
17007
20711
18298
18074
17806
17683
19896
18460
17944
18890
20278
18823
20033
19133
16481
19322
20042
18763
16709
17294
20095
19599
21244
19814
21079
18340
19228
18704
20317
21087
18540
19602
19756
18439
21233
21077
19211
18432
19513
20018
20144
21137
19027
20216
20473
20459
21884
19388
20243
20307
20318
19011
18556
19987
20805
22283
19532
19831
20365
20259
19346
18011
17927
19017
20743
20326
19689
20736
18090
18785
18979
18937
20547
20918
19681
19743
20203
21905
20270
21263
21333
21614
21234
20498
21015
18656
19612
20457
17837
19480
17034
19670
19207
19047
21174
19118
20025
18968
17700
20226
16885
19174
19404
19694
18223
21499
13663
13656
18505
19713
21128
20628
18453
18026
20814
20745
21126
19479
20294
20945
22101
19521
20671
15915
18507
19165
20166
19971
18854
22661
18197
20935
22343
19581
21134
21184
20372
20501
21374
17105
16437
17850
17224
18108
17673
20433
20594
19215
21278
19928
20722
18622
19064
21050
19011
20728
20224
18010
20294
19490
17707
18227
20324
20200
16665
15830
16727
19088
20840
17206
17796
19998
18016
18860
20939
20443
20823
16294
19676
17894
21859
18268
20768
20446
18063
15370
17394
19736
19255
19425
19702
20369
20242
16779
19143
19545
19688
17036
14942
15424
14500
15128
16892
17507
15094
15489
12326
15729
18784
17040
18790
19020
17238
19167
18114
20448
19617
17821
15833
18733
19873
19007
20306
18170
19551
20216
19413
18310
17770
18701
19934
20136
18619
18844
19184
18673
20278
22032
17628
18448
16873
17509
19586
19275
20545
18358
18623
20600
21517
21116
20676
21843
17612
21075
20981
19900
20415
19531
18794
20340
22007
22246
17748
17197
15005
16059
19374
18814
16438
15619
20009
19526
16029
18032
17966
19735
18828
20443
18173
22121
17402
18411
20101
19476
19896
20130
17973
19033
18005
19316
18955
16149
21567
19467
16703
17991
16319
16729
16320
20187
20690
21164
21239
20029
16674
21035
17127
18704
18460
17645
19582
18781
19561
16169
18888
19591
17112
17678
18487
17129
17985
17191
15839
11352
13357
17172
18294
19714
18935
20187
18775
18504
16850
19008
19368
18321
23138
17782
19690
16923
16756
18600
19576
19772
19950
19558
20332
20567
18379
20829
20978
20861
19931
18026
17402
18919
16899
19501
20687
21168
21444
20835
21992
18131
15292
17480
19105
17669
19431
21052
17579
19980
18772
19896
16071
17578
17038
14787
14967
15643
16054
14349
16378
17186
18553
17751
15402
16445
20630
19398
20163
20500
20290
20782
19688
21270
18091
21030
19744
19958
21077
18262
18898
19532
19932
20201
19270
19003
20618
19467
18493
20185
20848
20104
20475
17956
20138
19754
19808
16911
18289
18621
19574
20579
16202
17425
15378
14897
18026
16777
18950
17975
16272
19080
20258
20853
16916
17001
19285
19078
14739
16142
15422
17748
18267
17406
17439
17941
19946
20522
19706
17906
19254
20459
18561
19419
21093
17808
19294
21326
20639
21835
20323
20295
17819
18236
21184
21333
19139
17181
20299
22484
19739
20377
19638
18576
21397
18958
21191
19207
16998
17103
18327
14739
17241
16259
19987
17897
17969
17370
19946
20658
20358
20158
20724
19121
17189
20203
20242
19778
18157
18060
21593
17554
19849
20866
20811
21668
18432
19180
20062
19296
19677
20802
17449
20147
19299
20307
21821
21451
21340
19102
20651
20383
20520
19373
19648
19202
18138
21114
19735
21182
18192
18968
20425
17952
17543
19336
18226
18969
16801
17225
18776
16235
17992
18689
21009
17438
19502
18081
18844
17892
17497
15211
15917
17856
18361
17761
17892
15364
18631
19479
17408
19646
17919
18455
16607
18491
18169
16594
20014
17709
18118
18406
19615
18786
19844
19165
21103
19781
20147
20430
18646
19127
20026
19324
19276
18436
21625
18774
18958
19130
19598
17236
19912
20168
21042
20068
20594
21574
18123
20022
20610
20116
19560
20442
20651
20292
20686
20909
20357
21204
19394
20251
21906
19104
21746
19122
20946
18585
19584
21319
21163
19916
20333
20911
19731
19786
19656
21030
18360
19977
18291
20933
18714
18108
18724
18979
15929
17988
20721
18060
19044
19809
20969
18850
20604
18016
16106
15215
20364
19701
19390
17935
17657
19680
20185
19527
20736
20162
21813
20282
17508
21012
18163
19859
19743
19236
20718
18560
20241
18629
21253
22264
19407
17968
21165
20286
23156
19585
18690
20168
19263
21225
18453
17172
19428
20492
18312
20002
16397
17258
22814
18301
16725
19042
17898
16783
17686
18065
17741
16772
18766
17000
17755
15925
17920
16800
17506
20767
22755
18976
19687
19991
19140
19887
20754
20332
19582
18655
17706
16707
18489
17962
16477
19129
19423
14865
15648
16318
15198
13667
12871
14703
17412
17783
19364
17846
19300
18129
17260
18568
19294
20204
20461
19700
20457
19576
20766
17553
17134
16788
19930
18944
17939
18894
20315
20993
19906
21428
19372
19628
19298
19386
23034
20889
16868
20428
18395
20916
20063
19160
17145
19114
17746
17386
17007
16426
16593
18520
17427
18566
17452
16403
16757
19127
20315
16725
17065
18330
17867
18699
16373
19960
20551
17180
16836
16434
18105
17644
18423
19569
20079
18811
20382
16750
18770
17694
11796
12959
16653
16081
15182
16297
17409
17824
18892
16934
15905
19033
18290
18324
15161
19295
20562
17365
18702
18353
17534
18784
18107
17490
19734
17654
17335
15776
15871
17109
18448
19115
15842
19165
21171
17158
18471
19039
17741
15817
17458
19262
20143
20830
19215
20275
19919
20314
19355
15422
15262
16433
16890
20519
20040
20313
20540
18042
18871
19610
16492
18186
22026
15638
17881
17800
16491
12630
15724
16783
13585
15826
16337
17855
17055
16940
18473
15717
17453
18046
17569
17841
17134
19527
18144
18486
17617
15871
16404
16391
17867
17060
18411
15617
17656
18852
17951
17041
16647
15537
17641
17333
17493
15802
18023
16522
18159
17207
15166
18680
20256
21743
18585
19588
18544
17737
17766
18371
18449
16070
19909
17921
18365
17667
19811
19631
20983
20058
17203
16027
15853
16082
15584
13078
13149
2324
19715
18864
21416
20634
20293
17372
17531
17497
17915
19336
18398
15900
17749
17633
19866
18524
19267
20590
18766
20643
19685
20499
20723
20287
21007
20779
18842
19444
16298
17671
20969
20417
20591
19410
20602
20737
18750
18930
18689
19130
17926
18791
20412
20346
18530
18378
17234
19126
20747
20365
17649
18881
20159
20143
20335
20121
19909
21309
17942
20413
20288
20412
19054
16871
16150
18092
17698
17066
18390
18635
18367
20440
19007
19188
18854
20103
20042
21324
16856
18421
20918
19350
17693
17558
19601
17712
19420
17487
18149
18206
16233
16257
16276
18479
16945
15689
15980
19854
18797
18898
20799
17006
17285
16923
18614
16779
18125
16792
16638
18995
18791
19167
18667
21118
17445
16746
16068
17196
13410
11608
13901
13434
13864
14847
16516
18042
15521
15722
17455
16090
15488
17544
16880
15741
14336
15573
18171
20014
15145
17644
19851
16521
16522
17579
16382
15246
18284
16288
15936
15913
15116
15680
15283
16039
14951
14503
15122
18064
18452
14908
14876
16454
16606
17253
19024
17419
15709
17913
16022
15161
15810
17425
16871
21256
17616
16105
16346
16953
18453
18672
18023
19126
15567
15788
15011
17098
16806
15958
16126
16271
15674
14133
13265
16245
13790
20300
21417
17559
18762
20021
19999
19526
20053
20634
20039
21544
19343
21008
19166
19766
21760
18465
19152
16979
19283
19048
17426
18663
19177
18687
13297
13529
18081
19197
20184
19919
20253
17990
20770
19519
20014
19568
20167
19642
17810
18654
21133
20003
19985
20025
21301
17084
17896
20488
20845
18890
18515
19343
20535
21432
20728
20727
20196
19070
19552
18939
18550
19455
19672
19781
18988
19270
19656
17953
17710
20008
19493
19394
18753
21659
20913
20157
19022
21586
22313
17008
19941
18280
19299
21191
21185
20570
20035
19655
21078
20605
20334
21115
21979
19991
20117
21570
22057
19566
21276
21702
19301
22070
20059
22051
22759
17230
20326
20924
22812
18723
20112
18407
18140
18922
20310
19854
19105
19735
20154
20038
19179
22172
19658
19195
19379
22030
22294
18699
20824
22654
22647
21216
18593
19898
21068
21731
20005
18860
19087
19264
21863
22543
19090
19547
19425
20410
21411
20376
21633
18791
18710
21212
16315
20485
