23717
19974
17948
18264
19565
17593
18988
16560
14897
18063
17627
19785
17452
18036
18281
17988
16865
17600
18392
18752
16748
18947
18225
16799
16560
16826
16629
18912
16142
16209
17239
17262
16532
16779
16761
15733
15984
16436
14225
14708
15473
15142
18171
19356
15587
14746
15536
15534
14816
13613
14831
15260
13854
13742
14426
12351
13951
14722
12562
12612
12407
12641
12095
12654
13568
13382
14059
13615
12165
12369
13112
11976
12967
13332
15157
13949
13181
14233
13630
13498
15589
14113
15053
14328
12812
12969
13238
12952
13702
12874
11877
12124
12456
13068
15798
15821
14399
15835
15530
14798
14293
15119
15579
13820
14344
15265
16145
15872
14145
18319
17648
17726
14984
13879
15723
16487
15613
13625
13108
14191
15762
13999
14531
13890
14036
12979
13717
12850
15217
12301
15418
13783
15797
13523
14141
14317
14758
15709
14246
14515
11938
12456
12376
11991
11742
12009
12076
13522
11750
12518
12417
12523
13187
11939
14144
16091
17299
16554
16468
17618
14217
14850
15813
13771
16145
15882
13669
15361
12473
13499
13969
13129
13923
14247
13209
15690
14554
17737
15734
18120
16880
16874
15245
15451
16112
13460
13897
14844
15674
14909
15765
16195
17238
15641
20228
19872
14251
15514
14782
18577
17508
17927
16446
14409
12557
14126
16119
14042
12844
15548
17586
13691
17392
14813
17666
16613
16861
15476
14939
15492
16538
14175
13736
13018
12744
14390
14243
15870
14431
12914
13552
16214
17067
14043
15864
15342
16805
13715
13470
12324
12708
14845
14374
14951
12192
12487
12316
13553
16825
16197
14219
13375
15060
15858
13347
14271
14866
16096
16516
16215
15335
16227
15516
14050
12274
13211
13052
13138
13155
12275
12263
12981
14090
17332
16091
17087
17523
15288
15874
16445
17224
14616
13680
13163
15900
16480
14605
14472
15381
15928
17114
15113
14421
11979
14618
15933
15545
18919
16467
13204
13486
13473
13696
18229
17394
16318
17891
17351
15363
15323
14437
13258
12920
12939
12564
12955
12342
13936
13023
12473
13311
12878
14372
15391
12900
11794
11848
12802
14830
14682
14314
14258
12246
13013
13545
12652
12192
13603
14174
14083
14457
14344
13523
15032
14972
14157
14041
13489
13934
13861
12149
12397
13883
12107
11959
12210
13021
12422
11743
13162
13905
12882
12040
11883
12363
14162
14747
14387
13144
14798
15455
15626
14401
13785
12440
15299
13806
15602
12890
13164
12161
12842
13369
11994
13622
15152
15289
18016
16789
15932
13658
14599
14355
15117
15023
13030
15077
14286
13454
15754
16699
17165
17376
16959
16680
17776
21997
19958
13517
12784
14544
14958
13221
12974
13220
16280
17474
17996
16986
16129
20404
17171
16120
15256
13895
12720
13344
12404
13052
13751
14158
13175
12414
14452
12604
12157
13536
15932
15853
14879
12524
12742
15178
14759
15959
14453
15442
15923
15914
15557
15357
15932
17518
17929
19484
19213
16846
15293
18875
16071
14276
15994
16248
15948
15573
14008
15232
14296
14160
14280
15592
16805
14076
13787
14650
12740
16636
17483
13605
12518
12463
13722
12873
12029
11740
12514
11576
12309
12655
12048
12454
12201
12307
12403
13290
13764
13626
13569
12041
12301
12752
12984
13705
13241
14007
13061
12687
13361
14419
14077
13422
12906
13868
13610
15133
15349
12740
13841
15574
16477
16383
17629
19008
18162
18922
17715
12729
14326
12931
16805
15655
15495
14557
14624
15414
14616
15569
15247
13424
13471
11774
12739
12587
12471
13940
14259
14032
12833
13234
13432
13038
14380
13952
13705
12512
14821
11932
12091
12409
11830
11776
12613
13617
12628
15248
13941
14432
13294
11913
11610
11750
14949
13400
14418
13685
13220
13576
14480
17110
15156
15660
15842
15423
12889
13409
12585
12908
14736
16100
19030
18613
19241
17363
17376
20985
20073
14916
14010
14585
14292
15015
15283
15801
13140
13414
12924
13976
13718
16642
15772
13851
12347
12039
12258
12279
12121
12696
13403
14746
15812
15943
14646
13779
12478
12535
12417
13095
14660
15142
15143
14814
14895
12604
12811
12335
11262
12328
12073
12574
12745
13028
14340
11940
14056
13136
14166
12818
12543
12620
15318
15905
14006
14421
12412
13743
13972
14251
12994
11573
11662
11799
12586
12231
12912
12022
13148
14214
13413
12902
12858
14866
12513
13134
12829
12523
14508
14691
13946
12985
13002
13979
13062
12366
11788
12172
12596
13890
12801
13881
14127
12134
12548
12176
12281
13205
14049
13194
11925
11927
12177
12441
11880
12360
11784
12693
12706
14950
15224
14889
12816
13923
12822
13682
14272
13676
14262
13345
13221
14682
14679
15053
14145
13462
13146
12336
14210
12115
12302
12594
13339
14424
12713
12535
12948
14564
14604
12162
12421
12971
12847
12415
12964
13197
13163
12702
13356
12555
13690
15098
14969
16879
15156
16973
14559
14981
23348
18135
17877
16026
15468
17893
14927
14356
15894
16513
15572
12603
15139
15827
13389
17040
12407
13044
12886
13213
12876
12372
12125
12468
12481
12577
12392
13001
15685
15442
14922
14404
14070
13962
14901
13271
14369
13108
13448
13365
12191
12265
12217
13411
15257
15356
15038
13409
13027
14238
14730
13189
14291
12314
13252
13559
13011
12788
14856
16184
14190
14144
14021
14640
14204
13821
14561
15013
15029
13929
13039
12850
12564
11747
12318
12439
13493
12498
13142
13002
13613
13567
13318
12422
13257
12525
13057
12161
12288
12292
14157
13809
12670
12125
13096
15140
14300
12549
14371
13450
12195
13337
13474
11388
12400
13245
13101
13603
14738
13974
13170
11837
12812
14551
16088
16815
18439
15018
16957
16859
16311
13960
16542
14454
12862
13341
15307
14601
12716
16711
17874
16064
13197
13933
16115
14155
15841
14398
15306
16382
13955
12435
14115
12272
12328
12228
13146
15689
16487
15929
14508
17724
17128
15923
18028
18714
18698
19517
18125
18331
16544
17642
15703
15165
16637
15584
13505
13788
15868
14894
14297
15949
16664
15291
16406
16165
13417
14744
14505
14480
12720
13574
15728
14041
15270
14461
14785
15529
17058
17613
15577
18039
18888
16765
17132
16075
14628
15884
17255
18140
17153
17065
16387
14580
14297
13571
12643
13110
13108
14273
15506
14345
11939
12662
14832
12321
13099
13008
12730
12645
12199
11845
11554
13461
13137
12196
13542
13538
13213
13125
11941
12444
13609
12772
11795
14085
13479
13179
13994
13578
13665
13846
15432
16220
12411
12303
12597
12127
12825
13430
12069
15145
13212
11900
11631
12206
13894
14935
15336
15743
14840
14348
15145
15186
13825
13716
13470
12238
13313
13365
13666
13878
11837
13714
12448
12748
12120
14134
11913
13172
13539
12741
13726
14428
13372
14451
14479
14406
15473
14808
12205
12545
13290
14155
13216
13080
12430
13204
14345
15242
15465
14183
12746
16015
13921
15460
16017
15988
15516
15945
16299
14380
14250
14869
18383
19579
23262
22912
14988
19238
19703
19266
12819
12434
12042
13884
12324
13299
12559
12929
13099
13583
13817
11976
12174
13881
13711
15986
14466
14393
14785
15090
14884
14988
15467
15218
14436
16061
12871
14100
14627
15146
15346
14821
14961
12504
14508
15244
19121
14444
19566
13478
13789
16263
13403
13205
14101
17918
16294
16064
16291
15955
13484
15862
17243
18774
18645
18997
15306
13767
13052
12305
12875
12687
12053
12243
12246
14004
12679
11868
13113
12787
13549
13488
12970
12544
14017
13609
16886
17674
17971
18806
16410
14576
15582
16058
14631
14476
12429
12573
13356
14848
12690
12527
11808
13078
13918
12939
11606
12536
12857
13435
13766
12737
12654
12348
14407
15363
16827
16273
15452
17270
12633
15031
13823
12965
16046
16397
15937
13857
13777
12505
13909
16983
17350
18310
17862
16139
15442
19032
17625
24681
23798
18557
16071
15804
15194
14410
16481
16566
14697
17815
16752
12722
13415
12814
13799
14932
16134
16196
15808
17085
15066
14272
15177
15134
16536
15507
17110
15196
12150
14881
13519
13286
13808
18363
15114
12735
15699
18372
16175
14946
13371
12479
15082
15164
15923
14099
13918
13960
14146
13216
14864
13824
13539
12577
13815
15209
15342
13498
13577
13959
14200
15711
12911
12395
11983
12285
14673
15758
12951
11861
12576
12149
13077
12485
12697
13588
13070
12670
13454
14796
15271
13635
14048
15387
15231
15511
15637
16835
12752
12422
12105
12479
13234
13270
13046
11768
12316
12381
11870
12243
13306
14735
14487
14694
15027
13300
13414
15683
14950
15920
14213
14417
15427
14238
15374
16159
14014
15547
17605
16935
14484
13664
13835
18017
18226
19913
24299
23405
13513
14415
14123
14248
14418
12874
13760
12423
13232
11952
12328
13715
15343
13820
16331
12157
13445
14655
13759
13323
11984
14268
11589
12955
14333
13786
13478
12666
12208
13032
15358
16528
14938
16842
15266
16681
14549
14324
15087
13202
12615
14058
15283
13096
13119
13271
14675
14786
15312
14646
16008
14754
16880
16220
16551
17773
17117
16026
15907
16698
16932
16141
16726
14467
13285
12280
12796
12590
15295
12303
14166
15272
16617
15485
14493
15647
15288
15565
15677
13606
15686
14078
13489
15973
16497
17410
14669
18091
18356
15845
17127
18912
18220
18821
18632
18869
21660
23355
20671
19112
16803
17931
14973
17363
15667
17091
13926
13459
14039
16634
15951
16711
16867
15699
15330
12210
15912
14737
14552
14595
13443
14445
14783
15205
15947
16463
14480
14474
14842
17132
16318
13485
17984
15503
16266
18355
14508
11782
12199
12875
12775
12551
12455
13161
12358
15256
14201
13516
14817
13788
11975
12745
13661
14989
15846
17220
17081
18900
15309
16260
13616
13708
14342
19286
18341
17361
14081
12727
12946
14713
13468
17286
17189
13313
13488
13707
13955
14718
14782
15580
13256
15131
17318
16501
15364
15990
17743
16797
15972
17091
13801
13543
15412
13381
13852
15048
14386
14984
14652
15270
15197
13036
16020
15242
16942
15558
14919
17844
15597
19303
15751
16396
17348
16982
18605
22847
20180
17648
13718
14107
14065
17234
15726
15524
15160
14259
14465
14735
15403
17350
16010
14698
13383
12720
12401
12337
12361
12038
13055
14505
11885
12977
14328
13701
15709
14827
14947
14627
13561
12282
12566
13698
13767
13517
14288
14163
16153
17786
17230
17527
13087
14324
15923
13809
13948
17857
18762
17143
17370
20022
17696
18102
18499
17499
20856
17331
18268
15315
16824
16253
16496
16023
14838
13727
13183
14549
13387
13385
13491
13077
13283
12059
13882
13983
14571
14536
14337
12419
12311
11765
13375
13271
13581
12678
12661
13139
15183
12801
13777
14337
15753
14273
16721
14826
15529
18077
17870
17176
17595
14949
13694
14093
14798
16073
16597
13053
16308
16551
15172
15718
15683
18000
14443
17300
16862
15284
16820
19831
15477
14339
13477
14660
15897
14851
14626
13676
12515
11904
13234
13238
12415
13954
13092
14012
14633
14682
13739
11828
14419
15149
16884
14648
12627
13916
12529
15129
12725
12798
14376
13292
14633
15932
17370
16680
15724
16793
18775
15273
13163
17402
17540
13729
12957
12107
12539
13423
14629
14681
13044
14615
13890
14722
13852
12962
14107
11979
11982
12298
12874
15530
12521
11893
13302
12437
12329
12950
11876
12108
11624
12451
12412
12768
14266
12374
12538
14106
15370
15286
16108
14814
12503
14954
13359
14746
13885
13697
14397
15652
14434
15714
15571
17618
18021
17585
16740
17392
17288
16305
17076
17907
17211
15701
18271
18256
18766
18475
19274
14958
16634
18137
18685
20815
16433
17130
14484
15317
16482
15993
13946
16633
15160
13806
16730
15715
14042
14282
13535
12724
15249
13593
12696
13873
15101
15815
14167
14305
15207
16005
14431
13766
15117
13913
14758
14633
15919
13842
12415
12255
12237
11815
13471
14060
12287
12098
11851
12355
11897
12323
12886
12331
11690
12754
12128
13219
13893
14519
14202
12509
14531
12596
14049
13234
12144
12263
12407
12377
12529
12622
12068
12219
12375
13408
12014
12773
12857
16248
13780
13544
15572
17559
15261
15072
13903
13452
12815
12872
14808
14920
14396
14456
18011
20422
14511
16478
14238
16946
16587
13737
12974
11692
12294
12746
14168
14849
12296
15954
15635
13388
13791
12769
14333
11485
12289
11699
12079
13291
13210
11170
12672
12482
14661
15771
14064
14825
13978
14908
15420
13018
14296
14696
13643
13408
13226
12989
15398
14950
15681
14492
12921
13650
17742
14681
14373
13669
17581
16849
16341
14813
18331
14644
12762
13959
15095
12558
12409
13214
12564
13149
15888
17033
18294
15851
17697
16182
18953
16553
15173
15309
19745
18253
17536
18398
17739
19170
23048
18703
14144
14819
16686
15446
18493
15702
16571
16296
14790
16217
13488
12682
13423
13822
14665
16365
17218
16650
16575
15565
15987
12886
13235
14803
13311
15252
14682
15736
13750
12663
15749
13883
13285
15566
15004
15953
15765
14931
15818
16351
17873
17335
15502
15470
15550
18351
14006
15323
14702
18860
18139
15243
16249
18761
16527
15460
14759
16812
13802
13357
17635
17269
17613
15610
15266
16084
13679
13867
15054
13304
16109
15475
16426
17836
22807
20106
18577
20238
16026
14162
14753
15952
18315
19402
17036
15438
16769
18295
15879
16944
18879
16132
15610
16410
15913
17517
16691
15087
15834
19094
19992
18589
18498
16651
16340
19606
15641
15192
15497
13812
15307
16729
16881
18805
16978
12866
13094
13361
13117
13146
13497
15718
18924
18318
16366
15817
17371
16529
15079
16679
17616
16617
12542
15894
14650
16014
17030
17624
14509
16826
19190
20020
19446
22048
23614
20271
17484
18506
18790
16250
18120
18723
17317
17721
15763
15344
14453
14306
14287
16954
17247
19765
17735
16192
17587
17625
14979
15192
16555
16857
16624
18146
17561
16401
17918
18492
18703
18150
16406
15595
16104
17438
18121
14977
13205
13684
13740
15848
16690
15051
15144
14217
16619
14481
16203
16037
16548
15049
13226
13264
14545
18854
19151
19989
18516
18789
20028
19316
21949
3853
12578
15497
14158
15358
15230
15299
15668
14235
15675
16858
17085
15556
14050
14743
15944
15769
14535
14594
13911
13624
11814
12380
13435
15185
12967
12798
13861
15162
14561
14410
13589
13112
12822
13312
12933
12369
14292
16627
17272
17210
15161
13022
14100
14464
14250
16004
15373
14517
13321
14717
15453
13579
12909
12384
12413
12346
12743
14467
12750
13077
14177
15932
16042
18118
21042
16948
16304
17520
16388
16020
13117
13441
13327
13641
14134
13894
13753
15368
11928
13417
15636
17106
14983
15915
16335
14438
15516
18126
18272
18766
17512
18647
16754
17082
17860
17112
15604
14036
16793
14914
17536
17017
16838
16902
17418
17600
19021
18492
17517
18019
14995
15947
13135
15735
18499
16974
15484
17850
21985
21514
21785
20787
20251
20216
18698
17713
20145
19164
18331
19322
18981
19244
19900
20297
20596
19647
18102
18443
17266
16274
17158
20145
17507
18133
18112
19550
18671
18476
20138
15295
19354
18563
19660
18675
19049
18518
18317
16683
17875
18248
19814
18354
16923
19174
16939
21049
19346
17686
19528
18134
17217
16736
17423
17148
17462
17395
17434
17510
16813
15651
17973
18255
20517
19138
18961
16298
18141
18878
20419
19590
20189
19877
18382
19596
21665
14848
13968
11409
12666
12568
12453
12459
12304
12436
12722
13555
13072
13558
14357
13111
17141
17241
16238
15327
16304
17374
15816
15845
17349
15912
20115
19357
16037
14031
14421
15617
14929
17145
14471
13503
15368
13389
14422
15050
14431
15675
17368
13968
13405
13688
15695
14560
12236
12712
13474
12391
12591
13921
13657
13595
13091
12882
13078
13039
13994
18140
16173
14469
12804
14013
14946
13840
15611
16744
19214
14561
16636
15497
13445
13463
13907
13919
13054
13526
15835
15607
14351
16430
15418
14169
14802
13568
12744
13224
12863
12819
12739
12867
13130
12498
12493
13091
13050
12144
12597
12790
12127
13001
12271
13018
14300
12094
12559
12640
15157
14554
14432
14389
14163
12193
13064
14815
13328
14335
13549
13604
12610
14097
14935
16574
15028
13139
15234
13164
13208
13109
13882
15663
15226
14159
14511
15999
15223
15820
15268
14208
13907
14997
14764
13913
13281
13547
13840
13388
14076
13055
15075
15372
19174
13796
