31399
29014
25617
23514
27774
25127
27874
24581
21508
27059
26591
27445
25849
24812
26796
25850
24285
25608
26654
27100
23840
25778
26171
24456
23350
22794
23896
26552
23489
23487
24509
22854
23828
25151
23778
22942
22298
23440
19801
19723
20262
20875
24381
26458
23252
20126
20285
20692
20633
18492
19535
21002
18439
20068
19786
17406
18695
19761
17247
16999
17104
15480
15578
16232
17743
18016
18817
18185
16117
15672
16725
16911
16709
17908
19959
18147
18918
17898
18672
18838
20816
18969
21010
20415
17309
17062
15949
17053
18248
17717
15760
15529
15665
17256
21777
25027
20558
22709
21569
20775
19396
21040
22059
19316
19222
21236
22351
23206
20380
24891
25121
24531
21583
18589
20907
22510
22204
19852
17303
19081
21583
19467
21001
19555
18362
17788
19801
17629
19711
17670
21934
18676
20856
19619
19995
20653
21730
21731
20138
19396
17211
16579
15860
14796
14756
14553
15234
17104
16341
15189
15455
15612
16779
15705
18198
21449
26531
23557
24581
25682
19716
22061
21785
20139
21763
21758
20003
20018
17003
16776
17804
18110
17884
19896
18400
20645
19861
25295
21402
26633
23294
23303
21167
21059
22128
17348
19489
18517
20490
19424
21063
22065
21535
20351
25142
23958
18019
19803
20454
23533
23465
25614
23494
19693
16259
17868
21255
18501
18618
20391
24053
17354
24221
20065
24544
24651
24525
22229
21670
22159
22798
19600
19341
17562
16070
19130
19410
21688
19564
17122
16809
22267
23148
19060
21797
22110
24711
19648
16542
15714
16576
18223
20094
19524
17441
16214
16577
17375
21777
20935
20784
17904
19927
22510
18647
17876
19866
21592
22447
23088
20513
22854
23392
20022
16611
15557
15775
17975
18237
16324
15747
16214
18973
24959
22634
23758
24656
21325
22047
21341
23632
20714
17993
16444
20953
22513
19537
19053
22734
22269
23276
21757
20070
15843
19862
22326
21708
27734
22395
17005
16878
17975
17018
24109
23623
23353
23816
24516
20909
21344
19806
18333
17645
17397
16344
15816
15632
17390
16722
15652
17201
18018
18616
19756
18180
16367
15602
17151
18653
20298
18820
18793
15990
16448
16807
16609
16103
18140
19342
19058
20326
19578
20446
20379
19792
18911
18899
19028
18376
17516
16282
16784
17645
16655
14755
15538
17081
16262
15882
17738
18728
18028
15251
14987
15132
18278
19065
18944
16772
18892
20553
21168
20433
19502
17862
20790
19124
20852
17647
16976
16379
15958
16159
16057
17304
19836
22432
24380
25013
24125
18063
18832
19619
20113
19045
16870
19011
19434
17498
22564
25000
25121
23388
24120
23384
24556
31044
27333
16974
17679
19257
20458
19542
16973
17888
21401
24641
25499
23906
23298
28240
25979
21786
20968
18198
16937
17356
17520
16553
17223
19847
18057
17520
19274
17211
16192
17771
20344
21880
20058
17737
16705
19838
21911
22981
21064
20823
20912
23449
22158
22246
23595
24442
24135
26521
28084
26700
22661
28433
23530
21387
20830
20655
21639
22451
19435
18935
19517
19468
18972
20408
20374
18504
18493
19534
17099
21017
23642
17019
15590
15889
16595
15402
15880
14948
15648
14891
15778
16520
16033
15753
15645
15541
16762
18093
18699
18358
18697
16114
15092
16442
16519
17764
18617
18657
17074
17132
18663
19610
19445
16803
17725
17387
16849
19190
20655
18025
19497
21746
23914
22856
23227
26774
25910
27217
24362
18154
19048
18546
22770
22947
21327
19737
19611
22000
21591
22167
20978
18696
18102
15625
16062
15961
15882
18025
19428
19206
17029
17835
18071
17377
19800
19451
18071
17736
19878
16379
15488
15573
15183
15312
16335
17179
16248
19367
19922
19486
18509
15643
15812
15788
18660
18415
18686
18802
17769
17785
19216
23641
22875
21558
21656
20658
17771
17647
16931
17324
18665
22247
25392
26914
27603
23612
23956
27867
27860
20972
18390
19253
18752
19990
20281
20649
17105
16450
17200
18267
17121
21130
22181
19326
15849
14896
15732
15568
15247
15700
17129
19879
21455
20439
19723
18584
16033
16423
15692
16250
19175
20402
19812
20385
21061
17793
15875
15934
15616
15633
14774
15205
15844
16782
18209
16871
17794
17480
19884
18371
16352
16569
19289
20889
18782
18375
16767
18375
19327
19632
17242
15636
15652
15097
16200
17485
16835
15722
16989
19065
18192
17079
16499
18865
16401
16347
17100
16386
18421
19187
18996
17654
16281
18857
16887
16009
14840
15282
16215
18746
17526
17333
18082
17393
17663
16117
16091
16270
18452
18906
16456
15313
15722
15558
15371
15293
14995
15934
16129
19409
20730
18947
17423
17612
18197
17916
18830
18203
19264
17705
17244
18504
20552
20627
20018
18024
16622
15888
18792
17441
15407
15149
17240
18410
17624
15913
16243
19090
19540
16471
15937
17377
17962
16524
16686
17251
16821
15972
16256
16223
18035
20094
21255
23057
20019
20069
18801
19007
29412
23695
22063
20033
21114
23041
19732
18639
20829
23046
19063
16053
18701
22182
18954
21562
16022
15858
16099
15688
15791
15680
15569
15592
15420
15499
15582
16257
20846
20972
19375
18942
18949
19537
19841
17259
18337
17574
18369
19181
16464
16068
15710
17881
19882
20154
20518
19582
17855
18107
18225
19026
19958
16854
18067
17401
19061
17997
19825
21110
17926
18685
19930
20361
18822
19489
20588
19552
20278
18999
18295
16993
16386
14942
15947
16511
17173
16030
16963
17786
17498
17620
18564
17622
16908
15714
16774
16737
15908
15374
17329
18329
17959
17064
17291
19626
20029
17597
19328
18523
16882
16845
18727
15803
15787
17724
18391
17952
18895
19348
17918
16542
16735
19032
23151
23418
25938
21011
22284
22795
23979
19595
24117
20180
17769
17277
20066
19080
17379
22963
26856
22804
19628
18285
22798
20366
21896
19970
19510
22455
18068
15798
17559
16251
16158
16423
17686
21574
22382
23430
21538
24339
24366
22837
25422
27278
25563
26552
25389
22819
21543
23980
21415
21623
22035
22304
17576
17727
20638
20175
19353
21418
22429
21908
20978
20887
18479
18604
19365
20022
16944
17480
20556
19281
19930
19301
19905
20710
23886
25732
21534
27319
25077
24396
24612
23561
20127
22535
24996
25303
24020
26396
23357
19590
19052
18175
16080
16856
16634
17803
21571
19364
15850
15809
18661
17276
16165
17476
15712
15442
14811
15314
15454
17402
18567
16271
17857
19272
16974
17807
16588
16900
17394
17937
16038
17632
18536
17931
17933
18578
18742
19399
19897
21371
17751
15957
16201
15167
16429
17217
15850
19239
17723
15929
14735
15493
16938
19582
19477
21656
20826
20112
20796
20891
19049
17034
17819
16104
18428
17841
18866
18823
15355
17381
16825
16696
16311
18213
16949
17149
16789
16853
18434
18891
17776
19814
19063
18972
20522
19447
16267
15636
17430
19102
18445
18154
16711
17808
19959
21170
21456
18270
16845
19529
19454
19791
23349
21967
21838
20817
20271
19106
19829
18482
22611
22859
31592
30454
21127
26055
27173
25822
18338
17281
15372
17282
16175
16989
16330
15830
16227
17839
17290
16271
16104
17456
18796
20936
19779
19856
20560
20466
20479
19986
21343
22403
20243
21126
18272
19215
19672
21510
19819
19417
20095
17974
19114
20116
27583
19277
24692
18608
17817
21418
17668
16728
18339
23684
22944
22764
22968
21834
19715
22675
23069
25094
27814
26864
21178
18712
16492
16129
15873
16000
14989
15435
15460
17978
17481
15665
17259
17924
18486
18257
16725
16990
18428
18493
21985
25409
24679
27372
22738
17975
20539
22305
19454
19308
16912
15999
17158
19176
17313
16355
15812
16259
19251
17162
15153
15535
16913
17163
16851
16671
16606
15410
17850
22446
23642
22647
22843
22117
18599
20815
19810
16772
20673
21552
22200
19672
17946
15879
18797
23047
23672
25493
23809
21878
20769
25132
22508
26675
25897
24846
20612
18794
17729
18071
22567
22422
20722
24583
23365
16823
16018
17156
16606
19440
19836
21363
22493
24994
21160
18450
20513
20499
23964
21434
21871
20739
17155
20192
17424
18235
18771
24984
21854
16833
21107
24251
22703
21199
16683
16001
18829
19428
20767
19163
18821
19469
18572
16538
20300
18612
17700
17239
17306
19754
20396
18534
18378
17752
18858
20723
17310
16020
15309
16044
18981
20826
17984
15328
15876
15944
17690
16316
16001
17623
17818
17036
16997
19982
20463
19284
19436
21400
20203
21095
21768
22225
17814
17841
16311
17329
17394
17695
17185
14925
15266
15333
14885
15215
16352
18927
18921
18826
19154
18712
17678
20396
21258
22017
21011
18921
21307
18916
19498
21476
18238
21566
24386
22036
20714
17445
17652
23046
25314
24445
32560
32171
18607
19548
17984
19105
20464
19099
17548
15684
15573
15429
16061
17666
18591
18438
20863
17197
19105
19776
17797
18223
16354
17705
15460
15797
18266
18985
16741
15946
15263
16376
20280
24028
23016
23414
22449
22868
20514
18515
19707
17348
16002
18681
20408
18163
18069
17208
20122
19118
20072
20017
20023
19826
23364
21839
21850
22536
24388
23474
22462
22436
21828
23378
23965
19500
18343
17306
15604
16175
20259
17822
19001
21840
21204
21741
18246
20523
20735
24363
22780
17837
21162
18631
17366
20856
21923
25192
20275
23555
25096
22257
25483
28747
27839
27169
25609
25936
30907
30959
28963
23783
20182
22655
18902
22683
21801
21832
18628
16428
18646
22927
22907
22727
21777
20836
19608
16388
20543
19479
19830
19789
18285
19745
19630
19933
21442
22534
20292
19300
19744
21024
22635
18485
25342
22531
22076
25186
18316
16517
17094
16329
15398
15159
15696
17068
18004
19255
18184
17769
19910
19261
15827
16090
16863
19024
21632
26028
26573
28473
20995
22434
20055
20892
19272
26014
27794
24151
20312
16600
17231
19689
19531
22914
24297
18622
17828
18713
18926
19770
20067
21437
18293
21273
23807
24767
20815
21643
24903
23901
23874
24340
20474
17605
19169
17279
18081
20217
20819
20341
20902
21160
21034
17663
21216
20756
22864
23092
20939
23611
22482
26833
21839
22854
23323
24108
24849
30007
29608
25374
19272
17901
19603
23979
21683
23134
22684
20177
19764
21272
19204
24080
21795
22036
20020
16956
16472
16130
15902
15538
16443
19157
16149
16803
18331
17573
21002
21002
21544
21098
20304
16033
15762
16880
17091
16965
18288
19891
25192
26550
24011
24360
16472
18095
22756
18547
19290
23529
27707
24532
25371
29138
27161
27008
26899
26243
28631
24265
25873
22605
25089
23969
21712
22269
19837
16895
16120
18895
18161
16777
19539
16696
17397
15618
17580
19698
20504
20085
18863
16287
15624
15297
18184
18038
18681
16686
16422
17282
19882
18835
18127
19303
21617
21122
23612
20173
21772
24951
26662
24840
26693
23638
19715
20559
19969
22491
24677
17931
21664
21660
21919
21675
21101
23299
21311
24913
25155
21196
22587
26889
21547
19601
17638
19503
21456
20847
19490
17923
16883
15467
16702
18809
16308
17989
16809
17194
18892
19266
19198
16679
18458
19742
22599
20579
17565
17629
17422
19472
17272
17525
18782
18193
19431
23141
24907
24044
22557
25285
26273
23639
17675
25120
24771
19842
16698
15686
16052
17068
19191
20042
18685
19136
18596
19416
19653
18372
17898
16945
15810
16096
15966
19445
17875
16076
16487
16432
15650
16537
16826
15629
15008
15767
15684
16612
18227
16539
15745
18646
20344
20541
21162
20077
17668
20052
18272
19055
19190
18640
18806
21787
20457
21465
21456
23668
25156
25688
23222
25002
23910
21490
21774
24425
22307
22072
25064
25045
25796
25486
26330
20163
21497
22663
23260
26906
21485
21935
19308
19281
22222
21320
20093
22686
20882
20030
22431
21686
19372
19281
18239
17164
19027
18345
16550
17985
20169
20668
18416
19899
19592
21460
20634
18381
19731
19347
20148
20205
21486
19619
16276
15646
14975
15400
17181
17995
16792
15553
14771
15252
14913
15619
15391
15451
14695
15410
15096
15706
18269
17949
18299
17024
18374
17137
17794
17968
15769
15344
14873
15347
15649
15177
14993
14971
15668
17036
16137
16499
17019
20820
18862
18184
20881
23019
21117
20011
17197
18404
15995
16361
17709
18822
17357
18367
23700
26566
18750
22255
19474
24385
24374
18764
17072
15152
15525
16044
17698
19501
17429
21270
21306
18210
18081
17052
19025
15991
15244
15079
15232
16440
17910
15275
15655
16084
18419
20958
19632
19876
19073
19538
21238
19475
19370
19711
19190
18072
19295
18116
18560
21420
22954
20074
19007
20082
24844
21640
20497
20307
23932
24159
23953
22610
25851
21284
17942
17647
19018
17529
15655
16826
16037
16957
20442
21523
24477
21936
24907
23431
25370
23381
21181
20807
25033
26607
25341
25366
25798
26853
32685
25871
19402
20964
21403
20447
23228
21139
23271
21560
20017
20958
18015
16877
17199
18889
19541
23834
24331
24536
22435
21354
21953
17890
17404
19519
17593
20081
20310
21369
18513
17088
19906
18254
19549
20963
20818
20315
20509
20646
22119
22589
24974
24558
22422
23304
22497
25716
20686
21798
21541
28679
27023
21224
22416
27597
23492
22490
21561
22717
20552
18084
23240
25001
25067
22501
22109
22683
18194
18270
18566
17727
20499
22242
22036
24743
32031
29416
26428
28611
23059
19576
19838
21993
23851
26994
24247
20520
23061
24677
23115
22478
23759
23554
21416
22314
22682
23738
22896
21236
21282
26968
26602
25927
26689
23646
22590
26473
23605
20586
19271
19597
21648
23205
23438
27044
23047
16817
16754
16479
16924
16455
17008
20778
26232
28231
24787
22663
25511
21949
20690
21361
23213
23291
16477
20691
21092
21200
21355
25078
20602
22624
26766
29373
25344
28602
30112
28420
25298
25161
26417
23508
24596
26070
23934
24196
21938
21163
19831
19613
19600
22585
24233
29422
26314
23003
24408
25722
20576
22362
22843
24184
22593
25526
25498
23419
25407
26532
26534
27050
22754
22489
23156
24998
27458
21237
17276
18051
19314
21135
23150
21370
20964
19869
22144
22055
21532
22589
22637
20861
17580
17109
17904
24307
26914
29170
28397
27173
28302
27394
28996
5444
16746
20312
17897
19988
19956
20782
22403
20403
21820
22088
22629
22149
20879
20740
21182
21928
19768
19173
18790
17660
15512
15374
16495
19799
16916
16438
18463
21248
21373
20137
17337
17085
16057
18081
16804
16760
20008
23113
23888
23048
21397
18187
17987
18323
19379
22119
22235
19828
16613
19261
20879
18244
15886
15557
15051
15634
16112
17663
17336
15693
17120
20237
20379
23177
24261
23312
23352
25058
22723
22118
18425
16757
17757
19025
19684
18236
18441
19313
17111
18147
20759
23145
21480
22424
21435
20218
20778
24507
25335
24221
25283
27061
24586
23665
25717
24325
23289
19350
23851
21410
22353
24436
23646
24271
24177
24831
26320
26453
25441
23682
19661
20972
17758
19874
25573
23920
22567
23511
30441
30709
28888
29482
28704
28963
25481
23360
28124
26050
24308
26278
26215
25269
27629
28265
29615
27872
21169
24958
24559
22548
22669
26472
25205
25060
25540
27697
24795
26030
27411
23178
28648
26349
26897
25597
27450
27193
26607
22205
22946
25870
27254
23383
22093
25436
23742
29061
27651
25621
28640
27873
25093
23011
24301
22388
25366
25723
25615
23586
22668
21087
24992
24489
29000
28261
28048
23343
25774
27686
28328
26652
27920
28244
25989
25598
27719
19912
17768
15624
16898
15640
15426
15552
15582
15305
15941
17120
16354
16846
18810
17241
21645
22655
22159
21947
20802
23483
21815
21175
22189
20450
27814
27257
20674
17167
17334
18990
18713
22907
18762
18922
20395
17665
19136
20029
19821
20663
21936
18610
17783
17648
20186
19887
17013
16432
16366
16066
15784
17974
17163
15771
15735
16118
17140
15926
19039
24857
22484
19776
17944
18718
19936
18439
20848
22475
25076
18798
22322
20958
18430
18462
19099
19495
17830
18021
20235
22742
20028
22244
20487
18904
20077
18126
17787
17879
16536
17065
16749
16370
16465
16336
16390
16324
16524
15623
16429
16780
16102
16776
16070
16548
17321
16754
16875
16493
18743
19948
19295
19596
19158
17032
17511
20210
18211
19471
17879
18568
16885
17797
19153
22358
20072
16791
19314
17621
16662
16284
17254
20657
20725
18234
18394
20846
19636
20224
19812
18873
18072
18901
18817
17924
16958
17248
17592
17291
17377
17924
20942
19359
27800
18269
