11214
13908
16994
16070
13890
14598
14670
16335
18658
16074
16944
15947
16321
15367
15761
15636
15257
15605
14537
13971
14820
16008
14858
15638
18718
16871
15248
17385
16393
15989
16441
18062
16506
15831
15833
15634
17630
18140
19405
19183
17602
16960
15780
15952
16905
19851
19709
19627
18655
20128
19426
17007
18397
18760
17986
19717
18471
18578
19804
19300
19571
20609
20413
20021
19885
19312
19772
18166
19650
20104
19933
19009
20016
19669
18375
19061
18342
19946
19033
18868
17476
17430
18066
17985
19809
19804
20641
20029
18198
18924
19742
19525
19944
20110
16759
15979
18407
17966
16654
17699
18158
18201
17892
18935
19310
17923
15293
15021
19259
16256
15056
14525
18154
19306
18929
17036
16146
18326
19789
19302
18364
19101
17194
18704
18874
19617
18481
19236
18454
18278
18179
19092
19675
17743
17676
17426
18359
18056
18080
18829
18885
19186
19933
20374
20589
20440
20331
19696
19176
20531
20416
20086
19580
19886
19375
17136
15523
16168
16052
16346
18551
18010
18657
18673
17738
17096
17996
18763
19576
20203
19560
18823
19660
18003
19168
19036
18031
15405
17509
16218
17364
17800
17802
18819
18176
19573
18289
19065
18551
18913
17482
17323
17765
18293
17317
19192
20167
19586
19499
18492
16731
15405
17050
19464
20351
19713
18558
19607
19442
19781
17377
20204
18359
17281
15638
15535
15287
17586
17765
18011
18547
16984
18070
19377
20051
19564
17556
17493
17642
19865
20547
16923
16609
17734
17633
17802
15912
17446
19988
20116
19529
20255
17764
17479
19378
20221
19490
19997
18464
16562
16714
19018
17790
16816
18960
20472
19077
18069
16720
16779
18603
17069
16168
18784
19920
20361
20292
19626
19579
19862
20318
20220
19534
15817
17097
18079
16593
18133
17593
18412
17465
18014
19752
20022
18178
17737
19125
19511
16764
17957
18017
17319
17893
20069
19058
18530
17733
16079
17274
19686
20307
19843
20111
18030
16193
17789
18433
16943
19103
18213
17656
19799
20274
19565
19789
20105
20150
20090
19405
19921
19943
19454
19466
18643
18375
19711
19812
19262
19508
18691
18610
19379
19938
19892
19786
19401
20345
19413
18885
18390
17487
17352
18006
18453
17788
19042
19078
18465
19325
20028
19849
19736
19324
19778
20385
20298
19440
19690
19859
19146
18465
18791
20402
20282
20618
19176
19077
18379
20257
19001
18027
17856
16420
17462
19565
18537
18431
17647
19279
19823
19550
19787
20147
19750
19947
18254
17703
18277
15077
16058
19474
19465
18569
18742
18869
20211
19793
18227
20103
17481
15482
15828
17966
17157
17619
17120
15150
14060
20057
19551
19482
18746
18343
20275
20194
19084
16500
16500
16928
16647
16556
16923
17834
18856
19222
19818
19569
18638
20096
20148
17993
19378
19880
18500
19494
20159
19780
18942
16682
17751
19571
20292
19754
17897
17533
18110
19029
18699
16710
18073
17404
17376
17123
15397
15090
14270
15495
17272
15275
16834
18860
19457
18876
16800
17515
19557
20395
19020
19063
19168
19329
19726
19577
20339
18471
20031
17992
17729
20336
20393
20067
20008
20382
19810
20413
20518
20260
19790
20067
19656
20335
19636
20579
20103
19293
19723
19462
18550
19869
20191
19562
19801
19555
18845
19421
19189
19666
18994
18696
18224
19378
19332
19929
20469
19340
17634
18760
18213
17601
17210
17350
17215
17258
17212
15392
16410
19038
19608
19245
17566
18383
18934
17531
18966
16958
18868
18692
17311
18226
18993
20579
20243
20162
19349
19259
18400
17959
19527
18399
19253
19201
18343
19150
19761
19041
19265
19523
19813
19732
19919
19965
20115
19514
19725
18493
18110
18430
18520
19903
19831
19996
18946
18469
19618
18184
19148
18753
18308
16194
16412
16519
17521
18474
19150
18828
19307
19122
19193
17828
14739
14418
15278
17677
19100
16222
16167
19058
20097
19684
20073
19238
18792
18718
19723
20890
19758
19658
19994
19055
17054
18273
19965
20402
20271
20061
20325
20271
20043
19161
18404
16689
18440
18605
20069
19807
20265
20567
18262
19109
19009
18481
16926
19529
20593
20402
19642
19767
20219
20531
20242
19885
18519
19340
20065
19150
18163
18924
20060
19615
19993
17531
18045
19272
19971
18642
18467
18035
19456
19563
20166
20384
20198
18154
20000
20228
20520
18406
19450
19772
19955
19332
19849
20209
19624
19681
19433
18454
18388
18514
20205
18074
19234
19957
20011
20520
19920
18996
19211
19916
19469
18900
18993
19918
19705
20216
18951
17835
19673
20336
19777
20144
20232
20251
20052
19739
19968
19314
17118
19192
19407
20005
18893
19742
18406
19201
18986
19837
20211
18685
17969
18088
17859
19414
19513
20305
18948
18701
20533
20172
19485
19030
18844
19820
20382
19101
17980
19586
19941
19580
18451
19532
19807
18979
19551
19738
20043
19998
19722
17917
16873
17298
18264
18920
19041
18249
15224
18100
19111
20020
19233
18535
19875
19952
20197
17777
20036
20241
20404
17778
19744
18388
20207
20435
20199
20607
19870
20343
20036
20420
20524
20306
20086
20166
18388
17552
19053
19528
18970
17798
18833
19378
19264
20064
19395
17643
19714
19767
20282
19504
18546
18396
17880
17896
19748
19650
20100
18532
18597
19713
19529
19005
18343
19465
19072
17390
18814
18357
17813
18956
18258
18935
17554
18220
17513
18637
18511
19171
19803
20103
19749
19576
19729
19951
19356
19206
19849
19333
18617
19053
19196
20229
20406
19396
19508
20199
20234
19163
18944
19703
19728
19355
17927
19583
19209
19171
19620
20220
18352
19700
20576
19374
18551
19111
19239
18335
19514
20019
20668
18665
17778
16928
16331
18485
19373
16186
16023
16304
15916
18946
19723
20730
18494
19491
19453
18106
15888
17229
18789
20204
18402
17849
18783
18221
18797
17453
20013
20310
19948
20169
19994
19685
19132
18682
18681
18381
17727
16738
16314
18195
16357
14372
15832
15998
14429
17539
18263
16778
18078
18140
18552
16639
19220
20111
17277
18552
19040
17850
17650
17111
18128
17267
18190
19853
18402
17174
19473
20204
17999
18335
17777
16647
16899
18934
15967
14789
17194
15079
15539
15191
15588
16190
17942
17867
18403
16075
15543
15029
17457
18602
19031
18856
19690
19844
19887
20045
18242
18363
19958
20120
19136
18907
19545
19013
20605
20242
20395
20551
20025
19770
18501
19474
19619
17442
20257
18849
19792
20020
19782
19061
20131
20202
19372
19277
19724
18991
19597
18117
18238
17595
18952
20280
20257
20223
20179
19621
19973
19050
19423
19603
20271
20238
20495
18530
18510
17054
16855
17868
18600
16879
18919
20074
19176
20090
19430
19604
19218
18470
20245
19289
19269
19483
20169
19785
19234
19501
20016
19771
19306
18798
19507
18035
18785
19044
18804
17714
19799
20163
19975
19616
18583
19502
20052
19529
18613
18031
16820
19453
19699
18943
17577
19423
16687
17393
17930
18651
19105
18915
18914
19883
18146
18294
12683
13774
17981
15918
13372
14172
18633
19519
20197
19809
19948
19199
19761
20022
19714
19071
19615
19362
19548
19181
19048
18364
17254
18842
18800
18149
17274
19052
18397
17885
18954
18498
18666
19574
18883
17879
19293
19266
18603
18516
19284
18972
15243
19763
18094
19689
20013
18893
19466
19931
19511
17565
16880
16712
16200
17490
18307
17710
17355
14869
13647
13951
17673
17740
20258
19989
20249
19871
20342
19975
20061
19951
19149
20216
20143
19473
18986
18488
19669
19101
19309
18941
17201
15680
15555
14401
16785
19482
18436
16865
18923
18479
19266
20370
20139
19124
19122
20006
20091
20087
19136
19616
20417
20583
19840
19412
20104
19314
19883
20303
20344
17644
15603
15807
17653
18656
19070
18251
17778
20023
18659
16994
16633
18815
19410
20418
19385
16415
16813
15996
16141
16659
18894
16912
17597
17065
17018
17087
18725
19911
20016
20126
17620
17374
17915
17455
16536
19619
20626
19444
20157
18071
18764
18630
18397
15229
17277
19631
18276
18349
17991
17392
17992
17116
19580
18192
19669
19596
19759
16650
16453
19509
18840
17009
16293
18670
20029
20651
19302
18802
18557
18270
18793
19287
19328
20064
18335
19690
20070
19456
19983
18790
17855
18382
18625
19845
19920
17599
19481
19416
20415
20276
19579
17733
18954
20060
20109
20549
18953
19911
20404
19833
19324
19572
20082
19371
17649
18959
18835
18077
18073
17099
18380
17152
18770
19133
19864
19464
19965
19391
19743
20546
20023
20045
20315
20170
20303
19015
19457
19841
19213
18941
19321
19518
17651
17959
18195
19020
18755
19226
19652
18538
20379
19143
18053
19268
19217
20361
20320
19635
18391
17210
15566
12686
19621
19077
19336
19136
17367
19177
19940
20491
20922
20120
19713
19856
19526
18426
18327
19532
19710
17906
19145
19356
19497
19557
20014
19920
19454
18905
20470
20215
20745
20570
19189
15681
16289
16156
16461
17877
18251
19438
18251
19050
20090
18718
18632
19179
19095
20312
18200
19902
18045
19012
17702
18864
17158
18415
19041
17525
16839
17302
17095
17231
16879
17127
17849
18936
19281
19703
20553
20392
18502
18576
19645
17681
18930
18155
19676
17696
17254
16575
17490
20114
19282
19759
20560
19800
17543
16244
18323
16902
15864
16783
16364
14334
13156
13761
15497
15633
13557
14692
12858
17857
19632
17921
19831
17487
17866
18579
18139
20164
19782
17656
16404
16583
18350
18022
18965
19987
17906
17995
18143
19161
18706
18433
17827
18215
17314
17216
18747
18201
18870
19010
16801
18940
16404
18352
18832
18353
19337
20028
19440
19776
20695
19961
20460
20038
19226
19102
19543
19451
18592
18234
19922
19893
20224
18834
15452
16510
16208
15636
16586
16045
17125
18422
19954
17415
17335
17302
18052
19918
20101
19335
18687
19403
16099
18760
19340
18728
19480
18591
16643
18142
19091
17700
17020
15961
18687
17375
15333
15754
15025
16238
18953
20138
19561
19941
20244
19085
17634
19610
17646
18028
17959
19649
17980
18780
17591
16704
18877
17385
18079
15562
18388
18518
18634
17397
17764
13498
15746
15832
19063
19938
18968
17233
16069
18424
18164
18852
18579
18811
19185
16885
17573
18815
18413
19822
19674
19917
19860
20884
20159
19272
20034
20514
19624
19446
18076
17578
17348
19094
18531
20535
20439
19959
20057
20177
20663
18529
16426
17096
15496
15094
19999
20607
16931
19787
18486
17795
14573
15924
15300
13510
13554
14025
14232
15166
16069
16696
16289
17127
16187
16922
17107
17654
19512
20411
20440
18830
19378
20315
18509
20295
19553
20200
20406
19927
18482
18784
19236
20168
20010
20043
19229
19422
18682
20229
19997
19787
17910
17963
19839
19031
17636
18398
17690
18186
18357
17063
15738
15237
15713
17000
18373
17638
18646
17483
17184
19318
18298
17681
17508
18940
19464
18173
16098
16922
16074
17490
19015
14742
16774
18073
19027
19342
16716
18699
18354
19453
19378
19780
20006
17682
19665
18935
19542
19771
18690
19142
18213
19343
19691
19420
16899
16470
19225
19395
19772
18688
19740
19893
19665
18328
19324
17249
14675
15355
16170
16308
15036
14551
19702
14548
15179
18080
19789
20270
20637
19883
19103
18242
18325
18797
19677
18879
17274
18435
19855
19058
19943
19893
19868
18856
18838
19994
19765
19154
20042
20490
19149
20276
19987
20269
20402
20323
19696
19351
20714
19677
18188
18278
17341
17612
19086
18970
19083
18580
19021
18453
19818
17560
18517
18858
18307
18794
15935
16111
15761
16967
17803
18552
18322
16886
17628
18994
15401
15117
14525
15771
15883
19606
19425
18962
18534
17759
16888
16979
18565
18746
17907
17531
18090
17602
17074
18818
17880
17735
19080
18677
19466
19509
19181
18793
19983
19614
19270
17799
18915
19024
19110
17014
18255
19572
19076
18617
17141
18968
18001
18193
19970
19714
20297
20011
19625
19148
19541
20051
20101
19939
20452
20055
20344
20400
20404
20247
19968
20345
18426
19811
19984
19400
19522
19951
19730
19091
20179
20099
20773
20039
20117
20245
20252
20380
19935
19758
20043
20380
20423
18396
18707
20123
18527
17429
16876
18664
20516
18923
20525
20505
20167
19299
20354
19952
16869
15559
19081
16424
18696
15110
16471
19319
19817
20279
20356
20011
19769
17372
19494
18249
15927
18071
19290
19285
18475
19802
20497
20272
20545
20112
18685
19898
20584
20006
19816
16766
18344
18746
18002
18837
17193
18476
18317
18617
18647
19488
18219
19118
19671
16490
16238
18973
18344
17890
16926
17655
17947
18767
16317
15063
16211
17184
15831
17096
19765
20132
19089
19226
19889
20133
19850
20298
19573
17825
16311
17414
16240
17462
17196
17915
18778
19622
17684
15726
16313
15279
14669
15031
12581
17957
20372
18810
18574
19111
17274
17320
17133
18432
18862
17745
18892
19704
20043
18838
19783
15998
14300
16112
16674
16460
16865
19692
20142
19317
18867
18214
17938
17376
19240
20152
18529
18650
17654
18524
16806
18420
19163
18047
17269
16226
15119
16202
17486
16665
17210
17534
18540
16734
17644
15361
14286
17653
17593
15753
17371
18055
18130
16949
18312
19914
19065
16353
15202
16599
18630
16501
19505
19391
18956
19797
19763
16650
18023
16750
11961
12176
14000
13358
18037
19713
19754
17916
17242
15442
17052
19218
16940
15788
16476
18858
17463
16687
18590
17087
16878
16864
17120
18485
19428
16703
14545
14884
13273
16250
17778
17670
16932
18961
20272
17902
18183
18578
17301
15636
16755
20052
19742
20384
19956
20088
20365
19885
16881
13949
15270
15563
14816
17167
17959
18202
16502
16109
20195
19376
18174
19249
19538
16607
19255
19272
15426
13638
17513
15164
12724
12386
14139
15926
13601
16440
16784
13360
15609
16568
17784
18418
18341
18390
18872
17710
16163
14706
15180
17217
16619
14549
17392
15832
15857
18598
16430
14469
14192
15318
17154
13975
14059
14592
16480
15874
15179
14715
14769
17865
20109
19751
18797
19358
16056
15740
16804
17410
16370
16965
18266
17569
16172
17617
19051
19825
20096
17605
15835
14768
13024
13708
14353
14485
12480
2698
19785
17126
19698
19434
18874
18057
18043
17490
18634
18045
16540
17606
18423
16874
18115
17390
18676
18789
18812
19824
19838
20143
19942
17860
19435
20298
19557
18119
18453
19178
19721
19902
20039
20026
20203
19844
19449
17579
17235
18062
17965
19455
19729
19955
19112
17520
17250
18906
20279
19604
17478
19035
20322
19941
20370
20453
20381
19546
19344
20877
20095
19629
19506
17194
18478
18029
16779
15114
17196
16982
18876
20317
20056
19767
19195
19385
19972
18914
19260
19908
19039
17915
17580
18950
18656
18438
19312
18858
18733
17062
15475
15732
15092
15910
14637
17256
17356
19612
18185
18712
19618
16401
16968
16380
17622
16637
16285
15429
15929
16652
19512
17480
20007
19848
16905
17038
18390
19359
14791
10196
12293
11916
11940
13454
14524
17191
12934
14110
15556
14125
14058
16316
14854
14208
12910
14053
18338
17909
16863
18460
18905
15088
15825
16378
15705
13523
16423
14692
14461
18168
13097
13960
13601
14387
12616
13227
14877
17371
17027
13865
14434
16209
17953
16033
16668
14782
14611
16707
16770
15376
16638
18375
18491
17944
15156
15475
15338
16652
18025
19163
17883
15998
15015
13189
13895
16075
14437
14232
14595
16078
14840
14660
16712
17873
16916
19172
19547
19531
19390
20219
20350
20003
20215
20399
20185
20001
19980
20175
18631
19847
18365
17514
17041
17264
19420
16977
16857
19124
17945
19521
13769
15249
18987
20876
20918
20054
20362
17928
20320
19346
19303
20237
19193
18474
19263
17706
17839
18736
19860
19376
18560
17529
19380
20285
19958
20324
20259
18891
19586
20903
20284
20091
19707
20809
19235
17330
16851
17230
19405
19464
17237
19485
18091
17085
15589
19459
16745
17251
19595
19745
19594
18718
19803
19992
18576
17775
18077
15996
18293
19606
18033
19356
19527
18933
19875
19899
19643
20193
20284
19852
20222
20436
20097
20135
19297
19823
19648
19780
19730
20075
20293
19584
19554
20524
19470
17696
19436
19313
18894
20062
20121
18088
19191
19021
19815
19713
19325
20548
18536
16695
17513
19888
19132
18848
19977
20427
20284
19137
17082
19686
19868
18681
18029
19346
18147
18583
20436
19991
19402
19177
20370
19946
19822
19961
20343
20420
18446
19582
14049
19626
