26370
25338
22098
21791
24575
22153
24398
22069
19352
23411
23537
25283
23166
22122
23472
23153
21399
22914
23425
24135
21672
23594
23580
21483
21493
21507
21615
23964
20706
21174
21511
21399
21534
21755
21760
20893
20618
20538
18023
18516
18954
19016
21828
23951
20285
18956
18401
18903
18488
17191
17734
19224
17191
18226
17815
15679
17514
17895
15785
15575
15633
14420
14651
15228
16839
16737
17484
16890
14651
14696
15530
14613
15486
16911
18278
17125
16842
16768
17500
16612
18989
17428
19124
17815
15989
15192
14903
16033
16985
16273
14208
14539
14732
16045
19724
21338
18588
20660
19363
18700
17847
18741
19499
17154
18220
19255
20622
20746
18698
23102
22848
22583
19200
17259
19437
21121
20291
17429
16136
17667
19589
18100
18592
17599
17047
16546
17846
16154
19055
15808
19448
16875
19394
17449
18497
17975
19058
19721
17960
17760
15429
15257
14576
13983
13881
13627
14317
15841
14343
14145
14391
14652
15789
14222
17113
19601
23470
21351
21773
23181
17906
19234
20341
17905
20171
19911
17605
18651
15217
15633
16705
16267
17081
17730
16811
19418
18441
22742
19227
23489
20871
20203
18955
18928
19561
15617
17220
17517
18881
17838
19416
19482
19573
18596
21111
21009
16290
17770
17921
21675
20692
21689
20220
17742
14994
16418
19338
16958
16600
19458
21823
15992
21723
18365
22176
21335
21790
19657
18913
19936
21041
17638
17107
15797
14818
17717
17352
20007
17839
15343
16130
20368
21220
17001
19790
19450
21835
17361
15113
14650
15208
17917
18004
18151
15523
15373
15058
16276
20604
19352
18850
16786
18028
20147
16727
17276
18662
19908
20662
20157
19673
21322
20584
18163
15228
14655
15007
16113
16234
14796
14631
15029
17550
22363
20084
21126
21698
19075
19356
19472
21037
18214
16375
15317
18844
19876
17559
17350
19006
19708
20820
19620
17839
14553
18347
20527
19164
23485
19787
15364
15844
16167
16082
22087
21507
20335
21487
21036
19315
19199
17953
16481
16382
15965
14920
14335
14216
16202
15062
14560
16142
16296
17573
18521
16406
15201
14046
15719
18083
18087
17176
17317
14760
15209
15889
15215
14959
16521
17652
17603
18178
18173
17855
18593
17934
17760
17522
17054
16624
16403
15098
15492
16672
15348
13824
14643
15929
14902
14507
16378
17210
15657
14117
13802
14576
17336
17908
17611
15699
18246
18953
19381
18409
17643
15927
18836
17446
18971
16253
15969
14923
14864
15500
14763
16528
18515
19758
22997
22282
21082
16576
17693
17953
18749
17987
15720
18089
17772
16692
20330
22062
21895
20995
20533
20343
21650
27068
23039
15872
15658
17907
18537
16981
15756
16531
20287
22753
22646
21156
20519
25629
22343
20225
19205
16979
15507
16766
15748
15668
16630
17507
16340
16670
18307
15542
14820
16820
19520
20238
18232
15851
15133
18904
18987
20496
18986
19348
19501
20948
19728
19860
20780
22397
22323
24337
25252
23232
20676
25526
20246
18356
20008
19876
20067
19970
17760
18068
17688
17049
17315
18930
19635
17361
17556
17858
16313
19431
22050
16032
14237
14370
15635
14295
14270
13960
15141
13031
14569
15983
14812
14693
14346
14415
15377
17017
17678
17158
17456
14671
14256
15294
15310
16589
16583
16894
16018
16065
16784
17892
17832
15367
15866
15831
15595
18264
18797
16710
18027
19508
20716
20537
21117
23242
22638
23919
21493
16323
17957
16942
20865
19915
20092
17993
18762
19887
18847
20223
19023
16914
16645
14264
15249
15264
14704
17102
18002
17295
15734
16157
16137
16101
18299
17388
17188
15737
18750
14339
14320
14741
14068
14343
15268
16038
14883
18522
17632
17538
16541
14012
14276
14422
17705
16060
17903
17054
16459
16286
17926
21378
19952
19311
19542
18667
15716
15856
15320
15634
17328
19656
21163
23189
22501
21470
21405
24760
24043
18605
16949
17809
17346
18614
18468
19252
15722
15945
15708
17125
16430
19754
19821
17517
14538
13765
14488
14156
13913
14673
15745
18427
19549
19443
18361
16901
14970
15448
14761
15798
17792
19038
18713
18868
19121
15752
14707
15146
13685
14636
14179
14199
15039
15811
17724
15379
17138
16358
18067
15717
15305
15367
18418
19603
17183
16857
15336
16968
17601
17642
15656
13658
14788
13683
15257
15145
15473
14362
16262
17493
17096
15596
15559
18032
15452
16063
15955
15382
17638
17374
17269
15986
15728
17098
15302
14784
13939
14023
15116
16985
15853
16133
17175
15572
15869
14855
14332
15375
17490
16802
14758
14454
14303
14685
14158
14191
13688
14723
15072
18455
18472
17730
15949
16621
16643
16770
17667
16459
17695
16557
16512
17121
18512
18381
17864
16561
15264
14650
17493
15135
14377
13940
15679
17226
15444
14625
15415
17979
17689
14892
14639
15798
15763
15195
15521
15502
15377
14499
14906
14394
16346
17230
17822
20493
17390
18449
16822
16530
24925
20159
19610
17599
18576
20432
17922
17058
19399
20426
17312
14893
18106
19085
17230
20285
14973
14748
14758
14528
14888
14617
14537
14614
14086
14634
14550
15384
19523
19538
18127
17914
17843
17459
18167
15961
17653
16661
17179
17603
15369
14527
14801
17041
18502
18845
18779
17306
16427
16761
17579
17019
17895
15817
17067
16439
16754
16057
18505
19887
16349
16753
17889
18820
17772
17873
18376
17923
18383
17120
16478
15635
14887
13992
14772
15509
16252
14629
15882
15882
16478
16598
16705
15613
15458
14681
16248
14785
14528
14162
16533
16664
16000
15504
16351
18620
17870
15860
18378
16610
15007
15900
17073
14505
14884
16376
16442
16242
18199
17247
16491
15366
16032
17942
21175
20933
23810
18260
21021
21171
21619
17635
21388
17819
16109
16657
18814
17522
15798
20859
23165
20641
17117
17225
20505
18556
20244
18322
18478
20354
17101
14876
16996
15087
14798
15102
15445
19255
20500
20254
18921
22117
21448
20471
22982
23932
22919
23428
21842
20211
19726
21000
19618
18291
20291
19313
16200
16412
19325
18023
17074
19248
20407
19283
19091
19672
16581
17889
17784
17829
15620
16288
18998
16985
17910
17931
17916
19551
21912
23176
19485
23788
22860
21732
22104
20311
17890
20201
22426
23483
22059
22817
20747
17634
17629
16795
14997
15640
15808
17431
19542
17331
15079
15076
17694
15493
15859
15946
14674
14417
14104
14416
14192
16474
16618
14658
16767
17784
16825
16437
15235
15544
16769
15956
15091
17007
17199
16491
17259
17876
17557
17168
18868
19198
15439
14466
14989
13776
15240
16016
14526
18065
16389
14408
13638
14428
16304
17995
17993
19646
18682
18315
18774
18826
16655
16157
16156
15095
16429
16815
17276
16856
14376
16254
15551
15216
14543
17260
15503
16160
15614
15349
16758
17503
16261
17946
17601
17515
19141
17935
14821
14660
16541
17603
16681
16274
15475
16188
17979
18973
19185
16990
15395
18807
16839
18588
19761
19938
19289
18422
17869
16908
17256
17149
20505
20240
26868
26251
18031
23046
24205
22473
16660
15442
14272
16420
14428
15781
14965
14593
14921
16452
16655
14259
14883
16744
17052
19570
18253
18096
19041
18549
18746
18334
18981
19790
18309
19830
16404
17601
18367
18949
18332
17684
18579
16015
18295
18314
24267
17377
22309
16499
16295
19156
15627
15382
16694
20684
19923
20199
20833
20129
16171
20209
21543
22820
25531
24438
19476
16815
15089
14883
14971
14917
13943
14180
14361
17284
15799
14473
16458
16081
17643
16213
15649
15745
17251
17226
20094
22489
22058
24072
21300
16995
19012
20109
18277
17776
15419
15179
16036
17751
15982
15139
14030
15326
17454
15789
13972
14741
15322
15826
15922
15760
15303
14587
17418
19679
21402
20459
19720
20909
15847
19327
17418
15745
19278
20333
20123
17659
16585
14444
17218
20700
21253
22744
20942
19608
18119
21433
19932
24538
22998
19641
17331
16309
15911
16241
19294
19985
18114
21518
20173
14902
15162
15428
15759
17526
18579
19525
19971
21920
18595
17249
19037
18547
21693
19031
20437
18841
15541
18843
16126
16431
17403
22989
19210
15865
19176
21971
20000
18150
15418
14995
17403
18031
19157
17300
16883
16797
17046
15957
18033
16707
16333
15596
16518
18662
18826
16688
16955
16896
17826
18952
15899
14708
14091
15061
17757
18745
16038
14067
15081
14754
16064
15434
14792
16814
16455
15750
15898
18283
19172
17631
17876
20049
18807
19311
19389
20533
16179
15810
14777
15684
16356
16374
15954
14038
14088
14302
13954
14437
15605
17758
17634
17724
18341
16818
16267
19280
19086
20161
17985
17546
19353
17067
18659
19120
17278
18962
21533
20070
17975
15993
16224
20887
22552
21943
28145
27696
17237
17856
16741
17614
18510
16693
16471
14346
14936
14235
14852
16897
17763
17281
19189
15547
17247
18314
16819
16917
15159
16720
14134
15282
17293
17167
15296
14849
14211
15489
19154
21570
20410
21179
19045
20515
18489
16963
18321
15833
15227
17605
18678
16405
16313
16383
18380
18254
19033
18022
18828
18348
21121
20201
19841
20972
21540
20567
19607
20089
20196
20765
21405
18355
16700
15677
15028
15286
18907
15863
17835
19445
20327
19714
17625
19125
18784
21517
20223
16821
18981
16949
16148
19905
20037
22375
18345
21309
22541
19254
22062
25167
24135
23645
22340
23031
27532
27385
24668
19893
17727
19270
16848
20286
19046
19822
16304
15195
17288
20164
20021
20323
20504
19026
18372
15078
19232
17661
17886
17902
17125
17794
18030
18358
19143
20408
18378
18080
18303
19467
19339
16577
22108
19673
20217
22751
17298
14729
15212
14836
14422
14178
14818
16440
15902
18354
16870
16951
18742
17125
14536
15097
15865
18624
19954
23049
22843
24881
19564
20503
17542
18093
18221
23743
24098
21458
18105
15546
15694
18318
17433
21344
21670
16763
16122
17240
17646
18332
18581
19520
17440
19376
21789
21469
19337
20021
22568
21590
20897
21859
17542
16530
17880
15906
16716
19205
18568
18987
18610
19525
19008
16327
19595
18946
21216
20130
18947
21608
19754
24023
19511
19983
20381
20478
20983
24498
27052
22287
17273
16727
17748
22000
19462
20452
19545
18243
18296
18761
18504
21579
19897
19325
17432
15177
14980
14719
14294
14624
15301
18384
14860
16393
17534
16622
19606
18832
19113
19650
17752
14663
15004
16191
16167
16159
17338
18192
21687
23913
21478
21965
15504
17494
20913
17307
17933
22110
24543
22437
22738
25833
23433
23912
23443
22576
25350
21899
23008
20266
21752
21027
20230
19546
17863
15667
15231
18214
16054
16085
17760
15131
15660
14305
16820
17311
18718
18087
17338
15181
14878
13823
16327
17094
17011
14758
14897
15997
18834
16635
17048
18093
19639
18219
21071
18718
19005
22785
23412
22558
23048
19878
17202
17889
18784
20050
20655
16070
19632
19832
18747
18529
18704
20920
17596
21070
21058
18965
20471
24155
19689
17479
16391
17594
19704
18748
18139
16462
15100
14459
15829
16818
15714
16508
15448
16338
17944
17536
17244
15003
17471
18530
20692
18123
15826
16674
15329
18330
16099
15830
17736
16582
18605
21047
22865
21829
20291
22077
24558
21155
16653
23177
22504
17889
15651
14526
15546
16347
18064
18691
16438
17778
16981
18133
17581
16322
17000
14780
14703
14932
15165
18705
15696
14512
15688
15202
14107
15781
14932
14719
13949
14589
14852
15879
17430
14908
15117
17547
19657
19083
19658
18469
15578
18927
16451
17983
17710
16962
18072
19812
18415
19910
19533
22150
23026
22870
20804
22840
21980
20178
20690
22223
21386
20178
23037
22895
23089
22728
23173
17989
19510
20888
21120
23538
19439
20035
17022
17950
19096
18752
17468
19600
18882
17585
20301
19218
17346
17173
16529
15804
17826
16680
14919
16469
18592
19632
16522
17757
18400
20012
18151
16304
18754
17518
18161
18419
19352
16922
14545
14529
14394
13959
15823
16609
15012
14168
13805
13786
13735
14382
13997
14041
13334
14201
14032
14797
16538
16871
17258
15629
17218
15746
16767
16486
14714
14288
14227
14232
14494
14098
13804
13755
14174
16027
14507
15401
15365
19503
17457
16721
19357
20846
18771
17924
15923
16153
14379
14686
16543
17017
16074
16639
20253
21942
18010
20467
17696
21877
22015
17105
15574
13978
14767
15181
17122
17920
14878
19886
19636
16434
16766
15676
17949
14525
14638
13741
14440
15680
16531
14279
14698
14774
17896
19388
17801
18427
17582
18583
19179
17103
17592
18485
17312
17296
17466
16343
18146
18662
20009
18043
17144
17626
22562
19274
18619
18067
22230
21650
21285
19405
23588
18678
15758
17087
17918
15611
14171
15534
14741
16007
19503
20593
22317
20235
22192
20469
23210
20874
18708
18503
23298
22789
22776
22228
21879
23301
28429
21371
17351
18441
19481
17765
20509
19079
20473
19335
17816
19274
16714
15483
16122
17298
18430
21480
22233
21148
20710
19599
20637
16311
15995
18131
16305
19185
18833
19138
16786
15800
19149
17363
16925
19544
18734
18523
18900
18323
19693
20693
22522
21892
19810
20085
19934
23032
18381
19676
19230
25481
24149
19110
20454
24221
20853
19854
18743
20515
17710
16548
22153
22218
22464
19697
19414
20276
16291
16686
17510
16035
19381
19124
19710
21641
27013
24963
22995
25127
20327
17369
17810
19447
22392
23971
21006
19562
20626
22711
20681
20982
22736
21339
20132
20639
20136
22291
20609
19032
20002
24409
24464
22854
23663
21211
20522
24574
20425
19040
19119
17509
19696
21186
21482
24741
21255
15703
15345
15277
15252
15268
15943
19397
24296
24814
21598
20341
22604
20574
18514
20223
21170
20841
14909
19241
18409
19213
20528
22153
18115
20171
23312
23994
23108
25034
25363
24333
21943
22961
23776
20721
23021
24423
21988
21942
19889
19578
17990
17990
18103
20604
21568
25363
22912
20107
22403
22804
19201
19823
20674
21755
20407
22872
22894
21016
22136
24095
24515
24149
20627
20483
21199
22612
24210
18939
16149
16946
17454
20081
21435
18922
18960
17970
20618
19451
20358
20388
20811
19088
16295
15906
17280
23478
24139
26116
24269
23793
24808
22433
23651
4113
15482
18493
16563
18169
18161
18271
18961
17805
19018
19686
20157
18717
17583
18692
19848
19412
17675
18002
16647
16103
14008
14404
15575
18504
15438
15372
17158
18940
19143
17972
15711
15357
14810
16280
15315
15495
18177
20868
21308
21274
19400
16387
17087
17385
17395
19710
19641
18173
15391
18189
18672
16509
14503
13893
13767
14247
14459
16355
15741
14460
15643
18586
18427
19660
20823
21009
21261
22339
20938
20177
16722
16626
16433
17224
18108
16753
17433
18926
14849
16442
19056
21363
19303
20218
19482
18075
18988
21704
22065
21858
22770
24495
21819
21403
22709
21837
20223
17841
22280
19317
21731
22013
21506
22187
21754
21990
23439
23217
22031
21937
18032
19278
16231
19012
22964
21327
18971
21173
25550
26755
25677
26159
25646
26156
23606
21968
25423
24099
22437
24343
24069
23622
24947
26906
27075
24889
19124
22040
22120
20374
21300
23997
22606
22496
22847
24915
22972
23108
24558
19364
25488
23683
24730
23424
25677
24459
23627
20091
20329
22820
23872
21918
20537
22680
21968
25674
23953
21946
24737
23915
22086
20589
22019
20512
22527
22909
22963
21363
20890
19558
22917
22144
26198
24841
24373
20153
23023
23991
24910
23568
24584
24360
21725
22128
23970
18500
16752
14206
15213
14590
14421
13957
14371
14050
14813
16265
15663
16291
17547
15665
20690
21055
20310
19187
19231
21863
19457
19045
20666
18755
22941
22183
19544
16399
16415
17910
17546
20475
18204
17743
19344
16973
18185
18887
18822
19617
20958
17485
16831
16741
19738
18192
15950
15900
15928
15349
15128
17190
16052
15006
15354
15488
15799
15887
17771
23422
20752
18171
16728
18014
18760
18031
19754
21134
23297
18424
21369
19945
17858
18135
18957
18911
17196
17468
19816
21250
19072
20807
19901
18507
19530
17746
17710
17320
16320
16727
16081
16269
16479
16346
15450
15970
15796
15276
15512
16066
14752
16282
15264
16017
17377
15089
15866
15771
18490
19033
18604
18205
17817
16028
16802
19150
17432
18377
17486
17856
15947
17776
18068
20739
18970
16654
18818
16524
15921
16044
16762
19937
19047
17778
17593
19727
18779
19472
18428
17378
17281
18286
18014
16603
15937
16375
16718
16389
16481
16522
19490
19038
24449
17860
