31689
25359
20264
15589
21931
19893
22137
18509
14603
20490
22145
21259
19572
18422
21293
19820
17886
19994
21137
22298
15190
20252
20350
18483
17171
15640
17847
21593
15516
16069
19334
15856
17667
18926
16331
17005
15897
16280
12184
12474
11648
12787
18403
19882
16505
12658
12366
12793
13421
10884
11911
12274
11165
12742
12300
9682
11060
12563
9346
9226
9713
7887
8119
8445
10168
10739
10747
10462
8309
8216
9151
8847
9091
10678
12001
10470
11190
10067
10842
11086
12388
10485
13968
12400
9737
8613
8509
9589
10559
10461
7837
8097
7848
9203
14478
19322
13230
16081
14541
12813
12144
13757
14472
11092
11804
14344
15056
17099
13156
18705
19222
18464
14352
11173
14435
17150
16838
12468
10134
11370
14293
12514
13992
11946
10842
10181
11502
10384
12070
10022
14622
10975
13004
11962
12210
13282
15014
13883
12582
12004
9521
8972
8610
7854
7446
7238
7746
9022
8623
7684
7561
8003
9137
8666
9708
14165
21921
18041
18491
21209
12691
15019
14906
13160
14405
14634
12621
13090
9184
9334
10452
10534
10426
11552
11066
13207
12269
18400
14729
23390
16053
16754
13584
13666
14187
9789
11228
11002
12150
11205
14319
14442
13004
13010
20199
16578
10669
11945
12596
17261
16366
19462
16720
12548
8641
10070
13794
10829
11423
13288
17975
9636
17618
12076
18008
17665
18632
15046
14335
14906
15537
10882
11567
9773
8313
11648
11332
14139
11436
9372
9752
15590
17373
11174
15574
15382
17795
11739
8636
8263
8907
10554
12131
11651
9832
8708
8967
10235
15245
11889
13128
10242
12898
14866
11615
10864
12070
13608
15579
18311
14641
17347
17276
12649
9039
8162
8495
10118
10695
8564
8309
8304
10957
17881
14724
17097
17873
14085
14067
13650
15812
13471
10430
8863
13645
15149
11548
10789
14654
14787
15844
14673
13739
8319
12180
16368
14213
23521
14219
9026
9140
9955
9469
17736
16510
17279
16055
17259
13182
13507
11302
11076
10113
9470
8527
7935
7978
9523
9647
8120
8851
10289
11043
11568
10816
8898
8185
9876
11045
12594
10401
11184
8475
8656
9510
8783
8606
10433
11596
11248
12391
12013
12834
12694
11807
12242
11924
11158
9575
9766
8722
9599
9841
9126
7421
8023
9711
8590
8193
9602
11312
10549
8211
7552
7945
10263
10903
11645
8995
12308
12481
13350
11794
11071
10348
13083
11799
13368
10056
9501
8829
8305
8785
8841
9746
12070
15317
19726
19142
19853
10632
11220
12433
12076
12118
9384
11557
11384
10157
15392
18088
19682
16566
16993
17247
18637
29870
23292
9255
9656
11687
12386
11969
9902
10101
15431
18926
19978
16612
15760
25163
19763
13636
13562
10773
9787
9977
9645
8953
9754
12036
10446
10451
11607
9428
8767
10364
12943
14297
11841
9976
8624
12413
13637
16768
13676
13647
12250
17130
14099
14374
15587
18556
16681
19826
20490
22780
15245
23277
16339
13577
13776
12465
13405
14952
11783
10821
11761
11542
11155
12665
11895
10663
10806
11607
10343
13290
16752
9352
8366
8587
9048
8113
8266
7419
8246
6831
8094
9498
8438
8234
8040
7865
9080
10279
10881
10450
11084
8570
7874
8169
9083
9379
10774
10056
9502
9683
11038
11938
11508
9186
9905
9696
9028
11690
12721
10975
11332
14561
16863
15279
16867
21726
19682
20856
18313
10567
11395
11038
16377
16070
13360
11353
12825
14350
13649
14964
12661
11190
10704
8147
8639
9104
9353
10335
11935
12260
9583
10013
9473
9486
11803
11468
10497
10417
12410
8905
8176
8376
7604
7916
8706
9649
8645
11580
11841
11545
10579
8181
7965
8396
10711
10438
11298
11013
9915
10841
11806
16149
16762
13921
14513
12999
10501
9891
9429
9116
10956
14864
18478
21319
24152
17998
16817
23024
24259
13662
10928
11691
10879
12448
12398
12742
9545
9162
9476
10863
9627
14061
14004
12105
8221
7331
8106
7918
7532
8434
8923
12408
13725
11843
12727
10778
8527
9063
8327
8904
11624
12785
11899
13040
12983
9796
8105
8238
8063
8384
7683
7678
8240
9494
10568
9291
9898
9840
12490
10499
8968
9583
11598
12644
11452
10207
9447
10711
11378
10952
9394
7905
8591
7471
8868
9491
9473
8213
8929
11240
10946
8944
9006
10885
8927
9030
9783
9035
10823
11102
10969
10281
8750
10800
8994
8486
7602
7615
8406
10596
9800
9423
10582
9840
9946
8604
8073
8447
10447
11047
8692
8181
8982
7992
8058
7863
7543
8417
8274
11892
12585
11757
9608
9567
10430
9899
11912
10184
11413
10180
9430
10030
12895
12678
12542
10408
8459
8426
11014
9941
7989
7358
9214
10089
9331
8303
9130
11328
11660
9037
8259
9430
10670
8965
8865
8953
9316
8027
8543
8803
10574
12684
13392
15347
11937
13091
10789
10907
27970
16913
15956
11816
13823
16291
12205
10825
12693
15548
11168
8649
11161
14295
10751
13627
8548
7822
8030
8273
8586
8302
8012
8109
7576
8105
7909
8890
13022
13527
11619
11470
11420
11526
12779
9589
10780
10017
10768
11699
9066
8783
8358
10598
11968
12092
13232
11377
9969
10497
10555
11433
12187
9368
10541
9644
11179
11059
11961
13238
10649
10532
12445
13076
10975
12243
13005
12072
11889
10858
11138
9381
8652
7555
8259
9212
10018
8338
9177
9748
10393
9954
11153
10326
10561
8049
9066
9213
8413
7498
9736
9996
10001
9403
10076
11888
11769
10089
11821
11131
9326
9354
10792
8805
8098
10008
10984
9942
10863
11464
9920
9102
9317
10489
15648
16242
18790
14409
14729
15101
19049
12415
18680
12722
9868
9659
12190
11576
9485
15390
21213
16036
11909
10916
15248
13077
13987
12619
12980
14837
10759
8565
10072
9132
8499
9185
9644
14584
15072
16233
14601
16921
18750
15973
18918
23187
19926
20939
18665
16182
13920
17197
14136
14145
14729
14430
10256
9604
13253
12683
11682
13736
15201
14117
13204
12705
10695
11251
11890
12611
9879
9563
12289
11284
12668
12487
12355
14730
17609
21853
16198
23837
19610
18260
18870
17160
12436
16388
18947
21737
17237
21304
17616
11859
11399
10800
8494
8822
9448
10899
14024
11424
8639
8393
11031
10212
10461
9800
7756
8065
7347
8021
8125
9672
10667
8901
10217
11593
9759
10227
8866
9136
9640
9827
8569
9656
10092
10203
10623
11584
11279
10854
12124
12758
10249
8140
8424
7527
8686
9677
8407
11886
10306
8348
7602
8084
8861
11065
11986
13187
13680
13050
12973
12072
11259
9191
9744
8708
9868
10592
10650
10600
7884
9290
8909
9107
8667
11167
9525
9526
8714
8984
10686
11477
9983
11591
11059
10865
12687
12205
8659
8248
9795
11617
11014
10215
9338
10019
12165
13201
13442
10462
9196
11966
11642
12264
15573
14923
14480
13213
11626
11884
12282
10723
15811
15682
32248
25457
13871
20364
20816
17886
11169
9551
7907
9401
8461
9590
8379
7960
8338
9749
9940
8644
9124
10398
10733
13455
12423
12249
13369
13011
14163
12586
13767
15964
13487
13500
11562
11215
12399
14206
12215
11040
12808
9898
12293
11955
21285
11279
16966
10753
9652
13547
9249
8997
10319
15354
14293
13891
15291
13963
11306
15170
14984
16810
23843
20127
14137
11037
8708
8701
8421
8389
7882
7761
7833
10289
9453
8316
9692
10656
10906
9989
9501
9898
10661
11113
14594
17619
18197
21864
16248
10414
12104
14567
11831
11317
9561
8223
9145
11115
10065
8929
8417
8553
11617
9423
7685
8253
9062
9480
9561
9640
8637
8312
10712
15568
17846
15107
15606
15402
10432
13545
11426
9387
12406
14153
13893
12075
10733
8363
10948
15316
18810
22303
17251
14121
13685
21235
15101
23596
20530
18375
12591
10366
9942
10236
14305
14485
12951
18449
16484
8933
8480
9264
9257
11580
11508
12934
15420
20515
14479
10773
13542
13119
17739
13935
14661
12329
9933
12341
9553
10209
10809
18746
14561
9455
13213
17640
14342
13538
9281
8279
10889
11585
12463
11358
11303
10906
10714
9292
12672
10746
10024
9958
10216
11927
13032
11044
10648
10605
11184
12287
9816
8313
7476
8410
11088
12532
9743
7978
8394
8501
9949
8721
8000
9653
9895
9253
9534
11753
12901
11884
12312
14236
12585
13144
13692
14539
10386
10031
8911
9558
10183
9640
9849
7792
7681
7641
7761
8026
9223
10949
10978
11192
11252
10528
10046
13120
13712
14208
12572
11416
13709
11677
11718
13516
10955
13341
17641
14504
13045
9828
10133
15661
17946
15593
30395
31029
11352
12107
10286
11015
12534
10644
9629
7897
8374
8005
8613
10041
11445
10776
13293
10164
11156
12070
10373
10645
8880
9989
8276
9103
10103
11173
8616
8245
7943
9278
12222
18120
17090
16424
14706
15946
13014
10691
11621
9687
8580
11241
12521
10521
10607
9411
12224
11835
12722
12286
12298
12809
16513
14135
14095
15317
17397
17872
14199
15307
14094
16514
17180
12535
11028
9724
8180
8471
12110
11437
11558
14043
13253
14054
10696
12746
13476
18843
16293
10473
13503
11010
9908
13817
14139
20040
12447
16871
17584
15509
19781
24029
22157
23150
19117
20860
29723
30171
28103
17169
12145
15593
10804
15702
14480
14308
11629
8761
10920
15626
14979
14803
14250
13112
11494
8762
13125
11997
12281
12053
11361
11923
11262
11415
13748
14675
12543
11614
12142
12129
13496
10280
19177
14993
15112
18165
11223
8770
9480
8560
7735
7851
8282
9409
10172
11627
10385
10687
12269
10774
8337
8540
8787
11201
12917
19670
21688
24079
12469
14791
11967
14310
12282
18862
22206
18402
12976
9132
9503
11987
11698
15341
17614
11284
9870
11114
11430
11730
12765
13941
10990
13308
17130
18193
12839
14580
21551
17857
16944
17878
13029
9984
11090
9410
10086
12715
14538
12738
14198
14176
13608
10720
14946
14730
15748
16427
14154
16395
15625
20888
14134
16134
15858
17946
18888
30097
30926
18925
11285
10438
11880
17363
13284
15180
15399
12910
12263
13499
11708
18297
13547
14994
12668
9123
9037
8521
8010
8179
8843
12169
9204
9618
11120
10174
13311
13562
14020
13897
12788
8394
8211
9278
9203
9640
10251
12921
20402
21227
16604
17161
9231
10748
16914
11376
11919
18094
23676
18824
20568
27372
23039
21459
23387
21264
22829
19170
19663
15578
19551
18585
13736
14319
12180
9506
9148
11331
9841
9240
11979
8520
9610
8060
9856
11488
12576
12744
11347
8716
8322
7573
9653
10725
10711
8468
8382
9691
11605
10558
10672
11613
13726
13747
16506
13749
13966
18200
21966
19304
22295
17260
12011
13010
13795
16076
17827
10277
14757
13616
13984
14391
13409
17017
13874
18353
19135
14422
15800
22007
14843
12626
10116
11143
13758
13625
11520
9898
9375
8303
9056
10611
9206
10045
8933
9688
11338
11377
11398
9279
10774
11892
15404
11799
9812
9840
8766
11635
9699
9851
10908
10951
11399
16849
19322
17546
14313
21504
21706
20927
10535
19498
20544
14051
9913
8049
8958
9772
11424
11909
10825
11296
10562
12025
11572
10761
10355
8953
8742
8382
8519
12121
9814
8288
9310
9301
8079
8788
9051
8164
7867
8329
8079
9066
10537
8941
8374
10839
12707
13064
12851
12886
9844
12011
10283
11211
11502
10714
11744
14454
13191
14054
14169
17033
17645
19329
14120
20212
18604
15187
14397
17990
15228
15368
17628
18011
18382
20925
21468
12219
13872
15435
17218
22203
13716
13941
11928
11565
14063
13738
12030
14884
13693
12454
14675
14630
11294
11504
10285
9798
11835
10754
8386
10210
12408
12895
11099
11733
12527
13558
12384
10642
11909
11658
12500
12984
13315
12076
8588
8316
8186
7576
9373
9847
9745
8223
7342
8110
7746
7690
8081
7811
7021
7492
7748
8323
10164
10546
10322
9411
10229
9481
10532
10471
8790
7897
7554
7956
8098
7759
7736
7322
7753
9286
8712
9282
9167
12747
11708
11045
13619
15424
14629
12762
9540
10462
8500
8566
10187
11638
10250
11048
17200
20668
11723
15015
11018
18887
19202
10762
9182
7912
8169
8664
10137
10880
9458
13492
12810
10654
10404
10298
10842
8427
8112
7888
7623
8844
10380
8733
8330
8214
10479
12697
12046
12557
11184
12184
13272
11803
11644
11428
11498
11166
12259
10669
10900
12090
16124
12525
11183
11833
19106
14774
13120
12824
16772
17049
16347
15398
20222
13652
10669
10498
11033
9757
7947
8971
8570
9386
13031
14098
16920
14836
17758
17371
19197
16535
14424
12913
19583
21695
23103
18962
19821
23434
33428
21013
10404
13256
13422
12735
15277
13881
16726
14382
11875
13236
10230
8933
9950
11179
12016
17896
17430
16594
15105
12388
14999
9952
9762
11759
10049
11688
12947
13027
11147
9130
11720
10740
11914
13950
12405
12346
13048
13187
15127
14689
18063
18239
15426
17201
16157
20157
12873
14212
14397
24473
21797
14036
15852
22065
17177
14223
13484
15732
13188
10259
16817
19280
18956
15197
14634
15917
10682
10809
12191
10333
13298
14993
14828
18266
33848
28064
20849
23523
16354
12212
12726
14372
17297
20470
16472
13695
14694
17957
17025
15025
16491
15732
14480
14586
14917
16399
14570
13157
13141
19971
20917
20206
22027
17830
15055
21046
17073
13855
12276
11497
14919
16604
17571
23231
16931
9366
8932
8671
9219
8589
9613
13183
20131
22474
17701
14586
18397
14405
12374
14385
14168
15689
8669
13513
13590
14120
13994
18686
12708
14947
20574
27648
21071
22801
28021
23962
18677
19860
21099
16037
19651
25391
19062
17260
14414
14060
12559
11860
12379
15195
17454
23469
20316
15525
18407
19256
13477
15637
15174
17767
16060
21373
20444
19079
18066
21449
22619
22723
15511
16937
17670
19895
24529
13062
9787
10050
11987
14197
16410
12297
13337
12338
14431
15294
14823
15193
14506
13695
9837
9356
10486
18801
22290
25848
22553
21612
22983
22984
25800
5143
8908
12618
9723
12163
11573
13070
14123
12425
13856
13796
14862
14502
12146
12819
13928
13445
12056
11295
11185
9878
7946
8123
8950
12043
9501
8968
11134
13166
14702
13483
9118
9045
8473
9987
8980
8570
12435
15759
17934
16217
14103
10669
10827
10887
11883
14514
15210
12016
8792
12716
13797
10927
8541
7629
7547
7983
8272
10044
10253
7955
9467
12648
12935
16169
18153
17260
17147
18902
16395
14030
10885
9752
10283
11139
12383
10431
11094
12034
9188
10429
12555
16173
13686
15022
13668
12936
13310
17478
17947
17529
19064
22268
17359
16588
18381
20063
16537
11976
17479
14124
15842
17992
17353
19769
16848
18420
19159
20366
18233
16089
12381
13590
10283
12484
20725
19178
15770
17199
27747
36146
27994
30059
27553
25834
20772
15524
24278
21490
18041
23455
22891
20081
20673
25760
27902
23462
12165
17412
20078
16638
15538
20218
18588
19438
18993
24916
18615
21721
26102
14676
25454
22075
23152
21680
26118
25434
24301
15160
15833
22223
23770
19661
15346
17749
15264
23038
21107
17339
23450
21788
18654
15950
18653
14977
18261
20053
18667
16610
15447
13556
18560
17792
27434
23949
24315
16008
17956
21348
24074
22126
22865
24920
21388
19715
24347
12781
9865
8154
9354
8199
8138
7660
7738
7498
8298
9569
9194
9537
11218
9116
13511
16088
15014
14434
14060
16068
14643
13888
15645
13303
24403
22458
13789
9809
9763
11893
11568
15830
11782
11864
13168
10528
11750
13010
13874
14033
14684
11847
10504
10508
12488
12441
10551
9634
9469
9049
9180
11406
9712
8581
8782
9079
9596
9868
11851
19986
15683
12194
10665
11783
12267
11809
13315
16948
19583
12456
16110
13684
11677
10999
12275
12312
10885
10686
12826
18620
13139
15889
14848
12093
12959
11136
11048
10633
9567
9999
9201
9308
9461
10005
9261
9017
8442
8822
8721
9104
8524
9597
8898
9124
10011
9445
9696
8654
11871
13033
12631
13164
12547
9981
10378
13668
11830
12307
11427
11214
9746
10699
11507
15201
13298
9659
11785
10507
9309
8746
9358
14091
14504
11874
11532
12928
12771
13922
12412
11598
10188
11177
11807
10462
10068
10316
10240
9810
9990
10870
14223
13955
24843
11450
