13049
7821
4941
4625
6548
6103
5771
4342
2963
5122
4157
4926
3985
4817
5206
4514
4702
4900
5342
6045
4889
4083
5183
4839
2486
3238
4735
3431
3858
4355
3863
2728
4053
4191
4132
4301
3146
2684
1379
1846
2532
3047
4479
4218
3325
1598
1924
1710
2155
1523
2130
2877
2440
2353
2526
1463
1971
2116
1210
1759
1325
1228
1137
1163
1375
1659
1643
2023
1305
1239
1395
1633
1304
1608
2230
1767
2217
1446
1858
1969
2717
2292
2544
2258
1397
1387
1223
1406
2005
1620
1075
1255
1190
1280
3751
3971
2151
2601
3824
2410
2125
2235
2669
1585
1896
3116
4502
4474
1950
3816
4641
5617
2223
1825
2082
3055
4540
2217
1314
1849
2353
1831
2910
2017
1778
1529
1993
1397
2108
1958
2100
1666
1550
2371
2964
2982
2371
2563
2312
2120
1789
1538
1429
1230
1264
1134
1156
1449
1550
1265
1170
1206
1672
1374
1427
3238
4178
3951
3556
3872
2212
2432
2081
2350
2746
3295
2455
2498
1569
1385
1768
1967
1448
2461
1720
2161
2606
4700
3073
6380
3287
3374
3245
2592
3083
1831
2872
2128
2544
2374
3490
4153
3238
3386
5019
3433
1935
2094
2359
3402
4010
5658
4312
2194
1321
1550
2535
1558
1572
1841
3653
1328
3286
3025
4782
4261
5147
2978
2715
2662
2133
3147
2676
1844
1295
2033
2454
3119
2639
1476
1425
3319
3642
2596
3181
2917
3761
2450
1412
1317
1416
1542
2733
2690
1478
1241
1476
1445
2582
3332
2830
1803
2637
3391
1927
1365
2070
2526
3478
3727
2178
3501
4269
2210
1429
1356
1209
1686
1694
1319
1261
1356
1507
4609
3048
3544
4293
3000
3087
2807
3676
2863
1804
1458
2928
3174
2191
1856
3588
3105
3178
3334
2991
1449
1913
2805
3030
5234
2965
1379
1476
1510
1451
3148
4403
3626
3328
4635
2109
2602
2560
1636
1323
1341
1338
1281
1306
1579
1706
1159
1206
1544
1571
2453
2025
1454
1317
1787
1794
2255
2065
1778
1306
1298
1607
1474
1220
1708
1890
2639
2747
3025
2472
2508
2648
2645
2203
2101
1984
1472
1268
1451
1736
1286
1076
1131
1568
1338
1327
1713
2196
1953
1324
1212
1122
1811
1885
2612
1173
2110
2639
2681
3438
2624
1653
2650
2310
3065
1726
1727
1443
1351
1321
1441
1603
2423
2719
2629
4819
4651
1574
1927
2644
2186
2360
1336
1909
2534
1546
3139
5040
5037
3535
4548
3992
4238
7322
7614
1424
1917
1910
2269
2317
1731
1471
2262
4241
4083
3789
3754
5207
3789
2679
2135
1800
1435
1523
1686
1364
1290
2439
1733
1340
2137
1459
1462
1442
1912
3663
2558
1267
1259
1604
2624
3006
2337
1988
1946
3325
2347
2802
3060
3243
4544
5279
5748
4678
3148
5163
3609
2402
2172
2128
3265
3104
1682
1634
2225
2126
1734
2039
1920
1727
1500
2261
1500
2909
2884
1397
1510
1681
1460
1496
1329
1103
1216
1494
1368
1498
1468
1255
1169
1168
1434
1741
1544
1777
2327
1231
1186
1166
1624
1447
1961
1660
1744
1252
1598
2071
2257
1434
1482
1435
1218
1611
2378
1807
2102
2943
2743
2868
3493
4344
3863
5440
4193
1806
1503
1785
2804
2540
1921
2439
1997
3201
1796
2041
2911
2474
1521
1166
1430
1355
1657
1804
2180
2481
1507
1943
1587
1459
2216
1937
1604
1755
1945
1256
1243
1222
1349
1280
1312
1455
1300
2514
2392
2286
2005
1435
1490
1434
2072
2012
1825
2399
1597
2142
2583
4584
4212
3598
3374
2294
1903
1846
1779
1566
2092
3220
5940
6391
7040
4124
3363
5828
6333
2497
1680
1953
1316
2287
2214
2406
1364
1308
1589
1712
1491
2520
3311
2376
1292
1240
1482
1218
1249
1236
1336
2388
2781
3479
2712
2082
1198
1329
1254
1311
2418
2048
2114
2260
3127
1543
1132
1128
1449
1228
1170
1169
1213
1433
2326
1390
1390
1608
2608
1775
1405
1555
1629
2981
2224
1836
1445
1977
2130
2259
1576
1310
1268
1135
1304
1971
1416
1166
1109
2219
1732
1265
1431
1913
1276
1209
1543
1378
1628
2141
2199
2056
1245
2590
1505
1253
1140
1146
1173
2031
1721
1397
1790
1775
1820
1291
1388
1376
1999
2343
1349
1141
2363
1150
1302
1164
1182
1336
1364
2028
3064
2140
1532
1228
1790
1416
2295
1565
2119
1567
1122
2056
2504
2320
2533
1720
1392
1465
2130
2064
1297
1389
1605
2012
2048
1312
1374
2092
2422
1457
1363
1576
2226
1586
1568
1736
1987
1465
1602
1811
2170
3303
4123
4100
3382
3575
2585
3088
9128
4537
3765
2264
2655
3291
2462
1630
1904
3451
1849
1317
1530
3425
1775
2827
1525
1281
1404
1398
1528
1438
1502
1420
1406
1332
1297
1238
2849
3277
1750
1721
1969
2660
2333
1733
1894
1372
1814
2854
1213
1590
1174
1755
2036
2361
2591
2299
1571
1377
1433
2119
2034
1247
1459
1771
2168
1720
1793
3240
2564
2693
2787
2038
2374
2171
2938
2552
2642
2098
2077
1593
1395
1136
1288
1364
1696
1309
1482
1685
1803
1664
2039
1752
1792
1196
1307
1501
1442
1092
1375
1623
1861
1353
1526
1699
2286
1516
1768
1897
1666
1360
1985
1343
1226
1631
2202
1783
1718
2480
1669
1330
1335
1928
2746
3640
3934
2167
1777
3704
3956
4335
4121
2304
1541
1163
2254
1849
1448
2591
4194
3051
1844
1343
2401
2564
2499
2500
2146
2900
1425
1256
1679
1456
1462
1682
2081
2868
2348
2543
3117
3919
4664
2978
4489
6673
5491
5899
6447
4230
3183
4877
3030
3141
2749
3922
1981
1723
3494
2677
2197
3198
2838
3438
2991
3293
2223
2037
2614
3356
1763
1409
2621
2006
3668
4134
3692
2692
4449
5734
3578
5479
4697
4367
4139
3981
2357
2626
2205
4326
4439
4795
3238
2006
1756
1795
1231
1368
1495
1387
2542
2258
1276
1313
1935
1564
1331
1825
1133
1229
1245
1155
1168
1521
1985
1439
1718
2853
1450
1772
1271
1282
1369
1630
1151
1389
1590
1659
1524
1862
1511
2342
2260
2659
1640
1140
1123
1246
1213
1489
1249
2108
1931
1340
1046
1167
1238
2177
2366
3139
3332
2593
2225
2890
1944
1378
1805
1186
1727
1878
1601
1972
1080
1580
1520
1490
1446
1729
1668
1715
1311
1514
1825
2046
1792
2387
2111
1937
2501
2894
1455
1275
1509
2095
2377
1411
1434
1743
2516
2977
3789
2080
1725
2332
2869
2081
4263
3566
3099
2960
2553
2790
2618
1766
4327
4055
11690
8767
3225
6300
7109
6532
1929
1693
1270
1373
1419
1741
1522
1357
1430
1814
1522
1505
1588
2159
2054
2432
3125
2054
2458
2743
4002
2393
2723
3183
2043
2581
2140
1563
2230
2517
2088
1792
2542
2049
1872
2062
4851
1594
3619
1922
1523
2651
1617
1495
1890
3902
3509
3772
4049
2899
2135
3390
3153
5162
6496
5713
3208
2646
1303
1507
1289
1501
1473
1187
1131
1379
1685
1167
1331
1705
1971
1826
1347
1651
1842
1960
3834
4670
4782
6167
3860
1774
2265
3300
2012
2176
1450
1115
1253
1851
1713
1319
1238
1282
2172
1421
1039
1202
1437
1678
1247
1574
1358
1177
1352
2967
4594
4048
2742
2628
1786
2381
2196
1403
2121
3466
3640
2161
1930
1675
1923
4733
4413
5621
4717
3975
2759
6110
4216
7626
6175
6876
3499
2408
2438
2127
3681
3475
3041
4180
4488
1777
1464
1967
1661
2888
2217
2581
2633
5278
3376
1801
2739
2722
3119
3440
2788
3096
1625
2235
1378
1586
1476
3975
3742
1659
2052
4125
4385
2748
1469
1280
2058
2322
2379
2497
2175
1910
1932
1413
2532
1722
1426
1578
1709
2101
2933
2097
1902
1646
1624
2629
1749
1408
990
1224
1785
2680
1720
1199
1200
1205
1707
1360
1223
1503
1459
1374
1468
2048
2915
1924
2222
2684
2714
2953
2476
3084
1814
1685
1437
1612
1368
1463
1595
1140
1223
1152
1188
1358
1564
1930
1545
1735
1988
1878
1762
2065
3270
2676
2450
1909
2538
1794
1704
2328
1490
2076
3072
2127
2083
1445
1538
2517
3411
4104
7462
10197
1897
2208
1727
2003
2999
1623
1560
1251
1357
1091
1296
1513
2032
2330
2632
1861
1766
2524
1628
1806
1425
1611
1278
1358
1772
2005
1291
1245
1203
1335
2069
4199
3705
3967
3520
3429
2713
1728
2412
1765
1305
2120
2535
1703
1786
1375
2542
1724
2695
2006
2698
2291
3663
2857
2720
3293
4017
3901
3723
3758
3939
3595
3244
2066
1922
1591
1188
1268
2281
1913
1689
3159
2167
2753
1846
2983
3398
3857
3005
1342
1712
1511
1410
1730
2972
4253
2705
3869
4638
3845
4795
6363
7094
6936
5313
5893
8482
8295
9972
5069
2775
4387
2163
3769
3721
3346
2710
1478
1876
3942
4633
4135
3022
3253
2391
1567
3124
2808
2476
2398
2182
2480
2720
2696
3035
3254
2296
2604
2305
2247
3651
2118
4546
2668
2633
3070
1889
1368
1541
1476
1131
1204
1149
1252
1757
2007
1673
1809
2263
2121
1363
1243
1313
2146
4077
3955
4249
4865
3082
3842
2751
2574
1757
3276
3452
3586
2611
1561
1452
1667
2085
1811
4130
2054
1468
1769
1662
2176
3478
2582
1878
2402
3541
4441
2112
3431
5450
4159
4581
4034
2127
1330
1968
1390
1256
2139
2779
1593
2997
2726
2771
1741
3412
2775
3472
3862
2409
3898
3259
5538
2903
3542
3574
5043
4219
10488
7985
4865
1949
1944
1855
3406
3648
2170
2769
1979
2213
1802
1730
3518
2874
2395
2522
1186
1477
1343
1287
1175
1459
1803
1338
1094
1557
2027
2734
3052
2804
2150
2267
1063
1246
1700
1443
1515
1287
2345
3941
3745
4233
5038
1597
1498
3520
1766
2339
3740
5781
5184
5327
7536
7291
6695
6846
6448
5929
4379
3604
2903
4000
3752
3060
2430
1710
1248
1328
1986
1447
1272
2258
1181
1904
1179
1320
1703
2131
2329
1825
1246
1517
1328
1608
1786
2051
1381
1422
1314
2420
2024
1433
2026
2771
2093
3133
2265
2252
3182
4452
4934
4523
3597
2333
2760
2734
3498
3661
1622
2911
3225
3279
2712
2421
3623
4118
4339
4654
3426
2749
5848
4156
2784
2197
2045
3579
2430
2308
1565
1712
1318
1427
2371
1573
1771
1438
1561
2261
2114
2350
1519
1866
1896
3590
3412
1581
1653
1378
2483
1519
1637
1742
1963
1830
3206
5506
4399
3569
4641
5019
4580
1521
4896
4791
2850
1494
1074
1123
1583
1893
2720
2166
2306
1528
2053
2613
2169
1497
1637
1133
1260
1336
2132
1859
1259
1527
1720
1334
1126
1635
1144
1283
1338
1132
1279
1663
1381
1159
1620
2511
2399
3065
3001
1615
1997
1759
2184
1994
1938
1617
3088
2570
2506
2372
2798
4703
4526
4050
4027
3449
2815
2784
4049
3427
2296
5000
5190
5768
5898
5446
2039
2942
3748
4337
5798
3826
3813
2878
2909
3228
3369
2652
3407
3569
2427
3049
3221
2106
2381
1829
1549
2103
2087
1334
1691
1945
3094
2246
2000
2057
3134
2365
1763
2008
2086
3051
2163
3034
2530
1244
1297
1495
1230
1488
1671
1432
1329
1178
1351
1148
1251
1394
1236
1089
1208
1244
1413
2111
1831
1489
1658
1780
1502
1893
1865
1397
1297
1144
1422
1395
1343
1389
1226
1380
1496
1542
1454
1443
2662
2227
1719
2938
3731
4017
2587
1582
2064
1612
1478
1915
2463
1876
2114
4991
7013
2502
3713
1918
4829
4133
1539
1319
1262
1190
1536
1550
2743
1797
2627
3838
2236
1939
1801
2130
1125
1207
1371
1128
1218
2062
1185
1285
1380
1333
3577
2507
2331
2318
2151
3110
1952
2406
2111
2140
1918
2516
1916
1960
3334
3721
1856
2064
2199
3631
2857
2660
2138
3991
4442
3878
3045
4510
2715
1570
1515
2095
1493
1293
1443
1573
1473
1969
2966
4114
3159
4060
3358
3808
3318
2743
2043
3903
5541
5649
5627
6526
7188
10262
4350
1925
2874
2818
2936
4417
3513
3962
3256
2401
3292
2195
1480
1681
1838
1689
4419
5414
3770
3481
3222
3348
1441
1493
1959
1656
2376
2484
3210
1830
1467
2559
2051
2539
2271
3174
2678
2183
2711
3452
3290
4759
3851
3102
3569
3166
3379
2497
3223
2619
4575
5533
2862
2920
4366
3272
3139
2589
3801
2516
1418
2308
4342
5134
3913
2672
4097
2091
1867
2692
1963
2434
3889
3382
4592
13053
10643
7111
7779
3782
2686
2568
3217
3406
5228
4329
2327
3812
4953
4477
2884
4033
3793
2428
3833
3463
3539
3073
2812
2036
4098
5990
6298
7624
4827
2842
3697
3642
2340
1634
2596
3205
2552
3561
4943
4043
1538
1505
1432
1592
1414
1483
1897
3907
6171
4813
4457
5247
3300
2612
3148
3613
4246
1581
2567
3132
2900
2436
5116
2218
3199
6088
8470
5547
7285
10274
9134
6294
5505
6824
4014
4465
7941
5606
4333
3226
3000
2872
2295
2599
3751
4324
5984
5532
3970
3888
5620
2998
4192
4157
2426
3819
5825
5377
4769
3643
6107
6213
5738
3885
4184
4675
4880
5750
2550
1316
1355
2005
2183
3861
3724
3463
3096
3953
3767
3055
3456
4186
3623
1869
1792
1683
3627
4933
6006
7335
6797
7011
8028
9888
2020
1388
3374
1619
2259
2162
3077
3141
3135
2895
3519
4473
3814
2507
3316
2910
3141
2106
1926
1977
1616
1142
1302
1579
2869
1567
1422
1909
2318
2349
1927
1244
1418
1208
1281
1193
1218
1802
3044
3620
3126
2693
1486
1742
1791
1957
3384
3556
2399
1355
1938
3401
2023
1424
1385
1393
1447
1371
1925
1875
1376
1974
2240
2683
5168
5466
3073
4074
5134
3387
3356
1876
1352
1721
1794
2138
1647
1506
2218
1674
1634
1827
3333
2909
2683
2708
2964
2120
2958
3091
4198
4844
4838
4676
4225
5125
3767
3406
1450
2785
2097
2237
4001
3612
4410
3513
4185
4207
4951
4482
4261
2160
3519
1813
2085
4586
4754
3384
3623
8597
14917
10896
10756
9663
8314
6257
4035
7773
7031
6063
6694
6923
5152
5906
7428
8931
6830
3057
2868
4862
3182
2825
5476
4785
4512
5469
6982
4714
5789
5972
2747
7173
6442
7179
6766
8326
8140
6039
3793
4718
7104
7085
6147
3889
5659
3925
6369
6265
4082
4515
5310
4602
3289
3246
2978
4894
4493
4825
4009
3152
2539
3483
4348
5960
7141
6769
4054
5808
5906
6605
5215
6569
7631
6100
4905
6814
2375
1646
1734
1714
1451
1521
1550
1521
1403
1613
1507
1768
1459
2298
1639
2788
3697
3831
3334
2505
3671
4125
2380
3524
2490
8272
7225
3262
1695
1715
2074
2051
3929
1738
2126
2340
1451
2130
2597
2055
3151
2941
1949
1610
1910
2920
3119
1946
1338
1781
1525
1818
2273
1871
1586
1502
1543
1538
1340
1784
3938
4019
2915
1358
1611
3082
1644
2763
3791
5137
2493
3741
3093
1791
1493
1387
1959
1261
1111
2088
2665
2396
4322
3053
1983
2621
1696
1557
1861
1163
1522
1342
1110
1299
1334
1351
1227
1299
1382
1272
1276
1632
1281
1318
1085
1506
2041
1431
1061
1843
2882
2202
2307
2282
1139
1426
2232
1739
1785
1434
1480
1635
1157
2367
3945
2713
1231
1971
2100
1342
1147
1187
2133
3300
1919
1683
2004
2571
2782
2636
2374
1349
1635
2194
2392
1724
1622
1670
1668
1552
1590
2708
2146
8277
2176
