25265
24472
23041
19608
24273
22802
23768
22936
19168
22944
24640
23105
22551
21083
23643
22838
22244
22596
24042
24961
20971
22523
23547
22662
20797
20191
22155
23838
20751
20961
22639
19777
21214
23523
21269
21879
20589
20403
18037
17004
16811
18975
22527
22375
21441
18103
17815
18177
18679
16486
17150
18438
16379
18498
18080
15757
17165
18300
15210
14861
15622
13485
13412
13961
15414
16576
15999
16588
14142
13725
14437
14915
14941
16129
17238
15643
16688
15544
16303
16848
18047
15982
19323
17987
15254
14602
13723
14927
16785
16431
13366
12846
12906
14602
19264
23399
18215
20267
19250
17966
17617
19138
19575
16612
16880
19095
20312
22424
19031
21519
22667
22434
19510
16532
18670
20871
20912
18698
16106
17088
19057
17891
19229
18001
16220
15395
17122
16409
16841
16338
19943
16666
17718
17532
17983
17969
20198
18820
18633
17535
15696
14925
14208
13143
12733
12478
12564
14365
14508
12691
12621
13270
14584
14743
14968
19072
24742
22483
22933
24052
17776
20039
19122
18689
18614
19450
18458
17747
15165
14437
16019
15961
15513
17147
16564
17718
17224
21761
19231
23631
20248
20844
19257
18467
18506
15508
16601
16727
17585
16474
19155
19585
17793
17130
21428
20170
16078
16696
17858
19851
20601
22674
20574
18361
14089
14838
18200
16300
17438
17828
20963
14926
20763
18033
21447
21755
22839
20084
20115
19618
19609
16898
17350
15682
13659
16635
17090
18722
17289
15207
15038
19988
20890
16761
19622
20056
22273
17529
14531
13720
14037
15468
17855
17318
15712
13922
14471
15726
19022
17501
19083
15049
17973
19714
17016
16139
16936
18317
20452
21517
18083
21060
21377
17664
14960
13321
13619
16120
16880
14168
13693
13968
15853
21802
19404
20503
20854
18749
18675
18564
20241
18722
16204
14024
17830
19769
17116
15715
19559
19007
19806
20046
18759
13919
17196
20144
18584
25072
19163
14608
14649
15705
14766
19815
20387
21292
18899
20766
17683
18002
17143
17389
15437
15353
14077
13407
13646
14652
15238
13723
13969
15792
15990
16664
17019
14349
13916
14821
15977
17606
16103
16359
13871
14156
14944
14462
14118
15483
17193
15903
17882
17662
18692
17522
17021
16640
17252
16483
15577
15207
14570
15080
15192
14880
12507
13122
15059
13559
13559
15056
16756
16572
13132
12325
13071
15283
16320
16929
14496
17201
17531
18206
17779
17271
15919
17821
17333
18136
15441
15185
14740
14072
14149
14695
15009
17277
20683
21307
22544
22577
16582
16069
17634
17378
17415
14960
16388
17185
15548
19414
21992
22711
20862
21081
20856
20964
26098
23066
14537
15234
16836
17916
17670
15237
15745
18573
22147
23814
20593
20251
25120
22465
18549
18194
15986
15398
15044
15389
14469
14773
17156
16290
15829
16943
15587
14701
15869
17665
19751
17238
16438
14084
16916
19221
21216
18654
18970
16592
21585
18602
19160
20773
21055
21211
22172
24355
24423
20248
24306
21236
19430
18368
17227
18110
20327
17377
16327
17347
17336
16640
17464
16792
16054
15722
17202
15829
17558
20577
14660
14000
13894
14850
13214
13797
12451
12763
12620
13414
14235
13798
13972
13666
12903
14908
15358
16202
16065
16509
14232
13109
13330
14663
14561
16514
15679
15422
14856
16315
17004
17150
14704
15971
14860
15184
16277
17790
16467
16779
18990
21160
20083
19914
24191
21808
23134
21798
16099
16807
16463
20199
20973
18205
17381
17519
19854
19517
19039
17912
16733
16729
13678
13882
14424
14640
15326
17156
17714
15484
15761
14807
14878
17436
17044
15904
16449
18169
14485
13383
13409
13120
13094
13541
14830
14545
16719
17426
17090
16486
14118
13786
13777
15397
16493
15699
16834
15233
16397
16989
20311
20680
19373
20062
18610
17055
15869
15008
14684
16129
19065
21611
22950
24897
21392
20608
23781
24898
19339
16438
17145
16184
17286
17567
17740
15155
14825
15037
15907
15434
18535
19654
17745
13859
13115
13703
13365
12706
13244
14455
17273
18886
17810
17665
16369
14088
14383
13854
13863
16581
17561
16912
18709
18606
15514
13186
13685
14023
13683
12913
12824
13456
14894
16332
15416
14776
15323
17748
16515
13942
14877
16365
17141
17180
15470
15513
16119
17021
16633
15023
13705
14035
13087
14129
15505
14897
13615
13933
16578
16501
14780
14568
15949
14303
14275
15423
14238
16034
16650
16527
15876
13749
16322
14792
14005
12994
12826
13376
16418
15552
14785
16058
15482
15868
14216
13158
13252
15399
17080
14622
13578
13610
13307
13142
12898
12849
13422
13484
16779
18452
17453
15327
14616
15983
14762
17385
15526
17090
15736
14828
15049
18544
17353
18291
15876
13950
13721
16367
15862
13357
12915
14430
15242
15829
13420
14352
16344
16963
14981
13736
14896
16080
14572
14167
14603
14955
12964
13904
14492
15979
17527
18545
19414
17433
17266
15895
16467
24767
20082
19706
16380
18790
19708
17444
15718
17041
19563
15954
13849
15772
19218
15995
17963
13574
12900
12895
14057
13698
13570
13197
13156
12410
13224
13195
13821
18220
18356
16694
16830
16391
17178
17817
15017
15928
15857
15991
16974
14502
14407
13775
16003
17046
17248
18515
17353
15804
15785
15584
16920
17685
15167
15575
15297
16983
16831
16952
18719
15121
16194
17851
18073
16347
17541
17608
16867
17435
16826
16656
15013
14383
12782
13354
15016
15068
14251
14536
15782
15256
15181
16599
16296
15277
13121
13920
15229
14081
12506
15051
15249
15465
15284
15635
16802
17576
15916
16644
16566
15297
14754
16384
14808
13297
15306
16454
15400
16047
17225
15443
14778
14488
15643
20082
20624
22205
19050
18712
20089
22474
17714
22820
18951
15965
14681
17604
16917
15750
19877
24154
20464
17602
16427
20204
19005
18556
18754
17470
19993
16457
13864
15010
14665
14188
15046
15371
19207
19612
21084
18814
20382
22856
20422
21375
24246
22701
21783
21840
18917
17759
20802
18839
19284
19058
19250
16239
14735
18168
17917
17007
18496
19812
19631
17960
18050
17290
15690
17585
18807
15746
14908
17454
17160
17670
17589
17294
18661
21728
23790
19865
25141
22434
22162
22632
21537
17748
20951
22202
23111
21357
24398
21090
16804
17140
16666
13960
14538
14504
16385
18681
17442
14325
13707
16146
15833
14776
15694
12651
13480
12728
12939
13807
14610
16205
14837
15567
17171
14521
15887
14092
14408
14537
15549
13813
14784
15408
15916
15791
16954
16312
16633
17226
18523
16219
13699
13679
13025
13991
15524
14020
16841
15423
14013
13124
12905
14131
16379
17089
18167
18769
18246
17889
17893
16766
14792
15712
14170
15323
15828
15818
16253
13743
14873
14574
14578
14356
16348
15604
15018
13996
14694
16452
16907
15575
17312
16592
16296
17597
17678
14487
13505
14835
16873
17026
16113
15146
15605
18138
17588
19163
16301
14661
16885
18056
16352
20077
19920
19037
18091
16429
16585
17451
15225
18974
18635
25716
23949
18847
22567
22970
22172
16547
15302
13156
14391
14166
14938
13897
13642
13525
15150
15047
14560
14421
15542
16024
18045
17824
16992
17705
17688
18251
17668
18341
20628
18173
17427
17453
16649
16958
19108
17272
16207
17733
16672
17815
16887
23416
16486
20243
16610
14989
18538
14910
14543
15511
19156
19426
19952
21733
20265
17779
20275
19811
21065
26324
23466
18794
17063
14349
14019
13615
13910
13489
12909
12873
15442
15267
14228
14563
16466
15992
15747
15033
15442
16173
16277
18685
22194
22008
24565
19650
16238
17380
19885
17073
16708
15453
13683
14570
16360
15408
14359
14505
13915
17133
15291
13004
13181
14925
15269
15051
15392
13804
13412
15860
20142
21927
20500
20815
19815
16793
18178
17792
14473
17170
18886
19271
18188
16130
14088
16144
19751
21257
22936
20241
19297
18603
22654
18426
22425
21182
20923
17301
15698
15155
15116
19060
19039
18317
21184
20043
14625
13624
14855
14413
17132
16882
17921
20618
23322
19780
15813
18533
18485
21097
18910
19256
18174
16038
18110
15448
16221
16456
21251
19876
15153
18093
21141
19874
18632
14668
13716
15640
17034
17181
17358
16477
16582
15961
14453
17864
16349
15556
15743
15389
16906
17948
16756
16421
16055
16610
17329
15538
13708
12587
13787
15617
18075
15189
12874
13647
14032
15963
14253
13836
14531
15552
15374
14905
16769
18001
17670
17684
19152
17458
18295
19125
19128
15926
15807
14494
15343
15339
15040
15430
13019
13109
12934
12986
13047
14675
15799
16207
16641
16877
16241
15800
17503
18910
19079
18461
16915
19010
18000
16512
18940
16387
18355
21654
18828
18831
15603
15463
19897
20786
18965
26574
26134
17010
17535
15249
16255
18266
16916
15355
13370
13482
13409
14142
15372
16050
16179
17820
16410
16864
17872
15839
15786
14559
14791
14112
14442
15165
17055
14248
13337
13006
14433
16848
22395
21711
21000
19471
20133
18540
16599
17008
15633
13808
16321
17357
16180
16255
14657
17343
16458
17578
18044
17495
17863
20745
18519
17940
18786
20907
21305
19254
19032
18015
20517
21420
17439
16941
15591
13157
13886
17032
17464
16936
19280
17699
19425
15919
17571
18500
23032
21053
16070
18778
16617
15539
18662
18873
23319
17521
20629
20608
19633
23003
25186
25513
24805
22559
22452
25772
25175
25389
20344
16875
19133
16509
19479
19662
18206
17118
14262
16186
19502
20514
19463
18782
18295
16716
14849
17873
16778
17524
17265
17312
16966
16774
16647
19016
19191
17212
17378
16989
16943
19136
15970
21789
19483
18567
20682
16209
14774
15272
13689
13002
12866
13758
14689
15963
16666
15812
15526
17113
16806
14037
13962
14453
16128
19386
22395
24140
25147
18340
19795
18004
19837
17244
21797
24558
21009
18436
14288
15616
16714
17204
18451
21071
16882
15724
16685
16583
17008
18772
19209
16739
18573
20526
22426
17411
19602
23432
21592
21982
22112
19014
15886
16630
14674
15414
17493
19442
17260
19129
18950
18663
16158
18639
19124
19489
20903
19001
19970
20087
22196
18813
20146
19370
19949
22055
26245
26633
22422
17364
16082
17285
21034
18963
19812
20033
18248
17591
18951
16236
22278
19164
20003
18367
15219
14573
14045
13407
13629
14685
17496
15312
15000
16556
15257
17895
18803
19455
18436
18392
13998
13555
14528
14668
14761
15088
17554
23594
23168
20414
21810
14888
15442
20885
16216
17365
20266
25305
22186
22738
26245
24434
24085
24263
24028
23057
22213
22505
20295
22803
22045
19366
19718
17754
15713
14722
16543
15777
15398
17892
14064
14978
13522
15071
17271
17991
18007
17039
14034
13867
13339
15410
16003
16710
14020
13636
15267
16845
16857
16022
17262
18427
19576
21071
18876
18799
21168
24625
22546
24723
21498
18073
18981
17984
20103
22204
16031
18300
18002
19488
20063
18396
20156
19179
22229
23374
19396
20199
23497
19647
17833
15323
16754
18777
19487
17279
15387
15093
13854
14421
16559
14831
15294
14926
14799
16620
16609
17277
15132
15992
16380
20077
18202
15045
15060
14760
16650
15223
15371
15739
16198
16411
20209
22858
21944
19982
24508
24122
23478
16028
22890
22775
18598
14915
13385
14126
14653
16998
17252
17213
16836
16310
17373
17488
16825
15302
15156
14092
13570
13925
17210
15700
14211
14903
15443
13871
14216
14948
13310
13429
13621
13100
14297
15794
15082
13924
16004
18085
18488
18437
18430
16069
17170
16285
16615
17483
16465
16644
19635
18178
18481
19415
20456
21580
22154
19863
23365
21862
19604
18391
21905
19489
19557
20847
21671
21945
23364
23074
17621
18520
19570
19818
22639
18152
18077
17381
16543
18448
18375
17879
19303
18517
17507
18938
19667
16870
17130
16107
15084
16881
16437
13374
15624
17413
17547
16363
17146
17637
18926
17824
16288
16570
16915
17773
17835
17955
18002
14062
13531
12813
12785
14662
15489
15279
13227
12563
12936
12932
13071
13719
13132
12115
13057
12804
13713
16170
15692
15382
14914
15740
15200
15637
16382
13886
13105
12354
13361
12955
12655
12919
12659
13164
14588
14278
14331
15003
17336
16922
16725
18379
19391
19558
18225
14634
16380
13863
13983
15213
16721
15082
16052
19948
21379
16318
19306
16839
22278
22298
16243
14806
13488
13131
13812
15604
16576
15359
17849
19222
15986
15801
15785
16162
14317
13197
13374
12398
13525
15921
13954
13703
13504
15445
18210
17455
17323
16827
16636
18778
17483
16874
16547
17309
16269
17895
16813
15461
18275
20894
17821
16562
18185
22294
20094
18425
18519
20465
22126
20970
20825
23042
20095
16813
15942
15692
15592
13872
14700
14301
15099
17346
18487
20791
19383
20859
21228
21499
20501
19866
17772
20696
23060
23338
21860
22408
24254
27666
21990
16125
18109
18252
17610
18550
18250
20367
18654
17552
18100
15711
14926
14855
16689
17012
21328
22494
21707
19551
18774
20269
15801
15060
16611
15655
16573
18332
18318
16749
14676
16643
15807
17740
18040
18722
17002
18184
18331
19964
20006
22436
21772
20124
20902
20767
22451
18398
19298
19395
25822
24069
18401
19085
23517
21032
19300
18670
19776
19100
16210
20378
22354
22269
20513
19378
20136
16538
16200
16593
15681
17432
19380
18744
20767
26401
26575
22891
24612
21274
17880
18034
20017
20612
23089
21844
19008
19363
21524
22451
19502
19398
20681
19581
19486
20041
21161
19852
19267
18123
22489
23756
23128
24354
21402
19878
21830
21638
18877
16924
17665
19264
20032
20903
25209
20790
15132
14634
14162
14722
13856
14908
17941
21861
24960
22688
20715
22497
18667
17724
18546
19095
20226
14200
18176
19081
19144
17409
22768
18081
19016
22784
26460
22938
22525
25748
24284
21993
22087
23864
21189
22111
24772
22138
21142
20090
19311
18208
17058
17816
19470
21254
24955
23234
19600
21737
22546
18783
20656
20506
21708
20546
23232
23568
22589
21155
23671
23822
24997
20156
21227
21333
23390
25417
18657
15321
15211
17762
18569
20564
18541
18524
17442
19670
19938
18973
19483
19291
19031
15723
14870
15342
21235
24034
25645
24803
24193
24225
24110
24543
4714
14235
18332
14964
16883
16670
18308
18662
17679
18765
18196
19081
19546
17144
19312
18358
18854
17432
16615
16747
15029
13666
13278
14284
17312
14714
13870
16529
18296
19749
18977
14783
14850
14112
15956
14603
13882
18024
20245
20510
20829
19497
16885
15938
15924
16916
19321
19783
17407
13981
17388
18676
16815
13789
13159
12962
13456
13370
14927
16013
13211
14597
17096
17374
19266
19694
21322
20955
22220
20367
19634
16759
14954
15792
16516
17672
15994
16256
17004
15331
16101
17506
19445
19003
19259
18247
17948
18088
20577
20581
21010
23134
24304
22574
20611
22833
23594
21296
17514
20523
19609
19530
21766
21011
23016
20245
22521
22063
23358
22292
19881
17747
18491
15729
16937
22206
21340
20172
20417
24518
27179
25786
26823
26803
25334
22849
20301
24959
24515
21245
24767
24427
22402
23285
25634
26640
24573
17416
20285
22341
20650
18932
23110
21660
21827
22020
25820
21258
23683
25122
19852
25618
23821
24607
24391
26026
25111
24648
19610
20094
24387
24300
21355
20442
21783
19571
23383
23719
21385
24323
24261
22399
20840
21597
18605
21768
23230
23409
21676
20211
18947
21767
21504
26629
25112
25954
20727
22421
24290
25217
23733
23718
24194
23563
22154
23920
16758
15312
13881
15024
13620
13261
12967
13040
12808
13652
14713
14494
14547
16858
14805
17312
20141
18765
19483
18769
20351
18526
18697
19448
18513
24522
22629
17870
15029
15142
17032
16019
19543
16225
16993
17358
15612
16569
17629
18761
18653
18402
16941
15428
15733
17295
18197
15870
14642
14585
14688
14785
18565
15404
13794
13893
14186
14948
15797
16910
21519
20140
17609
16147
16678
17715
16602
18037
20593
22205
16844
20140
18670
16867
15683
16906
17424
16379
15605
17363
22480
17714
20046
19256
16222
17513
16010
15447
16048
14377
14844
14098
14120
13959
14757
14367
13691
13374
13812
13755
14056
14016
14125
14145
13639
15042
15459
14869
13390
16009
18321
16793
18059
17644
15758
15421
18454
17132
17535
16579
16803
15435
15453
16841
19746
18508
14560
16728
16483
14366
13289
13849
17706
19412
16574
16435
17778
17890
18433
18220
17060
15409
15824
16735
15728
15167
14919
14901
14935
14769
16144
19220
17163
23814
15800
