5570
4212
3123
3331
3936
3702
3605
2954
2396
3388
2662
3279
2941
3198
3208
3090
3292
3110
3449
3462
3476
2808
3297
2968
2091
2459
3126
2481
2732
2861
2576
2150
2664
2641
2915
2801
2292
2031
1443
1640
2277
2429
2826
2884
2410
1579
1791
1822
1844
1587
1940
2503
2132
1870
2077
1441
1829
1900
1395
1745
1456
1462
1281
1344
1566
1599
1515
1942
1491
1405
1560
1678
1422
1528
1968
1658
1880
1560
1802
1707
2341
2133
2120
1899
1474
1568
1396
1449
1838
1533
1302
1412
1343
1502
2726
2551
1849
1962
2522
1967
1997
1847
2164
1617
1720
2425
3215
3138
1632
2725
3136
3684
1769
1716
1766
2298
3068
1866
1426
1754
2102
1640
2297
1808
1723
1494
1794
1482
1916
1749
1782
1626
1641
2035
2315
2239
1887
1984
2019
1912
1652
1579
1442
1334
1412
1351
1351
1523
1539
1437
1367
1491
1694
1489
1646
2566
2784
2678
2599
2638
1984
2020
1773
1854
2236
2406
2058
2246
1584
1656
1804
1816
1524
2281
1692
1954
2130
3188
2171
3497
2570
2466
2481
2235
2436
1889
2529
2144
2374
2137
2676
3138
2753
2630
3138
2561
1883
2023
1969
2601
2946
3525
2970
1932
1446
1634
2157
1616
1568
1682
2671
1545
2332
2464
3166
3044
3150
2226
2377
2219
1930
2525
2162
1798
1479
1928
2360
2456
2322
1645
1508
2521
2585
2261
2337
2203
2700
2116
1681
1455
1526
1709
2233
2375
1559
1400
1586
1500
2252
2832
2245
1687
2040
2575
1891
1409
1892
2135
2705
2646
1857
2373
2926
1913
1429
1571
1439
1641
1689
1468
1461
1530
1537
3074
2464
2504
2875
2296
2367
2446
2844
2289
1801
1598
2463
2491
1952
1774
2621
2372
2406
2479
2265
1547
1860
2014
2317
3108
2577
1607
1588
1661
1553
2189
3080
2295
2372
2949
1916
2204
2300
1568
1423
1521
1519
1577
1491
1777
1711
1376
1428
1598
1599
2144
1956
1384
1356
1688
1785
2002
1897
1736
1488
1566
1601
1569
1413
1734
1806
2165
2200
2383
2043
2122
2270
2167
1810
1816
1904
1615
1365
1512
1775
1415
1252
1308
1539
1464
1366
1712
1871
1769
1458
1343
1335
1846
1890
2173
1392
1909
2201
2392
2762
2260
1605
2240
2044
2532
1731
1686
1497
1591
1527
1497
1657
2255
2115
1929
3112
2887
1600
1922
2212
1994
2073
1424
1763
2162
1651
2368
3047
3180
2618
3062
2766
2710
3370
4066
1627
1892
1972
2047
2018
1718
1577
2046
2874
2755
2836
2644
3111
2555
2261
1883
1767
1551
1552
1698
1551
1564
1984
1741
1492
1877
1482
1512
1567
1752
2694
2249
1383
1442
1522
2063
2215
1780
1803
1848
2457
1927
2226
2285
2178
3183
3359
3528
2732
2225
3332
2647
2050
2062
2047
2592
2404
1754
1786
1969
1890
1702
2005
2065
1769
1577
2052
1616
2705
2322
1587
1751
1745
1682
1711
1445
1398
1408
1585
1473
1568
1533
1454
1383
1362
1385
1596
1554
1667
2077
1407
1413
1478
1571
1646
1806
1764
1732
1423
1536
1855
2101
1573
1548
1580
1433
1645
2063
1702
1835
2262
2082
2226
2619
2565
2657
3318
2826
1669
1457
1674
2067
1907
1866
2146
1771
2340
1560
1703
2324
2085
1562
1352
1484
1439
1621
1741
1884
2059
1617
1802
1696
1616
2000
1729
1635
1590
1771
1407
1425
1349
1417
1445
1409
1571
1395
2262
2090
2010
1852
1457
1575
1457
1978
1945
1684
2096
1746
1952
2198
3220
2824
2924
2519
2073
1917
1768
1760
1657
2007
2406
3768
3669
3648
2907
2511
3501
3573
2098
1710
1875
1505
1942
2089
2174
1547
1454
1737
1735
1662
2324
2612
1949
1466
1502
1586
1377
1420
1409
1486
2001
2281
2885
2223
2096
1467
1444
1347
1449
2109
1830
2017
2037
2564
1550
1357
1420
1523
1480
1266
1417
1419
1527
2031
1380
1546
1579
2056
1626
1426
1447
1615
2504
1931
1891
1444
1848
2013
2082
1636
1454
1341
1351
1467
1707
1528
1344
1385
2006
1724
1378
1473
1804
1403
1373
1545
1480
1595
1963
2000
1916
1442
2231
1634
1324
1326
1405
1393
1906
1731
1469
1655
1625
1674
1384
1508
1533
1853
2085
1554
1336
1536
1314
1366
1406
1356
1456
1504
1880
2485
1965
1529
1458
1722
1629
1899
1682
1883
1645
1408
1984
2068
1985
2163
1662
1601
1533
1841
1733
1394
1549
1694
2053
1762
1573
1413
2056
2209
1587
1456
1635
2001
1607
1740
1824
1905
1628
1715
1802
2146
2691
2975
2904
2725
3374
2313
2657
4515
2990
2682
2117
2166
2457
1991
1682
1862
2708
1996
1500
1719
2645
1725
2477
1503
1648
1528
1547
1623
1523
1575
1586
1630
1469
1470
1512
2429
2539
1770
1689
1841
2181
2030
1653
1786
1416
1632
2303
1376
1621
1445
1596
1973
2066
2250
2050
1614
1559
1593
1817
1870
1410
1413
1753
1812
1679
1781
2595
2274
2387
2142
1853
2056
1851
2330
2091
2380
2048
1885
1574
1569
1369
1463
1414
1645
1501
1542
1711
1664
1691
1835
1633
1857
1391
1477
1507
1463
1339
1595
1697
1657
1356
1631
1688
2020
1443
1690
1743
1628
1387
1780
1300
1344
1610
1792
1772
1743
2057
1699
1421
1406
1932
2114
2662
2794
1800
1715
2790
2511
3366
2732
1956
1557
1322
2104
1816
1595
2153
2677
2287
1719
1470
2016
2109
2192
2171
1976
2407
1542
1470
1775
1628
1650
1805
2098
2362
2158
2116
2331
2929
3071
2365
2984
3600
3451
3754
4036
3018
2604
3107
2334
2429
2305
2928
1886
1922
2776
2232
1996
2453
2511
2683
2547
2757
2101
1885
2238
2651
1799
1685
2350
1863
3025
3444
2977
2031
3051
3608
2474
3307
3072
2868
2877
2758
2085
2087
1681
2702
3196
3080
2277
1908
1772
1771
1419
1543
1603
1494
2038
1990
1439
1506
1795
1513
1442
1766
1422
1513
1516
1311
1349
1571
1856
1456
1709
2352
1575
1768
1347
1396
1626
1674
1305
1571
1653
1655
1544
1591
1458
2050
2000
2386
1671
1364
1396
1396
1391
1543
1395
1882
1785
1482
1278
1420
1490
2009
2074
2474
2476
2133
2030
2546
1758
1519
1765
1347
1683
1727
1672
1846
1322
1752
1543
1466
1483
1728
1493
1686
1568
1617
1774
1884
1688
2132
1948
1990
2196
2328
1456
1394
1624
1963
2100
1496
1531
1672
2212
2377
2982
2035
1768
2229
2350
2022
2893
2692
2482
2557
2575
2261
2241
1940
2937
2758
5141
4915
2686
3754
4614
4345
1839
1671
1541
1603
1566
1721
1620
1636
1609
1855
1625
1528
1641
1973
1967
2137
2428
1906
2133
2248
2678
2134
2163
2190
1825
2188
1810
1680
1984
2147
1972
1880
2069
1908
1736
1972
3112
1561
2738
1674
1562
2124
1653
1591
1762
2669
2487
2878
3081
2570
1835
2683
2701
3763
3982
3921
2459
2232
1534
1540
1453
1612
1535
1334
1416
1530
1638
1317
1417
1645
1775
1829
1467
1548
1806
1800
2850
3462
3488
3867
2732
1830
2003
2612
1917
2028
1526
1432
1571
1828
1593
1446
1386
1501
1808
1582
1256
1281
1561
1636
1498
1620
1513
1387
1475
2218
2952
2916
2196
2170
1762
2159
2079
1522
2150
2832
2941
1946
1874
1762
1874
3266
2883
3055
3180
2960
2328
3455
3146
4192
3794
3833
2884
2492
2467
2170
2959
2818
2466
3003
3184
1927
1843
1972
1894
2541
2248
2407
2194
3236
2597
1848
2343
2295
2432
2579
2417
2563
1578
2037
1534
1625
1651
2864
2755
1649
2002
2856
3199
2099
1524
1431
1867
2106
2120
2071
1893
1741
1883
1488
2090
1668
1531
1627
1630
2047
2279
1942
1884
1691
1670
2280
1633
1512
1343
1390
1708
2377
1790
1399
1345
1351
1663
1493
1467
1611
1504
1488
1576
1893
2331
1789
1804
2183
2288
2404
2221
2408
1630
1675
1576
1601
1560
1615
1609
1291
1368
1419
1355
1484
1646
1857
1643
1851
1940
1862
1643
1907
2565
2318
2184
1845
2084
1734
1709
2110
1456
1931
2300
1979
1812
1524
1581
2109
2493
3277
3483
4483
1794
1958
1776
1879
2420
1654
1795
1542
1551
1348
1452
1694
2084
2172
2318
1723
1590
2204
1657
1787
1567
1729
1436
1487
1632
1923
1525
1409
1437
1487
1960
2762
2449
2929
2645
2391
2204
1765
2161
1728
1536
1863
2133
1659
1750
1513
2129
1661
2290
1891
2402
2008
2660
2299
2133
2495
2692
2336
2707
2793
2801
2431
2351
1775
1698
1491
1445
1467
2121
1806
1674
2324
2022
2159
1859
2448
2572
2627
2299
1426
1660
1602
1552
1824
2329
2816
2147
2815
3210
2689
2834
3594
4204
3858
3503
3755
4399
4210
4729
3299
2579
3103
2100
2718
2792
2853
2406
1689
1908
2928
3415
3278
2731
2751
2354
1688
2644
2375
2104
2079
1988
2251
2431
2434
2610
2738
2046
2197
2133
2258
2700
1913
2850
2166
1988
2223
1733
1423
1558
1589
1451
1436
1336
1434
1650
1850
1743
1834
1931
1994
1446
1442
1580
2090
3101
2673
2597
2969
2502
2787
2233
2013
1699
2448
2319
2431
2063
1488
1547
1570
1806
1716
2663
1897
1489
1743
1537
2013
2499
2282
1732
2067
2622
2816
1969
2518
3183
2828
3096
2808
1756
1498
1949
1563
1519
1877
2141
1711
2452
2280
2218
1655
2537
2245
2689
2794
1999
3066
2431
3571
2456
2556
2489
3165
2756
4494
3423
3259
1854
1800
1710
2352
2701
1845
2110
1816
1887
1562
1747
2449
2432
1857
1973
1329
1456
1497
1462
1404
1524
1766
1314
1274
1651
1847
2331
2413
2203
1906
1961
1285
1411
1752
1602
1479
1495
1959
2456
2522
3010
3406
1538
1573
2649
1696
1960
2596
3540
3395
3301
4167
4032
3913
3802
3654
3761
2960
2467
2165
2667
2423
2542
1973
1605
1565
1413
1819
1576
1405
1883
1381
1833
1302
1458
1637
1935
2021
1812
1402
1593
1535
1623
1672
1983
1492
1610
1488
2214
2052
1478
1888
2285
1848
2414
1844
2133
2346
2908
3219
2796
2429
2196
2310
2054
2587
2732
1696
2230
2641
2525
2172
2152
2755
2802
2753
3001
2621
2247
3737
2973
2202
2048
1884
2790
2052
2125
1715
1723
1470
1557
2081
1625
1935
1604
1803
2050
2026
2076
1478
1813
1839
2717
2748
1635
1696
1522
2105
1616
1492
1752
1720
1792
2334
3527
3076
2811
2699
3205
2973
1601
3327
3233
2093
1614
1288
1334
1553
1837
2153
1876
2013
1692
1870
2158
1791
1587
1662
1277
1446
1476
1957
1692
1478
1540
1665
1596
1383
1580
1335
1486
1500
1364
1446
1657
1422
1411
1674
2227
2210
2647
2445
1678
1973
1809
1967
1985
1881
1580
2473
2153
2141
2053
2234
3247
3189
3226
2736
2587
2456
2601
3079
2820
1997
3526
3661
3879
3667
3562
2035
2464
2883
3096
3226
2746
2917
2352
2373
2339
2599
2182
2550
2676
2069
2483
2442
1912
2106
1744
1580
1964
2008
1588
1711
1901
2478
1939
1805
1864
2602
2095
1710
1935
1760
2459
1783
2415
2061
1443
1465
1396
1349
1559
1688
1431
1481
1339
1472
1343
1357
1612
1415
1302
1453
1521
1658
2036
1815
1659
1706
1775
1542
1795
1710
1432
1452
1330
1529
1547
1537
1509
1413
1504
1668
1537
1678
1555
2430
1886
1680
2364
2800
2846
2348
1675
1970
1734
1690
2019
2265
1921
2032
3220
3871
1993
2972
1855
3105
2651
1601
1488
1422
1375
1653
1710
2434
1635
2322
2969
2107
1849
1535
1945
1372
1302
1404
1355
1420
1822
1280
1502
1633
1534
2687
1991
2082
1968
1902
2540
1905
2164
1967
1923
1748
1960
1702
1861
2679
2660
1674
1790
1932
2485
2165
2093
1879
2961
3046
2875
2324
2953
2155
1639
1590
2005
1483
1492
1559
1666
1526
1814
2488
3063
2551
2935
2369
2808
2530
2300
2016
2837
3153
3378
3565
3817
3664
4528
2570
1760
2371
2396
2244
3046
2658
2678
2506
2219
2606
1896
1614
1813
1743
1771
2817
3534
2658
2619
2632
2512
1540
1437
1822
1692
2193
2157
2459
1749
1518
2133
1854
2009
2128
2777
2403
2105
2291
2570
2590
3206
2727
2363
2396
2325
2319
2078
2411
2066
2814
3349
2221
2230
2839
2413
2429
2130
2661
2077
1535
2072
2660
3197
2822
2212
2959
1992
1865
2390
1991
2177
2801
2785
3122
5423
5016
4238
4486
2716
2322
2369
2698
2909
3510
3175
2306
2930
3520
3016
2492
3107
2947
2112
2997
2636
2868
2558
2414
1933
3009
3909
3840
4386
3021
2237
2621
2551
2013
1705
2197
2507
2072
2525
3129
2953
1662
1653
1586
1611
1615
1544
1909
2783
3633
3318
3287
3512
2656
2419
2810
3058
3015
1691
2320
2653
2520
2201
3379
2031
2519
3903
4089
3546
4260
5060
5044
3970
3408
4236
3033
3097
4333
3628
3303
2565
2413
2412
2188
2182
2676
3031
3444
3301
2742
2552
3521
2431
2936
3057
1908
2741
3657
3487
3155
2481
3925
3840
3467
2943
2873
3286
3241
3326
2268
1430
1490
1819
1906
2713
3065
2610
2439
3006
2524
2531
2612
3205
2821
1823
1800
1902
2931
3298
3645
4281
4107
4270
4116
5033
894
1567
2790
1727
1980
2129
2378
2373
2478
2401
2720
2973
2620
1861
2659
2310
2616
1995
1947
1918
1760
1333
1430
1657
2373
1626
1401
1729
1975
1850
1657
1450
1535
1423
1422
1376
1395
1706
2382
2511
2330
2199
1545
1681
1824
1853
2578
2683
2192
1590
1804
2553
1959
1601
1616
1561
1651
1617
2004
1836
1651
1983
2104
2424
3399
3475
2231
2716
3272
2599
2537
1734
1477
1619
1699
1919
1652
1527
1979
1562
1631
1849
2509
2330
2145
2282
2241
1926
2143
2228
2913
3133
3073
3039
2885
3336
2619
2481
1516
2158
1955
2068
2908
2546
2886
2742
3015
3147
3366
3153
3316
2151
2796
1872
2026
2992
3085
2446
2606
4456
6069
5455
5267
5200
4660
4125
3140
4758
4293
4044
4019
4240
3404
3931
4520
4702
4145
2180
2294
3054
2367
2318
3606
3159
2920
3795
4251
3318
3669
3491
1970
4379
3993
4269
4440
4710
4823
3610
2903
3517
4214
4037
3921
2919
3610
2818
3545
3863
2794
2736
3213
3089
2646
2520
2527
3300
2907
3193
2944
2643
2163
2534
3231
3426
4213
3980
2884
3871
3727
3825
3200
3843
3980
3338
2947
3542
1821
1753
1732
1756
1564
1609
1653
1584
1610
1728
1595
1705
1504
1949
1776
2656
2838
2871
2617
2239
2884
2989
2129
2645
2264
4033
3542
2759
1884
1992
2105
2041
3103
1798
1965
2187
1575
2000
2246
1764
2768
2714
1929
1646
2109
2635
2648
1643
1471
1754
1655
1770
1958
2125
2082
1756
1664
1623
1365
1680
2652
2907
2432
1478
1673
2583
1549
2331
2874
3803
2090
2826
2567
1719
1544
1525
1818
1385
1305
1996
1955
2091
3302
2263
1876
2195
1675
1619
1789
1362
1497
1503
1346
1510
1415
1469
1420
1531
1470
1442
1374
1675
1486
1407
1410
1585
1892
1522
1260
1818
2446
2040
1973
2128
1320
1542
2123
1723
1741
1499
1588
1660
1361
2242
3064
2422
1389
1952
1917
1564
1437
1422
1984
2586
1870
1775
2010
2282
2500
2380
2068
1610
1773
2036
2438
1833
1724
1769
1685
1669
1504
2209
1991
4537
1964
