10788
6928
3681
4059
5752
5131
4803
3408
2305
4217
3193
4161
3339
4168
4200
3979
4050
4125
4701
5264
4522
3442
4624
4209
2021
2934
4244
2691
3536
3907
3346
2398
3346
3562
3825
3835
2793
2155
1166
1717
2343
2692
3926
3752
2601
1240
1668
1493
1850
1257
1830
2703
2189
1958
2350
1243
1857
1769
1028
1549
1170
1083
981
966
1265
1471
1382
1793
1121
1112
1257
1380
1033
1380
2015
1686
1945
1338
1604
1721
2474
2087
2344
1934
1168
1253
1125
1218
1820
1359
924
1046
1052
1113
3258
3272
1815
2146
3252
2101
1938
1977
2305
1303
1649
2605
4267
3980
1643
3343
4076
5002
1684
1485
1813
2660
4171
1912
1169
1511
2012
1574
2592
1699
1513
1342
1658
1203
1786
1819
1692
1395
1350
2095
2642
2661
2000
2294
1976
1803
1472
1376
1217
1074
1033
981
992
1246
1349
1200
1009
1082
1560
1164
1339
2952
3405
3388
2957
3213
1931
2001
1773
1953
2405
2891
2032
2175
1296
1240
1610
1638
1259
2300
1584
1791
2327
4066
2623
5460
2901
2840
2825
2090
2770
1565
2364
1907
2314
2167
3099
3651
2935
2953
4279
2918
1623
1800
1945
2879
3527
4644
3573
1744
1115
1244
2076
1354
1330
1589
3153
1102
2627
2820
4151
3669
4492
2489
2204
2191
1852
2921
2199
1611
1073
1693
2293
2818
2400
1246
1218
2911
3036
2251
2732
2313
3269
2127
1218
1227
1130
1413
2471
2477
1261
1059
1260
1136
2223
3141
2370
1648
2278
2993
1669
1158
1844
2194
3159
3016
1965
3221
3703
1905
1186
1192
1082
1355
1292
1056
1055
1304
1218
4135
2752
3050
3780
2534
2765
2604
3231
2416
1504
1280
2785
2764
2003
1619
3067
2616
2790
2819
2527
1177
1706
2347
2542
4155
2542
1136
1130
1272
1226
2701
3905
2845
2778
4338
1830
2229
2424
1358
1070
1159
1057
1114
1071
1348
1436
961
1096
1288
1372
2202
1698
1175
1163
1515
1581
1890
1949
1527
1132
1218
1435
1323
1128
1410
1705
2358
2398
2766
2042
2141
2435
2379
1837
1832
1748
1277
1101
1406
1612
1105
997
1005
1359
1168
1071
1490
2021
1587
1165
1075
968
1569
1843
2280
1022
1939
2456
2332
3141
2350
1374
2201
1982
2752
1566
1503
1220
1156
1162
1240
1283
2191
2161
2026
4290
3785
1295
1594
2227
1911
2108
1156
1624
2163
1353
2595
4604
4316
2884
3721
3249
3457
5893
6332
1225
1592
1683
1871
2020
1409
1219
1910
3684
3369
3304
3178
4296
3116
2448
1778
1508
1196
1328
1344
1219
1156
2130
1508
1129
1963
1234
1166
1280
1628
3324
2315
1030
1003
1403
2246
2461
2034
1737
1825
2761
2000
2411
2601
2691
4220
4733
5260
3943
2702
4461
3005
1956
1821
1915
3083
2563
1416
1390
1922
1827
1484
1669
1828
1432
1189
1890
1257
2751
2503
1241
1293
1375
1294
1351
1143
978
1064
1281
1186
1359
1291
1139
1005
963
1138
1463
1341
1400
1992
1004
1050
1068
1378
1302
1674
1432
1593
1065
1298
1731
2078
1206
1235
1217
1188
1397
2048
1614
1772
2437
2329
2425
3002
3594
3302
4686
3481
1463
1263
1487
2464
2035
1678
2288
1796
2921
1522
1710
2678
2223
1317
1011
1191
1177
1559
1560
1780
2159
1328
1798
1366
1212
1976
1695
1462
1429
1710
959
1106
1050
1129
1081
1108
1262
1092
2441
2025
1962
1820
1182
1132
1178
1756
1629
1556
2188
1391
1828
2329
4090
3601
3108
2798
1899
1554
1564
1484
1302
1884
2578
4956
5672
5542
3703
2796
5000
4869
1944
1479
1729
1174
2010
1984
2175
1168
1058
1434
1525
1273
2345
2943
2045
1111
1036
1343
1006
1058
1032
1239
2097
2417
3256
2396
1859
947
1173
1036
1242
2224
1728
1859
1976
2967
1242
1018
1048
1260
1045
921
1020
1054
1206
2026
1139
1236
1415
2218
1403
1220
1426
1452
2792
1969
1714
1217
1709
1992
2020
1290
1171
1006
978
1232
1647
1291
1031
999
2018
1507
1058
1302
1812
1056
1052
1411
1182
1466
1921
1940
1872
1127
2394
1318
1031
979
1026
1034
1763
1597
1278
1589
1554
1602
1077
1237
1160
1854
2090
1109
966
2054
1002
1147
933
1019
1023
1274
1831
2834
2046
1240
1107
1528
1174
1980
1484
1837
1420
1024
1870
2097
1974
2205
1479
1275
1241
1865
1673
1107
1210
1491
1873
1779
1105
1226
1799
2172
1186
1220
1308
2004
1436
1416
1492
1735
1338
1358
1517
1823
2901
3579
3392
3041
3415
2259
2740
7499
3519
3185
1812
2138
2890
2039
1416
1676
3083
1687
1245
1315
2982
1462
2749
1176
1184
1202
1235
1342
1205
1310
1257
1151
1183
1127
1064
2525
2901
1563
1483
1761
2292
1965
1484
1660
1195
1628
2379
1069
1455
985
1453
1837
2148
2218
1884
1336
1243
1342
1826
1773
1034
1212
1589
1794
1317
1636
2910
2179
2429
2562
1673
2165
1805
2618
2303
2390
1844
1769
1342
1229
982
1127
1200
1547
1130
1373
1448
1687
1541
1699
1426
1538
1142
1187
1344
1272
954
1212
1447
1507
1087
1314
1499
1971
1317
1557
1629
1414
1180
1640
1062
1018
1401
1934
1541
1589
2238
1424
1139
1139
1807
2501
3242
3425
1895
1448
3379
3577
5013
3409
1878
1236
966
2131
1623
1258
2220
3362
2560
1505
1174
2049
2182
2020
2050
1848
2545
1301
1050
1505
1147
1284
1413
1841
2338
1996
1958
2645
3372
3992
2457
3818
5813
4486
5041
5713
3751
2774
4548
2521
2676
2509
3520
1790
1530
3370
2347
1991
2846
2465
2888
2663
3147
1906
1883
2287
2863
1435
1229
2398
1757
3502
3967
3364
2341
3868
4680
3074
4501
4184
3895
3550
3435
2040
2186
1790
3920
3878
4170
2884
1817
1488
1516
1055
1201
1273
1184
2185
2031
1024
1123
1726
1432
1261
1550
949
1058
1057
992
1020
1343
1760
1192
1623
2539
1272
1522
1033
1074
1224
1290
955
1326
1336
1501
1351
1582
1298
2054
1986
2478
1415
953
1006
1074
1165
1301
1024
2005
1763
1177
901
1076
1118
2029
2037
2965
3000
2311
1943
2737
1539
1206
1587
1017
1510
1672
1420
1751
936
1425
1329
1276
1169
1558
1430
1530
1230
1316
1530
1819
1470
2130
1857
1795
2187
2582
1139
1077
1285
1823
2058
1187
1258
1516
2172
2520
3414
1783
1495
2126
2523
1786
3640
3106
2742
2519
2278
2359
2189
1618
3917
3308
9279
7682
2527
5128
6428
6008
1673
1504
1121
1271
1165
1613
1344
1234
1341
1619
1333
1300
1367
1919
1793
2145
2675
1749
2117
2491
3650
2095
2312
2650
1715
2427
1889
1344
2055
2233
1958
1523
2227
1690
1533
1858
4413
1327
3128
1642
1269
2298
1388
1327
1626
3523
2938
3416
3586
2470
1853
2897
2807
4705
5388
5136
2791
2365
1136
1312
1168
1385
1221
1068
1000
1223
1500
1006
1250
1429
1674
1561
1182
1408
1568
1816
3314
4200
4142
5104
3462
1650
2040
2970
1759
1959
1238
962
1112
1685
1391
1177
1100
1113
1962
1323
894
1113
1280
1467
1152
1367
1120
999
1262
2697
3844
3633
2195
2163
1525
1988
1940
1276
1906
3115
3316
1825
1627
1457
1618
4264
3782
4731
4156
3431
2322
5003
3830
6433
5589
5432
2873
2196
2153
1731
3069
3077
2558
3345
3815
1578
1476
1709
1521
2671
1929
2200
2058
4471
2894
1562
2366
2292
2578
3084
2488
2790
1357
2024
1101
1251
1237
3520
3410
1457
1864
3652
3955
2320
1169
1066
1747
2078
2209
2218
1943
1571
1653
1159
2297
1403
1274
1352
1546
1921
2762
1804
1745
1437
1356
2441
1498
1228
916
1065
1665
2468
1412
1034
1039
1059
1466
1150
1066
1338
1292
1266
1315
1861
2601
1721
2017
2427
2318
2582
2122
2735
1623
1474
1146
1377
1206
1313
1470
966
1036
1037
1040
1237
1426
1639
1386
1506
1737
1567
1610
1765
2732
2426
2078
1641
2104
1433
1460
2087
1254
1730
2483
1938
1631
1310
1338
2147
2930
3925
5891
9035
1594
1916
1542
1841
2822
1276
1426
1095
1220
998
1118
1361
1932
2070
2427
1583
1426
2407
1452
1644
1232
1476
1074
1194
1572
1744
1139
1089
1049
1114
1781
3698
3048
3495
3112
2873
2365
1551
2167
1400
1108
1858
2235
1389
1435
1089
2219
1472
2452
1730
2420
1967
3120
2586
2294
3026
3499
3162
3366
3493
3618
3158
2688
1841
1670
1303
1016
1097
2089
1722
1384
2575
1931
2357
1671
2665
2930
3026
2347
1209
1442
1199
1118
1479
2632
3521
2250
3309
4143
3165
3862
5605
6297
5861
4710
4844
6778
6406
8141
4276
2289
3489
1811
3164
3176
2883
2175
1432
1679
3545
3907
3659
2744
2946
2124
1269
2843
2599
2357
1962
1867
2207
2487
2532
2657
2771
2096
2352
2023
2071
3302
1829
4128
2181
2247
2501
1633
1102
1279
1325
1059
1156
1008
1152
1493
1740
1500
1598
2025
1897
1094
1133
1209
2019
3887
3310
3390
3919
2779
3467
2426
2132
1480
2844
2604
3039
2118
1298
1231
1418
1678
1535
3663
1732
1254
1589
1487
1986
3103
2357
1683
2185
3061
3773
1879
3086
4772
3830
4290
3615
1751
1183
1741
1191
1160
2006
2346
1402
2559
2308
2429
1490
3065
2325
3021
3151
1896
3466
2855
4843
2352
2863
2791
4136
3312
8013
5960
4131
1531
1586
1576
2922
3437
1778
2324
1698
2008
1413
1562
2991
2717
1914
1971
997
1310
1078
1106
1032
1228
1624
1074
911
1341
1844
2604
2703
2366
1843
1810
945
1076
1481
1247
1230
1210
2031
3035
3072
3845
4499
1374
1197
3040
1529
2044
3022
4914
4469
4637
6484
6482
6075
5638
5005
4748
3635
3045
2500
3514
2975
2913
2099
1399
1114
1194
1784
1235
1150
1960
1057
1688
1047
1085
1418
1900
2101
1548
1086
1328
1122
1428
1500
1825
1094
1189
1146
2294
1807
1247
1758
2471
1697
2696
1685
1963
2789
3617
4344
3549
2887
1971
2295
2262
2897
2993
1349
2353
2943
2724
2166
2225
3138
3475
3458
3832
2822
2207
5083
3553
2398
1881
1672
3201
1906
2141
1397
1464
1136
1228
2068
1328
1637
1249
1534
2023
1891
2053
1156
1654
1697
3203
3099
1366
1452
1168
2242
1358
1370
1604
1798
1539
2620
4992
3922
3232
3806
4432
4084
1277
4356
4100
2339
1319
946
900
1391
1581
2340
1845
2007
1304
1670
2523
1884
1341
1465
979
1037
1191
1845
1588
1014
1387
1484
1170
996
1390
1034
1134
1130
1019
1115
1556
1163
1027
1450
2328
2038
2873
2646
1359
1884
1543
1964
1739
1705
1463
2609
2139
2157
1997
2343
4255
3818
3835
3445
2626
2417
2455
3631
3143
1928
4513
4720
5265
4949
4585
1743
2350
3084
3539
4641
3675
3616
2464
2619
2776
3024
2318
2922
3383
2081
2638
2681
1781
2034
1437
1209
1954
1801
1140
1487
1657
2854
1881
1744
1843
2937
1999
1520
1774
1775
2785
1826
2662
2272
1047
1114
1362
1062
1354
1469
1218
1109
1006
1173
1036
1073
1214
1060
963
1082
1067
1276
1873
1629
1275
1441
1631
1280
1732
1630
1134
1112
962
1244
1203
1153
1165
1016
1201
1301
1302
1273
1214
2496
2021
1421
2720
3284
3709
2316
1378
1740
1365
1266
1622
2225
1661
1828
4064
5862
2021
3319
1574
4207
3371
1271
1132
1029
1038
1491
1380
2504
1522
2253
3626
2054
1794
1551
1857
950
1021
1208
995
1137
1709
1021
1136
1193
1154
3362
2255
2040
2032
1807
2889
1620
2084
2007
1863
1725
2279
1595
1671
3056
3222
1468
1849
1890
3095
2417
2372
1746
3551
4094
3274
2530
4062
2292
1283
1234
1909
1240
1133
1261
1310
1229
1726
2599
3764
2698
3515
2653
3276
2750
2223
1551
3343
4939
4326
5145
5803
5616
8680
3193
1604
2279
2399
2475
3882
3099
3348
2836
2017
3094
1872
1334
1544
1518
1491
3919
5091
3290
3038
3087
3050
1139
1198
1658
1484
2196
2284
2914
1672
1196
2273
1881
2149
1948
2988
2370
1844
2408
2948
3050
4312
3271
2651
3056
2716
2733
2124
2826
2314
3908
4824
2470
2601
3702
2788
2598
2215
3384
2020
1182
1943
3695
4358
3366
2200
3578
1699
1581
2294
1633
2032
3291
2933
3905
9958
9300
6442
6703
2903
2089
2067
2733
2988
4471
3500
1842
3358
4400
3681
2493
3507
3144
1934
3465
2902
3166
2730
2394
1693
3439
5344
5195
6896
4139
2413
3217
3050
1876
1393
2347
2689
2129
2999
3959
3671
1234
1274
1271
1338
1273
1278
1597
3349
5695
4191
3945
4580
3028
2343
2756
3328
3889
1308
2199
2455
2422
2097
4178
1787
2603
5167
6606
4509
6379
8869
8052
5484
4766
6031
3443
3766
6967
4913
3885
2872
2541
2506
1953
2135
3247
3891
5337
4702
3205
3200
5105
2738
3734
3796
2029
3457
4994
4984
4157
3105
5530
5624
5036
3574
3818
4256
4331
4969
2189
1121
1073
1801
1943
3477
3358
3172
2781
3448
3203
2746
2811
3849
3203
1583
1528
1468
3119
4209
4928
6576
6053
5910
6555
8230
1437
1157
2924
1407
2139
2045
2607
2557
2777
2498
3044
4165
3100
2160
2942
2529
2923
1812
1672
1815
1387
1004
1087
1376
2553
1413
1310
1687
2017
2021
1589
1016
1214
1033
1153
1057
986
1374
2651
3007
2575
2386
1234
1515
1573
1645
3027
2878
2041
1169
1750
3045
1733
1232
1174
1299
1263
1254
1699
1585
1315
1741
1947
2223
4624
4458
2598
3454
4772
2910
2930
1612
1179
1407
1437
1809
1381
1257
2010
1382
1307
1605
2665
2458
2146
2352
2647
1752
2449
2529
3692
4158
3920
4180
3773
4418
3216
2827
1223
2514
1830
1963
3613
3217
3858
3011
3347
3631
4225
3856
3968
1764
3062
1583
1879
3703
3866
2631
2827
6888
12696
9442
9108
8081
7124
5407
3493
7275
6413
5595
5799
6133
4745
5404
6741
7947
6187
2491
2440
3926
2460
2429
5089
4120
3828
4882
6206
4373
5027
5117
2065
6350
5988
6533
6211
7258
6919
5088
3283
4218
6272
5944
5310
3559
5323
3568
5659
5721
3593
3557
4383
3834
2745
2574
2550
4334
3729
4205
3601
2771
2158
2954
3831
4980
6259
5844
3424
5142
5416
5585
4239
5416
6137
4503
3804
4953
1996
1385
1521
1448
1189
1278
1321
1251
1206
1388
1351
1545
1296
2015
1384
2604
3241
3576
2832
2147
3262
3706
2006
3178
1994
6859
5728
3016
1471
1432
1752
1771
3425
1492
1696
1947
1233
1927
2355
1783
2763
2701
1787
1490
1576
2682
2834
1693
1109
1583
1325
1487
2071
1756
1451
1365
1232
1236
1098
1573
3383
3602
2631
1087
1381
2739
1377
2462
3332
4656
2145
3212
2688
1475
1248
1165
1584
1005
916
1745
2101
2012
3823
2548
1604
2242
1412
1151
1627
997
1217
1154
946
1040
1091
1102
992
1096
983
991
1130
1395
1001
1036
920
1300
1764
1149
891
1612
2465
1719
1951
1947
980
1172
2023
1413
1525
1233
1294
1281
989
2216
3549
2495
984
1741
1928
1067
1020
1048
1874
2867
1899
1448
1794
2320
2493
2318
2097
1163
1505
1972
1931
1452
1338
1467
1341
1297
1236
2312
1768
7072
1962
