12897
7769
4901
4468
6451
5963
5939
4178
2933
4884
4066
5099
4088
4734
5295
4465
4708
4871
5097
5818
4797
4090
5115
4799
2452
3291
4758
3315
3914
4271
3799
2762
3879
3999
4064
4246
2960
2791
1464
1853
2506
2954
4430
4272
3294
1572
1915
1764
2157
1505
2082
2914
2548
2137
2606
1508
2042
2126
1255
1754
1343
1235
1157
1169
1455
1705
1641
2008
1344
1243
1462
1647
1248
1539
2394
1734
2279
1487
1819
1958
2785
2365
2509
2276
1360
1428
1268
1432
2070
1635
1179
1320
1252
1376
3708
4008
2205
2577
3729
2356
2141
2338
2704
1579
1856
3128
4477
4493
2011
3853
4680
5483
2209
1814
2043
2923
4335
2129
1407
1809
2350
1866
2862
2067
1714
1525
2101
1392
2111
1990
2157
1738
1648
2317
2982
2954
2337
2748
2312
2065
1718
1553
1394
1217
1221
1134
1267
1382
1475
1312
1185
1338
1689
1318
1484
3338
4116
3855
3665
3790
2218
2536
2087
2250
2761
3238
2495
2422
1603
1430
1850
1926
1373
2461
1813
2070
2507
4681
3253
6859
3273
3343
3262
2558
3170
1695
2873
2214
2676
2411
3478
4133
3444
3395
4791
3487
1912
2153
2360
3240
4088
5750
4357
2118
1372
1504
2674
1589
1602
1835
3616
1302
2997
3176
4891
4543
5135
2813
2737
2620
2210
3248
2628
1818
1270
2037
2608
3132
2586
1504
1446
3373
3638
2606
3295
2726
3784
2643
1441
1323
1353
1568
2815
2732
1519
1162
1482
1318
2577
3329
2783
1767
2724
3525
1962
1351
2057
2484
3532
3754
2215
3433
4188
2218
1424
1324
1238
1760
1664
1330
1227
1422
1518
4496
3241
3583
4375
2987
3156
2908
3613
2908
1800
1477
3113
3252
2178
1937
3572
3075
3056
3282
3010
1399
1877
2798
3018
5150
3094
1376
1389
1581
1456
3064
4386
3640
3175
4552
2135
2519
2673
1638
1287
1365
1342
1276
1353
1566
1650
1138
1252
1551
1613
2489
1940
1334
1303
1786
1831
2228
2181
1848
1319
1383
1552
1499
1294
1723
1822
2634
2613
3060
2427
2437
2714
2633
2120
2158
2222
1501
1238
1477
1749
1280
1171
1129
1593
1406
1303
1652
2189
1965
1343
1305
1077
1825
2019
2672
1174
2061
2612
2793
3588
2689
1564
2509
2475
3056
1744
1633
1380
1442
1359
1479
1614
2447
2799
2556
4832
4698
1575
1929
2732
2215
2352
1315
1916
2548
1543
3203
4579
4686
3444
4406
4138
4270
7243
7546
1556
1873
1859
2226
2308
1589
1464
2256
4095
4037
3786
3687
5283
3810
2751
2142
1922
1380
1558
1712
1481
1310
2331
1756
1391
2222
1344
1353
1503
1921
3669
2465
1239
1250
1613
2446
3285
2352
1906
2053
3280
2402
2895
3038
3215
4486
5124
5689
4822
3043
5322
3520
2309
2194
2216
3272
3265
1833
1598
2310
2122
1806
2121
2027
1677
1418
2273
1543
3077
2853
1464
1421
1750
1578
1465
1398
1133
1177
1368
1396
1437
1475
1296
1206
1165
1399
1783
1578
1745
2217
1237
1146
1202
1763
1546
1974
1732
1727
1211
1578
2114
2285
1502
1425
1428
1198
1617
2527
1768
2091
2954
2812
2936
3438
4334
3849
5280
4267
1701
1502
1816
2767
2432
1876
2497
1943
3312
1827
2007
2979
2542
1490
1130
1367
1301
1679
1751
2125
2462
1584
1971
1666
1484
2228
1918
1616
1652
2031
1281
1210
1218
1299
1281
1355
1437
1247
2566
2426
2357
2009
1388
1508
1346
2207
2086
1743
2456
1735
2037
2577
4608
4285
3604
3279
2201
1825
1778
1748
1679
2124
3231
5876
6441
7123
4056
3306
5685
6402
2494
1692
2084
1420
2275
2257
2427
1348
1299
1594
1745
1337
2426
3234
2366
1323
1275
1468
1192
1273
1258
1439
2313
2631
3409
2572
2286
1273
1299
1197
1337
2430
1989
2183
2274
3213
1534
1168
1143
1495
1215
1186
1205
1283
1398
2224
1313
1492
1634
2583
1703
1333
1540
1610
2917
2355
1951
1388
1946
2143
2292
1539
1325
1179
1193
1279
1942
1430
1184
1144
2145
1722
1347
1411
1800
1266
1187
1621
1266
1536
2182
2215
2145
1204
2613
1530
1264
1136
1174
1220
2013
1679
1437
1670
1860
1739
1349
1494
1314
2009
2273
1281
1102
2133
1154
1303
1212
1189
1317
1423
1998
3128
2172
1523
1315
1707
1342
2301
1677
2142
1567
1168
2075
2517
2443
2596
1725
1533
1471
1977
1986
1252
1352
1660
2051
1955
1347
1300
2140
2410
1471
1280
1482
2302
1662
1630
1818
1947
1435
1596
1728
2213
3278
4096
3824
3537
3630
2628
3113
9300
4502
3835
2246
2567
3294
2315
1660
1884
3574
1993
1313
1568
3404
1741
3073
1470
1354
1376
1388
1455
1365
1416
1424
1423
1413
1224
1253
2851
3185
1786
1736
1925
2717
2288
1800
1712
1312
1820
2912
1221
1517
1164
1682
2057
2408
2560
2236
1596
1404
1500
2079
2031
1247
1388
1778
2104
1672
1805
3367
2591
2729
2809
2021
2270
2130
3092
2544
2718
2009
1959
1604
1481
1121
1313
1310
1638
1271
1502
1637
1850
1684
1947
1722
1744
1245
1312
1474
1404
1150
1429
1789
1809
1341
1500
1705
2297
1444
1759
1909
1661
1291
1952
1217
1189
1557
2183
1788
1793
2463
1703
1325
1373
2065
2720
3671
3882
2241
1847
3636
4020
4695
4146
2194
1485
1204
2275
1809
1546
2511
4336
3047
1904
1399
2428
2558
2475
2566
2155
2881
1472
1267
1749
1430
1397
1622
2130
2772
2631
2555
3249
3918
4601
3061
4526
6644
5599
5793
6655
4357
3169
4648
2911
3062
2778
4025
1968
1722
3640
2755
2268
3209
2887
3374
2986
3276
2167
1983
2529
3378
1726
1443
2557
1984
3683
4268
3632
2774
4431
5727
3755
5582
4666
4277
4128
3933
2297
2678
2161
4390
4339
5036
3267
2063
1727
1852
1223
1391
1527
1304
2595
2263
1275
1363
2026
1618
1283
1800
1178
1251
1235
1179
1201
1509
1952
1379
1744
2898
1372
1810
1307
1333
1435
1620
1182
1453
1658
1775
1489
1805
1617
2433
2234
2792
1726
1128
1187
1237
1296
1551
1198
2104
1976
1389
1074
1200
1227
2288
2357
3117
3221
2537
2213
2994
1985
1329
1901
1170
1753
1788
1588
2113
1059
1629
1544
1513
1347
1818
1632
1558
1393
1464
1875
1964
1842
2373
2190
1936
2548
2926
1424
1233
1458
2101
2344
1360
1485
1830
2502
2895
3638
2233
1785
2292
2805
2027
4451
3525
3210
2956
2711
2656
2707
1968
4391
4136
11759
8932
3166
6154
7268
6453
2014
1716
1346
1426
1351
1756
1566
1458
1516
1859
1528
1459
1554
1980
2041
2320
3032
2149
2443
2788
3816
2365
2567
3058
2096
2606
2024
1609
2311
2639
2105
1934
2454
1995
1748
2133
4792
1585
3643
1913
1608
2539
1584
1458
1918
3934
3651
3893
3985
2788
2053
3307
3023
5213
6560
5779
3141
2656
1349
1512
1337
1532
1465
1220
1140
1365
1648
1100
1449
1733
1791
1905
1477
1597
1837
1981
3710
4691
4897
5928
3927
1771
2265
3370
2047
2276
1411
1137
1319
1895
1704
1362
1220
1296
2149
1398
1056
1161
1431
1664
1302
1609
1486
1161
1395
2878
4618
4038
2937
2464
1744
2454
2325
1432
2188
3517
3651
2102
1998
1640
1973
4786
4298
5552
4739
4055
2727
6157
4240
7701
5946
6817
3431
2470
2410
2064
3752
3589
3125
4084
4476
1710
1603
1905
1664
2800
2371
2547
2489
5256
3235
1818
2670
2728
3190
3382
2763
3017
1512
2321
1404
1630
1508
3848
3633
1650
2145
4210
4372
2802
1465
1248
2025
2422
2486
2519
2128
2009
2155
1354
2642
1727
1482
1693
1713
2042
2835
2158
1757
1639
1505
2709
1680
1289
1013
1177
1867
2623
1755
1246
1173
1174
1764
1301
1208
1445
1413
1403
1502
2041
2905
1974
2195
2591
2695
3042
2366
3116
1760
1643
1389
1610
1414
1354
1506
1097
1271
1214
1199
1335
1542
1900
1657
1788
2002
1837
1801
1982
3120
2827
2441
1940
2471
1848
1704
2429
1463
2202
3038
2159
2080
1511
1565
2631
3529
4361
7547
10074
1877
2206
1775
1951
2923
1579
1660
1233
1438
1140
1242
1529
2183
2352
2727
1766
1634
2631
1676
1758
1392
1646
1330
1276
1686
2012
1292
1329
1228
1264
2077
4204
3758
4019
3522
3390
2652
1701
2521
1849
1245
2154
2520
1647
1727
1340
2573
1673
2709
2022
2710
2287
3736
3007
2531
3417
4109
3823
3718
3860
3831
3453
3180
2001
1823
1563
1220
1383
2375
1875
1745
3026
2125
2701
1799
2918
3484
3681
2985
1358
1830
1591
1475
1821
2897
4289
2538
3840
4702
3786
4626
6427
7041
6808
5388
5763
8747
8453
9687
4936
2779
4390
2134
3553
3827
3354
2660
1625
1917
3881
4510
4177
3012
3206
2390
1523
2990
2819
2638
2272
2072
2496
2862
2684
2940
3261
2371
2640
2289
2329
3547
2173
4513
2864
2597
3022
1869
1351
1539
1488
1180
1264
1085
1365
1717
1948
1690
1798
2270
2165
1264
1290
1364
2296
4103
4054
4225
4721
3064
3883
2652
2577
1734
3259
3548
3705
2560
1460
1448
1659
1978
1814
4100
2040
1479
1818
1709
2213
3454
2513
1877
2517
3553
4429
2170
3427
5182
4061
4521
4133
2133
1373
2024
1419
1346
2133
2883
1671
2897
2696
2765
1699
3340
2769
3429
3842
2296
3917
3137
5493
2904
3355
3592
4989
4196
10588
7797
4966
2040
1907
1926
3313
3686
2239
2679
2006
2118
1752
1808
3475
2972
2497
2463
1182
1480
1370
1277
1179
1378
1863
1243
1095
1604
2026
2746
2921
2700
2095
2076
1088
1246
1643
1511
1417
1370
2245
3891
3834
4418
4849
1597
1534
3536
1699
2226
3587
5923
5021
5518
7627
7285
6663
6786
6245
6335
4326
3670
2803
4139
3799
3088
2552
1765
1365
1222
1971
1565
1253
2166
1315
1951
1131
1289
1646
2104
2359
1819
1286
1500
1324
1663
1759
2089
1387
1351
1406
2384
1931
1507
2004
2909
2117
2990
2171
2423
3194
4491
4935
4653
3608
2381
2728
2685
3458
3807
1733
2921
3429
3394
2644
2445
3571
3957
4231
4513
3359
2770
5918
4192
2763
2123
1954
3493
2453
2319
1563
1646
1376
1301
2399
1474
1742
1456
1737
2221
2172
2258
1488
1836
1917
3548
3340
1596
1675
1422
2368
1499
1547
1648
1967
1796
3419
5465
4254
3554
4524
4823
4782
1585
5061
5008
2818
1460
1106
1170
1584
1890
2478
2127
2289
1628
2006
2680
2221
1497
1660
1163
1328
1267
2030
1805
1168
1458
1742
1281
1218
1558
1215
1186
1323
1089
1266
1664
1398
1156
1621
2516
2318
3082
3076
1564
1919
1824
2222
1989
1957
1640
3119
2485
2468
2466
2764
4631
4615
4186
4039
3365
2761
2852
4018
3496
2335
5083
5355
5753
6138
5393
2128
2874
3790
4688
5640
3858
3895
2723
2933
3257
3427
2613
3282
3580
2460
3146
3089
2024
2386
1732
1498
2128
2005
1412
1649
1910
2913
2264
2158
2115
3193
2413
1762
1959
2045
3088
2101
2941
2550
1213
1286
1490
1287
1500
1759
1426
1288
1144
1361
1188
1290
1476
1227
1135
1275
1230
1378
2021
1825
1514
1724
1811
1509
1720
1799
1289
1264
1103
1442
1381
1375
1370
1212
1445
1466
1496
1419
1395
2763
2361
1671
2803
3739
3881
2633
1562
2079
1554
1552
1876
2547
1873
2081
4896
7240
2474
3909
1931
4794
4082
1620
1264
1173
1186
1483
1564
2744
1687
2520
3833
2331
1922
1751
2133
1097
1131
1396
1127
1200
2018
1216
1287
1407
1332
3508
2555
2327
2283
2093
3067
1960
2289
2198
2104
1961
2434
1812
1909
3348
3788
1865
2142
2211
3617
2691
2590
2042
4013
4468
3967
3033
4370
2728
1528
1533
2109
1449
1408
1426
1552
1428
1953
3121
4247
3282
4201
3377
3772
3290
2803
2085
3914
5385
5592
5599
6420
7202
10291
4555
1825
2894
2819
2839
4383
3621
3805
3127
2408
3234
2197
1513
1801
1795
1715
4360
5420
3746
3510
3214
3302
1436
1414
1972
1723
2372
2468
3135
1866
1375
2585
2077
2432
2249
3219
2618
2242
2719
3334
3254
4606
3944
3029
3654
3235
3306
2460
3075
2723
4496
5537
2917
3048
4340
3304
3081
2545
3811
2410
1363
2259
4447
4928
3890
2680
4100
2072
1883
2792
1842
2352
3889
3494
4898
12749
10663
7209
7647
3695
2538
2355
3143
3423
5270
4056
2239
3920
4887
4351
2943
4119
3717
2364
3897
3377
3526
3116
2905
2097
4011
6013
6353
7567
4739
2883
3764
3704
2253
1613
2493
3290
2554
3515
4928
4096
1509
1439
1452
1576
1531
1376
1919
3938
6279
4608
4360
5352
3263
2723
3359
3680
4336
1530
2478
2911
2901
2359
4906
2213
3090
5998
8336
5644
7328
10244
9316
6360
5444
6841
4116
4416
7936
5497
4587
3224
2892
2778
2345
2461
3672
4320
6066
5404
3806
3789
5367
3004
4210
4206
2424
3765
5883
5228
4760
3785
6055
6065
5830
3792
4160
4724
4881
5652
2605
1365
1322
2007
2261
3846
3661
3445
3080
3936
3650
3111
3380
4214
3500
1893
1638
1750
3619
4904
5907
7598
6887
6994
7850
10027
2071
1380
3423
1743
2263
2290
2990
2993
3077
2984
3656
4488
3741
2686
3477
2811
3081
2101
1923
2093
1639
1207
1235
1553
2859
1596
1400
1875
2438
2423
1926
1184
1350
1166
1367
1272
1246
1798
3066
3650
3075
2659
1510
1585
1772
1953
3359
3424
2458
1414
1936
3330
2081
1360
1391
1385
1431
1501
2057
1924
1390
1940
2209
2732
5280
5410
2975
3826
5006
3434
3190
1924
1381
1645
1689
2155
1651
1586
2183
1561
1605
2018
3208
2856
2691
2543
2883
2209
2942
3052
4158
4795
4840
4724
4219
5085
3786
3306
1401
2857
2169
2339
4145
3602
4448
3425
4192
4421
4916
4405
4327
2120
3347
1799
2004
4526
4743
3292
3556
8446
14950
10879
10565
9565
8381
6371
4012
7832
6797
5943
6585
6827
5140
5948
7598
8802
6566
3073
2869
4955
3279
2787
5595
4753
4620
5766
6880
4828
5874
5815
2784
7189
6618
7055
6580
8075
8108
6105
3594
4865
7133
7038
6092
3843
5580
3952
6359
6280
4239
4510
5352
4617
3243
3418
2877
4817
4606
4769
4064
3296
2391
3405
4504
5898
7188
6725
4093
5889
6178
6575
5318
6441
7599
5896
5118
6707
2365
1610
1640
1829
1447
1466
1496
1557
1446
1606
1491
1730
1453
2269
1634
2913
3674
3773
3301
2670
3729
4086
2523
3407
2530
8456
7088
3339
1686
1823
2158
2042
3964
1641
1985
2353
1395
2189
2705
2050
3032
3178
1936
1639
1921
2924
3165
1925
1280
1626
1532
1715
2242
2001
1663
1473
1471
1459
1254
1755
3863
3963
2943
1399
1634
3145
1699
2780
3781
5168
2272
3758
3348
1853
1442
1422
1884
1258
1123
2010
2720
2390
4336
2870
1964
2555
1650
1505
2002
1215
1502
1350
1187
1255
1338
1384
1244
1340
1226
1337
1344
1632
1308
1273
1098
1539
1957
1410
1013
1790
2889
2151
2182
2189
1172
1423
2214
1749
1792
1468
1498
1641
1207
2307
3848
2771
1213
2089
2124
1372
1205
1214
2104
3248
2041
1664
2155
2572
2801
2723
2369
1414
1708
2183
2434
1672
1648
1721
1624
1570
1509
2749
2131
8454
2197
