7000
4323
4050
3339
4160
4006
3671
3450
3007
3948
3265
3269
2998
3212
3626
2968
3255
3435
3262
3361
3085
2734
3213
3088
2215
2593
3011
2662
2717
3065
2801
2348
2932
3135
2668
2803
2275
2282
1586
1804
2128
2497
3032
2915
2619
1831
2025
1876
2105
1934
2269
2568
2210
2310
2459
1905
2091
2101
1688
1906
1691
1680
1577
1683
1682
1908
1963
2108
1829
1777
1854
2016
1721
1850
2062
1847
2258
1874
1971
2086
2383
2151
2342
2247
1806
1869
1727
1792
2043
1977
1589
1775
1716
1724
2704
2880
2032
2238
2664
2179
2028
2213
2342
1932
1917
2520
3057
2911
2013
2650
3042
3287
2024
1932
2000
2436
2998
2268
1765
2085
2291
1923
2524
2196
1898
1850
2119
1826
1979
2141
2129
1924
1791
2326
2548
2543
2329
2237
2277
2155
2032
1904
1791
1723
1777
1724
1642
1884
2037
1729
1670
1848
1802
1849
1734
2584
2851
2617
2706
2833
2329
2253
2098
2425
2337
2439
2345
2487
1984
1812
2019
2222
1905
2268
1920
2051
2255
3157
2608
3884
2813
3215
2871
2618
2903
2449
2822
2383
2575
2496
3065
3808
3259
2919
4532
3401
2510
2460
2716
3125
3400
4256
3586
2552
1921
1956
2423
1826
2080
2020
2641
1920
2955
2553
3362
2981
3235
2825
2573
2478
2033
2659
2678
2161
1774
2331
2420
2662
2295
2073
1911
2674
2697
2446
2491
2892
2907
2354
1762
1966
1821
1875
2558
2427
1902
1661
1909
1887
2391
2744
2576
1908
2308
2783
2151
1731
2166
2420
2652
3035
1952
2631
2855
2220
1971
1803
1671
2007
2258
1806
1754
1724
1848
3129
2583
2758
3051
2703
2716
2681
3150
2840
2205
1956
2788
3046
2379
2072
3251
2852
2759
2791
2709
2147
2101
2561
2673
3857
2811
1984
1892
2027
1910
2505
3053
3035
2744
3328
2152
2392
2419
2036
1849
1797
1761
1720
1793
1948
2060
1771
1561
2025
1861
2386
2273
1896
1839
1948
1894
2359
2147
1951
1697
1769
1840
1861
1719
2093
2213
2326
2450
2395
2519
2588
2370
2285
2210
2027
2241
1851
1771
1804
1942
1683
1634
1622
1780
1666
1786
1824
2232
2249
1784
1725
1604
1947
1978
2274
1654
2060
2354
2321
2701
2445
2163
2526
2450
2530
1915
1984
1846
1858
1690
1874
1961
2323
2525
2211
2981
3100
2047
2160
2528
2241
2439
1836
2101
2586
1988
2701
3379
3422
3152
4455
3688
3654
4478
5517
2048
2364
2233
2656
2592
2179
1986
2309
3033
3218
3234
2980
3474
3132
2468
2273
2001
1922
1944
2023
1974
1731
2476
2090
1803
2060
1882
2066
1870
2018
2836
2226
1768
1619
1746
2500
2418
2050
2029
2014
2698
2188
2498
2625
2553
2969
3222
3427
2964
2455
3170
3013
2717
2254
2148
2453
2751
2105
1980
2421
2380
2085
2216
2141
2016
1982
2321
2212
2631
2666
1915
2300
2259
1918
1937
1937
1839
1724
2003
1873
1830
1868
1846
1708
1674
1858
1730
1817
2011
2182
1761
1742
1644
1867
1712
2151
1966
1969
1676
1982
2049
2135
1797
1850
1728
1754
1741
2065
1933
2043
2593
2356
2377
2610
3194
2978
3361
3141
2053
1672
2147
2405
2337
1900
2338
2008
2449
1948
2137
2482
2242
1812
1645
1685
1693
1925
1943
2110
2321
1861
2018
1893
1771
2057
2056
1914
2084
2011
1688
1718
1545
1747
1737
1686
1836
1857
2184
2351
2403
2192
2060
1946
1933
2131
2187
1971
2318
1890
2311
2344
3316
3110
2874
2778
2323
2544
2230
2264
2124
2316
2930
4102
4195
5142
3462
3056
4160
4720
2805
2110
1991
1851
2146
2315
2344
1807
1878
2027
2098
2025
2458
2793
2463
1785
1894
1985
1684
1673
1772
1747
2421
2673
2667
2522
2279
1635
1657
1750
1728
2179
1981
2128
2160
2557
2014
1750
1666
2010
1642
1688
1745
1652
1757
2190
1835
1753
1886
2370
2157
1659
1873
1806
2366
2202
1901
1939
2056
2212
2166
1901
1877
1651
1772
1814
2424
1901
1639
1537
2190
1932
1697
1878
1971
1733
1515
1825
1758
1772
2190
2168
2199
1707
2367
1856
1707
1631
1714
1620
2223
1852
1727
2028
2084
2091
1686
1895
1790
2069
2294
1907
1735
2263
1563
1742
1631
1692
1746
1744
2132
2596
2267
1843
1559
2063
1749
2233
1857
2382
1953
1521
1975
2338
2185
2621
1979
1847
1831
2206
2213
1763
1809
1956
2020
2362
1853
1830
2300
2325
1831
1853
1950
2339
1941
1956
2165
2280
1897
2039
2501
2850
3348
3547
3372
3196
3461
2855
3148
6057
4074
3462
2706
2906
3281
2764
2137
2194
3156
2316
1898
1931
3381
2221
2717
1958
1809
1857
1950
1954
1945
1977
1911
1864
1837
1826
1763
2699
2790
1993
1973
2119
2375
2398
1968
1901
1723
1885
2298
1617
1924
1783
1915
2103
2150
2419
2404
1936
1870
1725
2138
2183
1671
1649
2014
2372
2180
1964
2645
2585
2601
2436
2246
2098
2235
2472
2347
2376
2210
2063
2016
1696
1634
1762
1781
1826
1826
1796
1975
1873
1942
2115
1981
1960
1745
1650
1885
1835
1617
1863
1870
2046
1813
1939
1893
2277
1956
1772
2266
2074
1858
2127
1937
1689
2032
2241
2148
1853
2307
2023
1854
1651
1966
2233
2768
2770
2261
1849
2578
2661
3263
2946
2512
1885
1628
2207
1949
1954
2202
3053
2454
2094
1707
2196
2383
2326
2417
2218
2529
1816
1856
1858
2148
2001
2272
2597
2922
2354
2606
2707
3203
3594
2877
3279
3901
3916
4099
4290
3540
3133
3690
2985
3157
2796
3252
2348
2074
3121
2697
2543
2787
2841
3054
2782
2778
2274
2042
2635
2923
2326
1984
2478
2238
3105
3129
2980
2279
2963
3499
2743
3369
3079
2979
2923
3011
2294
2275
2086
2833
3048
3014
2626
2050
1903
2008
1561
1744
1796
1759
2328
2208
1754
1735
1942
2013
1687
1982
1608
1589
1727
1702
1789
1809
2107
1878
1941
2364
1798
1973
1599
1706
1573
2000
1720
1658
1691
1863
1758
1975
1754
2186
2071
2504
2043
1712
1610
1716
1656
1897
1760
1973
1931
1726
1591
1727
1598
2121
2332
2576
2588
2441
2131
2448
2158
1744
1924
1509
1863
1984
1791
1971
1637
1765
1881
1749
1948
2009
2004
1844
1683
2036
2085
2126
2022
2380
2185
2145
2517
2597
1949
1660
1827
2165
2488
1795
1860
2128
2689
2828
3167
2332
2033
2382
2894
2346
3615
3240
2999
3282
2772
2933
2967
2241
3673
3895
6289
5386
3597
4789
4500
4207
2373
2149
1882
1623
1874
2117
2012
1991
2044
2186
1959
2190
2188
2156
2394
2415
2616
2151
2484
2501
2774
2495
2581
2853
2275
2262
2369
1928
2124
2546
2255
2086
2426
2328
2163
2226
3241
1990
2949
2104
1844
2500
2058
2022
2173
3055
2634
2927
3285
2598
2600
3101
2824
3582
3811
3575
2787
2558
1775
1931
1787
1826
1949
1715
1482
1667
1883
1708
1695
2128
2035
2029
1825
1901
2006
2072
3006
3631
3404
4197
2788
2055
2284
2799
2124
2267
1897
1741
1701
1978
1898
1719
1863
1669
2324
1734
1673
1660
1880
1896
1657
1892
1875
1706
1648
2492
2924
2877
2600
2388
2417
2347
2303
1926
2163
2952
2779
2379
2245
2276
2404
3617
3084
3353
3560
3349
2966
4941
3625
6187
4948
7054
3986
3262
3320
2814
3599
3081
3046
3729
3695
2456
2182
2641
2223
3143
2465
2637
2708
3512
3082
2061
2786
2636
2754
2944
2508
2682
1989
2128
1804
2050
1911
2895
2849
1999
2221
3050
3204
2714
1892
1896
2077
2298
2113
2420
2152
2301
2241
1855
2419
1998
1813
1937
1864
2080
2374
2137
1978
2017
1917
2380
2051
1748
1666
1744
1877
2443
1899
1645
1705
1807
1974
1779
1693
1709
1795
1737
1861
2143
2541
2112
2315
2377
2278
2345
2305
2594
2070
2001
1971
1954
1805
1724
1870
1680
1664
1607
1737
1775
2001
2145
1892
1995
2035
2122
2089
2204
2779
2453
2484
2182
2455
2047
1941
2319
1847
2271
2750
2290
2362
2068
2254
2531
2887
3272
4510
5662
2245
2471
2002
2047
2569
2133
2056
1774
1696
1679
1837
2084
2212
2330
2586
2423
2161
2351
1998
2021
1905
1976
1977
1951
1933
2249
1684
1641
1766
1827
2158
2774
2618
2893
2840
2800
2557
1945
2149
1977
1747
2211
2342
2167
2111
1913
2279
2017
2384
2337
2396
2496
2968
2714
2550
2911
3106
3007
3230
3048
2773
2802
2757
2001
2094
1911
1749
1801
2140
2212
2097
2668
2107
2570
2027
2511
2885
3047
2589
1771
1917
1855
1877
1961
2376
3083
2396
2941
3063
2972
3538
3673
4194
4203
3823
4012
4865
5137
5828
4859
3417
4200
2805
3170
3503
3394
2741
2014
2482
3647
4020
3465
2999
3136
2637
2307
2722
2428
2386
2593
2363
2431
2470
2498
2917
2902
2376
2419
2375
2458
2965
2298
3146
2579
2335
2510
1944
1960
1897
1927
1581
1723
1578
1676
2113
1967
1840
2064
2093
2113
1775
1688
1662
1996
3062
2885
3050
3340
2345
2655
2467
2485
1994
2626
2771
2777
2424
1958
2001
1836
2136
1804
2977
2203
1869
2010
1824
2130
2575
2422
1909
2133
2830
3005
1970
2536
3105
2689
3058
2865
2274
1801
2086
1816
1679
2159
2595
1878
3038
2761
2517
2163
2758
2613
2860
3212
2363
3232
2958
3885
3003
3500
3296
4235
3927
7369
4775
3400
2188
2044
2075
2568
2769
2206
2730
2216
2060
1916
1708
2635
2497
2354
2496
1747
1888
1819
1776
1799
1877
1944
1956
1625
1792
1945
2389
2629
2572
2232
2471
1724
1698
1880
1840
1732
1647
2410
2853
2718
2770
3233
1827
1916
2660
1901
2252
2737
3566
3208
3084
3977
4035
3785
4020
4762
4275
3397
2448
2407
2837
2770
2391
2298
1942
1803
1768
1968
1770
1607
2248
1741
2071
1666
1588
1987
2198
2211
2070
1756
2030
2166
1861
2014
2386
1783
1923
1735
2286
2299
1811
2039
2413
2289
2638
2443
2336
2434
3249
3069
3113
3074
2581
2689
2409
2944
3292
2155
2629
2719
3098
3102
2632
3128
3634
3728
3767
3160
2753
3758
3233
2625
2350
2271
2887
2420
2339
2001
2027
1866
1933
2499
1927
2023
1921
2079
2171
2126
2502
1944
2013
1981
2782
2860
1829
1721
1867
2207
1980
1940
1936
2089
1943
2414
3233
2975
2752
3012
3102
2833
1909
3064
2843
2336
1916
1574
1698
1795
2017
2419
2226
2144
1839
2054
2509
2202
1747
1939
1643
1597
1757
2037
2086
1794
1876
1976
1801
1599
2010
1652
1787
1652
1604
1717
1874
1767
1670
1876
2187
2349
2490
2589
2079
2121
1889
2039
2230
2183
1847
2659
2649
2388
2329
2443
3313
3248
2882
3021
2759
2662
2611
3342
2760
2332
3321
3418
3741
4222
4138
2537
3217
3577
4070
4690
3098
3030
2885
2779
3023
2858
2893
2843
2797
2625
2780
2726
2380
2412
2060
1882
2304
2175
1678
2094
2159
2564
2301
2163
2089
2515
2408
2164
1989
2142
2521
2334
2636
2406
1687
1723
1814
1753
1854
1880
1892
1802
1604
1747
1748
1793
1857
1831
1777
1716
1799
1862
2319
2114
1817
1997
1943
1850
2009
1914
1800
1619
1680
1882
1869
1867
1892
1695
1907
1923
2087
1953
2180
2397
2251
2202
2753
3214
3395
2788
2114
2529
2284
2168
2547
2736
2283
2589
4524
5941
2261
2850
2142
3027
2744
1832
1810
1924
1689
1970
1832
2352
2311
2475
2943
2100
2089
1885
2018
1746
1802
1905
1640
1509
2045
1800
1720
1851
1732
2742
2418
2303
2273
2082
2659
2382
2359
2090
2242
1943
2466
2261
2094
2752
2778
2096
2121
2217
2777
2495
2485
2550
2936
2875
2911
2815
3063
2567
2121
1935
2060
1937
1854
2005
2113
1979
2162
2583
3033
2791
3028
2889
3136
2955
2897
2353
3185
4000
4018
4108
4311
4761
5671
3745
2393
3042
2739
2956
3473
2886
3111
2822
2669
2772
2119
2014
2030
2070
2081
2876
3377
3001
2575
2516
2583
1830
1817
2090
1833
2175
2298
2498
2157
1921
2265
2176
2661
2457
2989
2554
2467
2530
2960
2462
3107
2758
2700
2759
2768
2645
2495
2516
2413
2923
3272
2405
2381
2950
2743
2700
2624
2783
2619
1930
2192
3070
3315
3216
2858
3311
2624
2264
2572
2403
2617
3436
3183
3746
7291
6013
4294
4594
3692
3389
3171
3006
2922
3944
3944
2621
3243
3674
3813
2821
3132
3184
2384
3082
2823
2876
2793
2648
2376
3210
3665
4238
4023
3240
2439
2647
2930
2299
1899
2483
2926
2379
2764
3346
2921
2052
2070
1933
2020
1888
1862
2120
2670
3533
3293
3207
3440
2689
2481
2940
2915
3157
2312
2657
3586
3113
2499
4220
2771
3569
4699
5575
4497
5076
6555
5038
4315
3863
4083
3204
3252
4309
3755
3539
2945
2795
2963
2470
2703
3072
3092
3731
3685
3231
2671
3145
2411
3026
2987
2217
2871
3533
3220
3245
2767
3563
3509
3480
2904
2829
2888
3016
3483
2403
1713
1725
2227
2135
2666
2815
2821
2616
2999
2813
2537
3146
3235
3086
2157
2296
2140
3110
3529
3851
4307
4155
4735
5904
6785
1272
1880
2944
1889
2226
2331
2881
3135
2963
2942
2986
3377
3688
2233
2841
2637
2835
2357
2194
2218
1897
1685
1728
1965
2470
1844
1759
2120
2152
2435
2060
1713
1826
1764
1802
1662
1683
2143
2527
2757
2569
2384
1841
1893
2075
2250
2954
3160
2488
1900
2119
3033
2289
2049
2006
1844
2013
2054
2304
2351
2160
2462
2443
3107
4399
4723
2549
3018
3307
2773
2618
2260
1859
2080
2089
2302
1972
1932
2174
2076
2184
2072
2773
2595
2735
2630
2680
2260
2598
2896
3109
3111
3170
3261
2862
3361
3089
2869
1878
2314
2195
2282
3144
2851
2951
3123
3345
3258
3417
3415
3273
2652
3128
2278
2371
3683
3749
3260
3713
6018
6958
5953
5685
5285
5189
3937
3060
4467
4275
3645
4064
3985
3357
3933
4362
4816
4099
2261
2491
3423
2838
2800
3636
3298
3227
3732
4137
3121
3585
3490
2441
4202
3926
4290
4148
4500
4731
3896
3141
3617
4632
4483
4398
3525
3787
3065
3676
3845
3050
3214
3442
3460
2954
2940
2459
3149
3051
3122
3170
2750
2539
2788
3238
3824
4074
4068
3128
3737
3586
4169
3935
4362
4760
5217
3969
5580
2106
2045
2309
2084
1927
2034
2195
2006
1879
2011
1905
2250
1975
2402
2121
2580
3187
2931
3075
2631
3083
3422
2588
3193
2817
5780
5506
3250
2279
2484
2508
2466
3729
2017
2314
2607
1862
2272
2508
2248
2783
2747
2051
1897
2304
2597
2805
2128
1771
2035
2084
2257
2352
2396
2429
2080
1985
1834
1879
1990
2693
2923
2522
1744
1902
2538
1890
2246
2926
3603
2566
2627
2497
2014
1895
1710
1920
1654
1624
1895
2173
2159
3211
2528
2216
2092
1906
1921
1953
1608
1759
1814
1565
1660
1744
1902
1739
1683
1992
1614
1687
2037
1621
1762
1552
1756
2275
1738
1690
1906
2478
2337
2288
2468
1621
1848
2006
1935
1899
1774
1808
1912
1526
2231
2861
2442
1712
1929
2140
1749
1653
1531
2032
2607
2068
1953
2019
2386
2688
2493
2257
1726
1830
2330
2804
2346
2133
2002
2245
2074
2083
2374
2296
4713
2204
