7461
9178
9749
12415
9806
10095
10012
10346
11837
10056
9870
10797
10810
12134
10030
11529
11165
10842
10884
10737
12189
11358
11218
11715
12519
12776
11678
10868
11969
12156
11754
13091
11848
11567
12916
12539
12698
12231
14481
14148
14281
13581
11531
11771
11850
14091
13609
13988
13227
13977
13116
12762
14056
12794
13169
13703
14140
13656
14071
14535
14095
14945
14340
14653
14904
13796
13868
13914
14371
14451
14522
13842
14374
14231
13873
14912
13247
14376
14094
13468
13326
13904
13015
12791
14056
14365
14524
14383
13975
13780
14645
14403
14423
14327
12915
11260
13377
12540
12845
13502
13471
12880
12723
13808
14030
12735
12583
11894
12983
12366
11468
12160
12582
13591
13638
12764
12530
12682
14403
13824
13113
13640
12468
13267
14781
13914
13264
13866
14354
13015
12660
13786
13853
12949
13035
12814
12316
12905
12731
13482
13716
14099
14219
14390
14398
14585
14415
14713
13758
14182
14480
14716
14812
13985
14743
12875
10943
12270
11503
11421
13323
12748
13480
12901
13523
12791
12259
13380
13682
14833
14418
13768
13937
13438
13635
13675
13450
11417
12926
9532
11840
11226
12569
13137
12169
13399
12405
13976
13040
14193
12686
11431
13938
12613
9855
11054
12929
12723
12218
12041
11823
10177
10977
12507
13949
14317
13290
14263
13329
13388
12380
14209
11886
13372
11965
11652
11625
12055
11949
12513
13100
13047
12445
13625
14311
13945
13720
13172
13904
14009
14877
12289
12350
13447
12512
12163
11225
13115
15090
14601
14574
15108
12895
14012
13482
14487
14171
13647
12942
13369
12560
14329
13525
12174
12887
14084
13585
13242
12778
11276
14116
12172
11781
13136
14123
14662
14586
13973
13493
14509
14484
14477
14187
11008
12424
11636
11495
12640
12602
12927
11958
11737
13213
13958
12416
11606
12996
13388
11230
12088
11923
12015
12496
13797
13527
11893
12131
9243
12165
13803
14188
13316
13645
11773
12064
10699
12046
11258
13260
12437
13413
13058
13822
13783
14342
15251
14971
14561
13709
14349
14795
13577
14130
13571
13277
13729
14335
13905
14175
12986
13936
14113
14575
14752
14609
14297
14419
13867
13353
13374
13548
13412
12431
13163
13775
13532
13490
13825
12947
15170
14396
14327
14674
14240
14335
14513
14039
14385
14439
14351
13886
13376
14269
14108
15015
14279
14591
13452
14343
13833
13295
13527
12971
12719
13028
12842
13057
13315
13626
14452
14349
15252
15191
13960
14655
13162
11766
12293
11783
11081
13453
13805
12755
13221
13286
13893
13832
12578
13785
11696
11178
10170
11234
9901
10260
10555
8088
8712
13946
13572
14152
13401
12827
13701
14005
13134
11828
11012
11867
12191
9529
10437
13152
12826
14494
13884
14225
13235
14471
14922
12952
13670
13656
14251
13931
14152
14266
13490
12378
13615
13584
14195
13985
12172
11765
12748
12703
13996
11476
12390
12518
11689
11912
12774
11459
11303
10302
12477
10798
11685
11336
13092
13931
12905
11867
13373
14725
12959
13425
13600
13744
14332
13892
13978
13402
13563
13282
12664
14154
13989
13704
14674
14535
14057
14542
14250
14087
14274
14378
13878
14155
14311
14441
14238
13988
13899
13847
13478
14368
14573
14643
14608
14884
13897
14259
14063
14516
13936
13554
13657
15046
14111
14788
14939
14815
14170
13915
14029
12531
12482
12540
12542
10177
11147
10289
11771
13461
14085
13687
12795
11213
13563
13137
13751
12673
12570
12826
12815
13424
13993
14162
14524
14655
13973
14288
13312
13002
14094
13669
14224
14110
13660
13640
13825
13181
13559
14006
14173
14533
14272
14298
14349
14773
14205
13823
13023
13566
13385
14198
14141
14316
14596
13387
14429
13174
13992
13179
13816
12067
11414
12567
12379
12913
13139
14093
13996
14208
13897
12423
10864
9720
8089
11340
10993
9565
8506
12397
13444
13580
13910
13416
13361
13363
13849
14164
13929
13740
14435
13312
12045
12634
14383
14418
13944
14498
14514
14461
14544
13610
12455
13597
13056
13363
14296
14583
14611
14932
14063
13532
13566
12997
12544
13409
14428
14433
13794
14260
14210
14329
14485
13922
14193
13750
14593
14285
13329
13175
14673
14217
14635
13810
13479
14758
13974
14306
13643
13746
14123
13893
14138
14360
14554
12948
14048
14499
15043
13684
13777
14079
14535
14197
14325
14948
14183
14259
14621
13632
13751
13494
14574
13522
14384
14175
14157
14160
14462
13764
13938
14178
14203
13448
13374
14417
13962
14463
14195
13036
14031
14411
13757
14528
14310
14522
14468
14482
14282
14157
13074
14043
13937
14908
13430
14419
13403
14340
13281
13975
14825
14831
13051
13224
12285
13761
14474
14229
13691
13066
14612
14472
14462
14012
13365
14487
14239
13799
13762
13984
14199
14157
12957
14180
14255
14004
14093
13968
14024
13588
13544
12302
11462
12114
12444
12257
12992
12451
7674
10023
11003
12261
11529
11141
11832
13222
13227
11473
13644
14000
14307
11501
12947
12944
13789
14421
14232
14416
13894
14396
14281
14025
14200
14191
14073
14184
12735
12528
13867
13842
13908
13147
13081
13929
14165
14308
14102
12974
14295
14027
14516
14027
14079
14043
13036
13070
14120
14731
14815
13011
12961
14116
14506
14804
12870
12809
13633
13052
13416
13025
12928
12900
14166
12962
13094
14019
13400
13696
13469
13941
14539
14365
14566
14284
14261
14315
14146
13626
14524
14866
13603
13665
13675
14319
14698
13907
14440
14642
14748
14701
13666
13902
14224
14323
13744
13788
14566
13382
13809
14800
13553
13834
14461
13743
13311
13613
14315
12601
13967
14135
14546
14123
13051
12018
11867
12451
13578
13673
12139
13126
11503
12852
13705
14521
13473
13901
14057
12857
10479
12425
13117
14490
12670
12792
13061
12922
13417
12621
14371
14291
14220
13859
14038
14121
13184
12032
13151
11883
11818
11927
10388
11542
11250
10067
10273
10175
10479
12001
12499
11404
11746
11537
12521
11510
13186
14106
12675
12933
12897
12768
12140
11986
13134
13106
13009
14053
12925
12300
13321
14541
13442
13447
13086
13081
12985
12553
11927
10713
12068
9990
11463
11887
11456
11268
13792
12507
12538
11695
11846
10876
12005
13656
13964
13568
14599
14340
14516
14355
12939
13349
14039
14799
14917
13122
14246
14095
14876
14456
14406
14346
14134
14903
13454
14105
13807
12751
14611
13410
14187
14077
14819
13778
14110
14882
14442
14143
13961
13639
13912
13451
14041
13222
13432
14480
14666
14598
14446
14418
14218
14722
13664
14548
14356
14431
14978
13850
13654
12944
12782
13056
13498
13334
13102
14452
13984
14485
14370
14282
13944
14119
14396
14723
14118
14228
14115
13608
13777
14507
15095
14127
13759
14030
13743
13503
14075
14053
13194
13059
13781
14264
13915
13502
12626
13714
14209
13796
12323
12595
11786
13520
13686
13785
12085
13386
10899
11664
11497
11985
13483
12563
12067
13731
11484
10771
6926
8542
11248
9586
10072
10571
13477
13742
14448
14813
14224
14190
14197
14847
14511
14151
14711
13494
14103
14366
13123
13506
13269
13307
12831
13044
12751
12905
12923
11531
12702
13444
12523
13306
13509
12119
13325
13836
12669
12770
13034
13277
10455
12949
11672
12747
13686
12291
13339
13512
13286
11620
11336
11838
11177
11996
12109
10996
11952
11354
9349
10708
12647
12996
14769
14196
15075
14491
14578
14240
14779
14926
13879
14256
14601
13035
14231
13728
14622
13914
13687
13743
12622
10651
11003
9471
12268
14592
13734
12442
13660
13780
13855
14606
15264
14667
13905
14367
14102
14650
13395
14257
14458
14441
14434
14056
14745
14007
14293
14491
15007
12540
11653
12133
11615
13045
12944
13366
13211
14123
13995
12723
12385
13271
13932
13981
13407
11726
11835
10786
11482
11608
11803
9012
11838
8033
10007
8740
11293
13025
13381
13089
11189
12499
12541
11105
11110
13672
14590
13434
14419
13200
14195
13175
12215
10429
11973
13998
12269
12248
11659
12496
12766
12673
13522
13076
14279
13600
13814
11467
11784
13428
12933
11785
11618
11612
13784
13673
13780
13468
13636
12614
13141
12687
13754
14344
12715
13662
13777
13341
14384
13736
13292
13537
14237
14010
13817
13645
13613
14146
14422
14556
14230
13193
13970
14096
14312
13974
13508
14088
14656
14824
14237
14402
14277
13466
13168
13079
13162
12866
13998
13187
12779
13372
13522
13876
13739
14022
14148
14300
14247
14358
14552
14907
14481
14472
14639
14165
14018
14083
14164
13491
13974
13368
12215
13040
12279
13407
12683
13716
14115
13066
13961
12749
11486
12747
12422
13650
13806
12311
11603
12596
7549
7358
13318
13734
14510
14270
13014
13199
14407
14941
14785
14327
14544
14256
14039
13699
13494
13015
13784
13289
14278
13978
14011
14866
14051
14737
14745
13762
15032
14796
14541
14591
13752
12292
12342
12176
12122
11636
12449
13916
13771
13691
14638
13797
13391
13514
13468
14186
13013
13912
13336
12650
13339
12536
11316
11518
12149
12586
11147
11004
11446
11884
12585
12086
11716
13945
13424
14206
14539
14389
13966
13167
13461
12096
14134
12521
14128
13620
12445
10820
11876
13777
13522
13778
14255
13548
13254
11014
13319
12173
12395
11558
10206
9612
9605
9192
10449
10722
8033
7923
7672
9802
11746
10641
12717
11910
11412
12304
12454
14231
13135
11737
10952
11909
12661
12805
13528
13365
12965
13576
12955
13027
13266
12915
13569
13167
11988
11804
13181
13359
12934
13426
11821
13144
10778
11309
12324
11507
14148
13919
13699
14360
14665
14583
14804
14787
13334
14060
14517
13792
13578
13930
14069
14786
15127
14386
12240
10883
10387
10082
13345
13024
12548
11627
13539
11803
10115
11471
12514
13672
13339
13631
12656
12980
11474
13395
14491
13758
13987
13885
12868
12918
13024
13090
12045
11367
14070
13408
11299
12523
12001
11529
12188
14331
14424
14358
14377
13517
11950
13640
11913
12289
12747
13505
12796
12374
12696
10942
12620
12033
11440
10242
11943
10827
10649
10097
9582
5850
8201
11163
13352
14058
13419
13197
13010
12586
11653
13264
13781
13065
15233
12543
13042
12184
12689
14298
14326
14047
14154
14206
14462
14233
14298
15041
14495
14189
13179
12607
12726
13024
12335
14179
14587
14503
14628
14434
14745
13021
10478
11200
12908
11743
13792
14006
12034
13329
13123
12435
10033
11389
10852
9087
9735
10386
10237
9169
9168
11138
12316
12741
11129
11520
14147
13303
13907
15312
14972
14166
14634
15714
13055
14691
14031
14542
14775
13387
13184
13590
14125
14632
14032
14367
14218
13955
13236
14260
14606
14506
13892
13324
14001
13831
13348
12341
12418
12702
13096
13056
10509
11793
10227
11189
12659
12353
13375
12276
11108
13582
12918
13088
11887
12129
12851
11951
11477
10673
10632
12409
12290
11148
12140
12748
13748
13335
13086
12794
13568
14498
13859
14194
14862
12989
14042
14345
14466
14931
13903
13763
13039
13598
14225
14017
12677
12481
13642
14800
14302
13934
14186
13945
14318
13781
13579
12889
11936
11762
12837
10534
11397
11914
13665
12279
11869
12494
14072
14335
14526
14513
14036
13210
12811
13414
14155
13774
12828
13334
14377
13890
14484
14696
14823
14663
13485
14507
14507
14439
14767
14614
13480
14496
14439
14345
14752
14826
14345
14353
14262
14178
13738
13052
13427
12930
13573
13623
14267
14351
12965
13491
13803
12323
12693
12785
12977
12090
11248
10628
12496
10696
11897
12104
13195
11110
12469
12110
11774
11467
11026
9667
9505
11976
11493
11190
11159
9171
12259
12854
12502
13028
12111
12505
12290
11810
12527
12000
12809
12333
13228
12989
13466
13884
13838
13623
14328
13931
13338
13575
13577
13257
13886
12971
13159
13540
13876
13492
13128
13257
12960
12728
14192
14458
14377
14363
14194
14925
13571
14177
14381
14222
14377
14688
15061
14253
14247
14695
14554
14851
13684
14311
14515
13405
14789
14056
14325
13762
13956
14673
14145
14504
14332
14002
14292
14133
14149
14429
13631
14107
13525
13339
13319
13194
12503
12151
11392
12256
13870
13053
13588
13831
13565
12857
13888
12749
10165
9127
13725
13150
13431
11900
11673
14074
14338
14617
14525
14456
14560
14168
13367
13669
12924
13948
14059
13793
13925
14034
14390
14080
14483
14820
13836
14031
14822
14441
15150
13424
13290
13654
13818
13820
12814
12693
13546
13942
13193
14331
12640
13200
14780
12394
11884
13372
13550
12906
11890
12122
12877
12436
12335
11684
11829
11611
11332
12273
13573
14584
14651
13650
14379
13939
13622
14013
13566
12787
12043
12387
11369
11291
10938
11577
11143
12280
11128
9754
9266
10566
9964
8694
7167
9609
12363
11690
12091
11773
11871
11993
11382
12101
13439
13611
14372
14305
14010
14021
13930
12189
12088
11855
13736
13413
12466
13909
13952
13727
14255
13865
13533
13467
13586
14110
14831
14515
12386
13270
13012
13409
13629
13138
12311
13407
11821
11573
11886
11386
11567
11154
12339
13385
12653
10561
10933
13381
13249
10767
11280
11986
12131
12684
12244
13883
13247
11449
11093
11396
12243
11260
13055
13299
13100
13255
13127
10959
12194
10943
6698
7817
10327
9681
10247
11717
11923
11674
11976
10360
10355
12619
11643
11310
10578
12470
12366
11083
12698
11887
11693
11888
11925
12049
12582
10620
10469
9858
10194
10856
11762
11110
10822
12408
13825
12590
11921
12043
11689
10035
11942
13635
13882
14136
13870
14345
13847
12887
11525
10528
10786
11523
11008
13079
13438
12559
12722
11822
13475
13251
11523
12145
13075
10160
12168
11553
9664
7586
9465
8797
7550
9640
10435
10946
10589
11366
11510
10162
11317
11393
11932
12214
12217
12876
12554
12163
11434
9541
10564
11173
11939
11663
13229
11670
11681
12204
12327
10915
11150
11089
10967
11162
11127
10318
12312
11802
12108
11314
10028
12946
14476
14342
13274
13362
12533
12878
12760
13138
12548
12205
12562
11374
12152
11837
13415
13910
14155
11557
10276
9449
10057
9752
9462
8313
7570
1359
13982
12702
14330
13844
13405
12192
11629
12318
11765
12176
12258
10849
11868
12196
13039
12685
13021
13654
13210
14355
14319
14129
14296
13917
14227
14466
13723
12763
11927
12708
14114
14136
14204
13846
14349
14496
13211
12353
12106
12598
12528
13809
14480
13741
13087
11938
11784
12990
14175
14065
11691
13181
13931
14005
14255
14185
13865
14013
13191
13783
13546
13042
11886
10562
10233
11634
11670
11404
11759
12283
13071
14040
13517
13308
12765
13651
13799
13757
13310
13355
13192
12072
11874
11536
12394
11986
12218
11257
10905
11051
10947
10142
11364
12698
11413
10671
11381
13811
12313
13061
12904
10813
11785
11523
11457
10346
10822
10248
10325
11572
12396
12134
13288
13779
10057
10146
10863
10536
7395
6355
7810
7775
8259
8588
10014
11729
9488
9528
11239
9827
9728
11184
9932
9329
8356
9448
11910
11678
9825
10961
11993
10264
10421
10907
10673
9363
11252
10199
9674
10824
9408
9835
9774
9696
9372
9142
9270
11531
10675
9377
9535
10509
11092
10695
11910
10403
10143
11086
9629
10200
10380
11570
10615
13676
11398
10986
11215
11529
12372
12980
11524
11874
9310
9812
9160
11924
10770
10300
9544
9641
9216
8752
8462
9104
8074
13297
14350
13447
13667
14145
13960
13616
13838
14029
13980
14421
13946
14235
13501
13896
13060
11679
12335
11621
12499
11413
11562
12174
12019
12291
7851
8358
12114
13273
13543
12963
13061
10903
13816
13300
13177
13903
13509
12915
12588
12804
13080
13828
13725
13880
13938
12566
13261
14128
13857
14068
14063
13681
14436
14990
14485
14169
13671
14340
13561
11462
12121
13186
13683
13418
12834
13392
13072
11734
11335
13081
12808
13198
12862
13544
13960
13682
13633
14299
13899
12562
13824
12165
13250
13255
13572
13855
13597
13685
14243
14001
14169
13955
14336
13990
13985
14196
14254
13955
13958
14026
13906
14584
14144
14475
15014
13958
14039
14288
14653
13008
13237
13287
13183
14433
13947
13804
13995
14140
14246
14420
14034
14916
13818
12358
13393
14560
14910
13689
14384
14570
14603
14054
13391
13982
14203
13970
13562
12662
13182
13310
14480
14776
13351
13273
13730
14198
14021
13742
14302
13336
12845
13329
9342
13525
