23901
22773
20709
19921
23116
21778
22775
20703
18159
21011
22584
21830
20987
20418
22134
21592
20970
21541
22657
23686
20744
21578
22387
21597
19674
19325
21410
22467
19795
20219
20678
18443
19736
21265
20628
20321
19254
18962
16902
15766
16648
18119
20988
21660
19487
16805
17062
17770
17399
15407
16017
17595
15751
16935
16919
14843
16159
17343
14308
14277
14630
12997
12801
13791
14582
15621
15389
15502
13676
13227
13774
13991
14361
15374
16326
14679
15767
14714
15164
15350
17486
15392
17722
16548
14554
14227
13517
14237
15495
15337
12783
12542
12608
14016
18324
20602
16692
19306
18410
17186
16685
17497
18283
15338
15939
18075
19886
21777
17812
20660
21255
21597
18246
15926
17815
19948
19755
17454
15392
16269
17775
16609
17759
16694
15297
14803
16141
15210
16072
15197
18518
16036
16954
16017
16862
16691
18246
18165
17292
16683
14820
13983
13965
12813
12432
12314
12144
14123
13390
12323
12088
12666
13959
14000
14930
18545
22780
21041
21003
22400
16489
19308
18359
17216
17814
18500
17094
17081
14501
13988
15405
15172
15081
16062
15644
16982
16231
20895
17625
20689
19220
19439
17714
17661
18099
15150
16481
16272
17174
15822
18521
18974
17323
16665
20238
19101
15679
16191
17002
18680
19235
20966
18971
17161
13597
14604
17426
15430
16210
17005
19386
14203
19161
17206
20492
20109
21511
17978
18792
18339
18113
16482
16250
14745
13235
15819
16225
18231
16818
14519
14434
19024
19713
16973
18430
18009
20369
16430
14115
13025
13658
14686
16729
16601
14572
13288
13475
14960
18000
17154
17824
13873
16885
18846
15838
15526
16210
17931
18902
19194
16567
19568
19620
16741
14372
13068
13321
15277
15595
13817
13344
13853
15032
20430
18223
19266
19720
17432
17551
17810
19072
17707
15232
13801
16805
18270
16130
15424
17838
17522
18973
18544
17518
13444
16439
18877
16978
21667
18058
14157
14358
15159
14403
18683
19277
19317
17640
19019
16550
16639
16470
16434
14818
14697
13776
13155
13096
14084
14669
13275
13456
14657
15429
16314
15204
13180
13084
14185
15410
15904
14975
15390
13066
13624
14366
13782
13451
14848
15795
15330
16832
16952
17051
16684
16051
15629
16247
15244
14864
14490
13698
14190
14666
13977
12109
12962
13986
13028
12969
14284
15966
15174
12636
11939
12449
14841
15697
16018
13879
16663
16781
17304
17110
16810
14698
16938
16261
17674
14468
14499
13992
13603
13509
13815
14506
17004
19427
20563
21153
20834
15817
15684
16664
16405
17137
14138
15620
16418
15260
17848
20803
20170
19644
19278
19137
19315
22604
21427
13965
14441
15874
16548
16377
14971
15067
17665
21055
21797
19298
18772
22328
20383
17420
17184
14955
14756
14345
14483
13800
14196
16022
15368
14900
16221
14316
13865
15319
17216
18905
16279
15265
13593
16210
17472
19027
17386
17390
15964
19496
17143
17703
18910
19199
20411
21378
22488
21030
18658
21614
18982
17292
17258
16759
17602
18649
16365
15633
15939
16219
15711
16846
16735
15257
14906
16482
14784
16748
19663
14280
13629
13292
14249
13060
13121
12115
12569
12516
12943
14026
13153
13516
13145
12421
13825
14568
15415
15147
15530
13841
12603
12786
13984
14297
15211
15043
15117
14090
15172
16174
16466
14329
15275
14526
14734
15549
16749
15140
16126
17859
19387
18972
18575
21110
19839
21061
20156
14608
16150
15051
19029
19257
17276
16855
16429
18488
17699
17503
17297
15962
15599
13273
13242
13842
13789
14553
16023
16273
14645
15175
14032
14296
16663
15868
15150
14973
16491
13621
12614
12584
13032
12624
13167
14148
13706
16316
16415
16145
15556
13346
12936
13258
14979
15825
15427
16049
14201
15617
16343
19626
19248
18628
19223
18413
16108
15008
14558
14101
15850
18247
21762
20938
21689
19904
19058
21443
22505
17563
16152
16399
15870
16827
16531
17282
14495
14147
14457
15374
15202
17708
18696
16828
13684
12775
13499
12955
12626
13003
13991
16259
17954
17692
16673
15715
13469
13806
13350
13449
15898
16517
16513
17360
17780
15037
12965
13442
13215
13198
12708
12468
13101
14018
15691
14137
14288
14471
16419
15316
13687
13935
15758
16673
16099
14819
14586
15237
16018
15859
14438
12847
12973
12511
13429
14358
14347
13585
13283
15485
15560
14224
13813
15308
13338
13916
14480
13949
15004
16144
15716
15047
13165
15803
14177
13105
12621
12572
12845
15743
14675
14224
15524
14373
14638
13839
12687
13042
14504
16220
13862
13231
13606
12713
12685
12409
12517
13145
13481
16440
17679
16703
14413
14161
15086
14122
16373
14736
15983
14898
14098
14492
17399
16494
17015
14994
13359
13164
15690
14719
13212
12523
13999
15132
15050
12911
13865
15574
15834
14093
13142
14286
14912
13869
13833
13942
14239
12615
14009
13950
15293
16799
17745
18538
16860
16725
15677
16672
22677
18739
18698
15930
17560
18449
16098
15131
16380
18375
15483
13342
15145
17621
15320
17670
13437
12744
12787
13769
13532
13280
12843
13045
12519
13094
13004
13496
17556
17648
15988
16089
15160
16272
16849
14517
15204
14831
15126
16151
13694
13775
12902
15092
16002
16721
17643
16237
15045
15029
15150
15453
16400
14236
14441
14761
15544
15206
16070
18292
14834
15993
16768
17159
15428
16404
16548
16121
16691
15553
15329
14156
13676
12584
13004
14133
14264
13723
13993
14633
14806
14676
15584
14787
14356
12688
13409
14037
13600
12338
14427
14562
14150
14450
14766
15814
16533
14503
15695
15266
14617
14165
15169
13860
13025
14471
15362
15229
15339
16085
14566
13497
13593
15189
18357
19739
21201
17170
17848
19542
20836
17138
21230
17289
15461
14336
16764
16299
14989
18566
21804
19042
16583
15398
18633
17779
17586
17698
16539
19161
15431
13494
14784
14084
14150
14546
15108
18042
18365
19492
17246
19763
20671
18852
20046
22380
21067
20669
20926
17986
16867
19599
17953
17638
18158
18328
15400
14080
17704
16957
16318
17485
18747
18447
17505
17842
16360
15376
16667
17479
14856
14167
16870
15968
17054
17614
16922
17593
21187
22399
18907
22680
21052
20732
20885
20334
16944
19101
19887
21682
20673
21903
19515
15992
16010
15467
13325
14153
14093
15480
17662
16493
13990
13291
15438
14403
14020
14855
12313
13139
12471
12634
13097
13864
14802
13993
14837
16630
13735
14998
13311
13800
13960
14347
12853
14240
14589
15000
15070
15696
15298
15716
16364
17415
15342
13336
13056
12845
13316
14952
13412
16018
14773
12982
12459
12735
13545
15765
16281
17825
17774
16971
16553
17315
15898
14240
15221
13361
14300
15043
14975
15450
13028
14239
13800
14159
13727
15370
14473
14497
13713
14001
15317
15764
14783
16932
15999
15529
16757
17200
13870
13355
14211
15893
15982
15077
14128
14553
17067
17070
18250
15901
14122
16714
17115
15942
18796
18466
17846
17831
15973
15611
16845
14566
18375
18281
23333
22973
17812
21966
22801
22011
15199
14391
12680
14220
13312
14167
13421
13433
13426
14252
14214
13405
13568
14673
15233
17214
16483
15998
16958
16501
17460
16731
16962
18281
16975
16959
15867
15694
15860
17873
16843
15402
16969
15349
17005
16189
21538
15720
19523
15747
14159
17656
14070
13856
14817
18487
18878
19273
20868
20155
16258
19249
19673
21166
24881
23523
17940
16208
13581
13512
13075
13457
13263
12483
12425
14487
13967
13465
13850
14915
15072
14562
14500
13919
15442
15227
17998
21165
21165
23230
18794
15575
16485
18687
16261
15788
14362
13200
14328
15703
14499
13536
13586
13538
16178
14500
12522
12583
13947
14519
14367
14658
13398
12979
14914
18310
20294
19433
19121
19236
15212
16750
16812
14016
17013
18301
18760
17164
15389
13650
15919
18985
19851
20739
18860
18595
17514
21023
17832
21504
20453
19783
16647
15248
14909
14762
17817
18602
17494
19571
18644
14124
13565
14447
13943
16181
16156
17191
19582
21433
18567
15255
17681
17460
19537
17952
18471
17410
14902
17426
15048
14993
15963
20788
18613
14304
17514
20397
19302
16984
13831
13250
15101
16218
16795
16610
15581
15468
15022
14020
16900
15619
14778
14767
14662
16133
17367
15585
15528
15264
15303
16604
14504
13276
12346
13114
15239
17560
14518
12476
13039
13292
14929
13426
12938
14191
14837
14468
14432
16071
17422
16318
16527
18230
16782
17468
18402
18291
14593
14857
13780
14089
14386
14276
14636
12440
12859
12494
12372
12547
14416
15534
15679
15971
16267
15310
15160
16970
18056
18091
17386
16387
18155
17038
16036
17979
15875
17420
20564
18065
18008
15276
15166
19038
18741
18700
23430
23269
15762
16029
14754
14986
17261
15669
14934
12987
12985
12634
13759
14731
15501
15240
17234
14797
15679
16738
14647
14759
13549
14194
13336
13767
14909
15846
13682
12847
12332
13664
16135
20707
19675
20167
17921
19088
17288
15993
16693
15158
13244
15668
16608
15550
15168
14261
16725
16039
16823
17103
16492
17415
19426
17093
17151
18147
19068
18759
18000
18272
17748
18966
19832
16504
15543
14527
12661
13298
16768
15805
16142
18885
16771
18015
15266
17397
17468
20708
19755
15899
17826
16301
15342
18117
18127
21232
16479
19913
19757
18622
20421
23017
23855
23153
21378
21057
23267
23137
22747
19618
16352
18837
15969
18199
18697
17904
16518
14042
15574
18381
20056
18598
18445
17756
16794
14086
17567
16007
16803
16345
16352
16378
15977
16836
18373
18898
15918
16695
16468
16585
18198
15247
19699
17884
17759
19046
15164
13713
14276
13238
12573
12552
13117
13987
14672
16047
15173
14767
16497
15957
13360
13729
14137
15525
19372
20302
21356
22324
17607
19006
16629
17883
16296
20757
21836
19394
17082
13848
14732
16137
16426
17422
19504
15527
14704
15408
15526
16029
17893
18066
15341
17454
19335
20745
16169
18766
22149
20841
20122
20117
17433
14921
16372
14428
14788
16815
17814
16483
17599
18061
17384
14669
17518
17936
18376
19016
17749
19322
18337
20889
17492
18529
18048
17757
20626
22677
23147
20426
15877
15573
16074
19794
18354
18212
17911
16688
16221
17865
15662
20193
18373
18145
16573
14299
13871
13656
12977
13319
14268
16436
14186
14146
15808
14532
17253
17453
18001
17258
16719
13490
13059
14305
14345
14521
14708
16493
20921
21172
19451
21375
14176
14937
19724
14874
16547
19104
22862
20835
20856
23981
22541
22928
21855
21225
21561
20440
21119
18637
20599
19618
18612
18190
17072
14858
13934
15572
15525
14919
16545
13473
14849
12905
14901
15810
16488
16551
16357
13078
13603
12741
14462
14774
15742
13481
13203
14522
16672
15539
15402
16457
17552
18156
19992
17476
17964
20487
22369
21493
22696
18967
16749
18333
17015
19076
20541
15159
17865
17067
18311
18964
17911
19492
18108
20076
21207
18341
19090
22747
19219
16682
14870
15721
18096
18497
16267
14593
14433
13235
14452
15729
14143
14573
14209
14349
15975
15930
16269
13937
15298
15467
19136
17123
14101
14368
13651
16403
14517
14739
14847
15159
15698
18662
22191
21174
18883
21851
22941
22335
14951
22419
21400
17275
14301
12950
13421
14223
16146
16564
16094
16177
15681
16687
16385
15462
14633
14299
13472
13323
13554
16523
15127
13544
13934
14672
13339
13110
13867
12563
12888
13238
12626
13653
15306
14435
13525
15633
17404
17294
17880
17332
15205
16907
15585
15964
16329
15713
15889
18067
17106
17512
18096
19297
20812
20898
19390
21924
20508
19219
18109
20824
19125
19197
20882
21372
21614
21293
21521
16642
18320
19178
18943
21741
17885
17223
16763
15940
17252
17451
16504
18084
17805
16058
17946
18566
15856
16226
15509
13924
15797
15510
12916
14996
16774
16938
15094
16195
16876
18203
16892
15293
15992
15805
16784
16657
17063
16901
13498
13007
12822
12378
14157
14645
14551
12879
12467
12487
12787
12873
13188
12623
11801
12758
12510
13367
15464
15619
14983
14387
15177
14437
15149
15531
13388
12723
12238
13058
12724
12528
12576
12491
13072
14008
13688
13721
13649
16843
16129
16155
17499
18461
18222
17211
14186
15222
13593
13399
15156
16353
14735
15421
18642
19395
16134
18594
16428
21492
20768
15097
14309
12831
12915
13372
15062
15990
14116
17157
18990
15180
14795
14185
15540
13446
12605
12858
12055
13237
14844
13153
13357
12919
14538
17822
16582
16192
16031
16263
17673
16059
16012
15956
16184
15253
16555
15746
15206
17807
19607
16726
15175
17012
20108
17913
17051
17054
19991
21028
19733
18795
21971
18827
15864
15310
15276
14746
13549
14519
13657
14581
16727
17690
19871
18127
19308
19181
20249
19250
18603
17081
19717
20662
20940
20896
20723
21122
23603
20555
14529
15477
17497
16348
18130
17252
18263
17541
16606
17635
15529
14019
14373
15887
16073
19798
21692
19995
19021
18477
18867
14816
14024
15961
14564
16077
17057
17757
15720
14186
16392
14875
16066
17118
17748
16376
17091
17156
18220
19227
21436
20557
18343
19223
19350
21235
17095
18387
18083
23665
22377
16930
17748
21537
19059
17942
17765
18691
17760
14885
19425
20660
20831
19448
17898
18904
15663
15525
16172
15064
16629
17928
17316
18855
23832
23938
21837
23512
20248
16540
16910
19461
19922
21467
20429
18244
18637
21349
20805
18996
19716
19693
18657
19277
18846
20267
19764
18482
18161
21596
23515
22173
23266
19645
18846
20566
19396
17884
16204
16793
18614
18723
19269
22961
19672
14500
14485
14109
14811
13735
14605
17450
20635
22984
21083
19866
21240
18218
16958
18051
18814
19235
13545
17391
17387
18382
17142
20933
16592
17977
20950
23621
21717
21377
24472
24422
21486
21539
23072
20346
21552
23672
21193
20228
19445
18519
17662
16287
17140
18890
20121
22534
20983
18251
20278
21910
17716
19462
19873
20245
19601
22033
22502
21038
19910
23095
23110
23109
18770
19735
20948
22246
23181
17651
14594
14502
16622
17852
19734
18266
17774
16445
18795
18406
18254
18330
18937
18171
15022
14478
15429
20605
22663
23987
23480
23040
22528
22199
22622
4192
13573
18014
14487
16218
15990
17469
17227
16609
17653
17454
18377
17329
15925
18754
17492
17782
16594
15823
15812
14347
13131
12725
14101
16763
14202
13087
15305
16795
17293
17733
14385
14399
13615
15277
14209
13468
17179
18973
18890
19290
17965
15498
15202
15541
15996
18240
18723
16769
13472
16241
17681
16142
13578
12894
12581
13198
13156
14390
15255
12982
14695
16328
16713
18361
18689
19455
19889
20800
19218
18715
15892
14611
14837
15413
16375
15498
15809
16529
14110
15445
16837
18315
17447
17773
17121
16724
17271
19094
18783
19250
21899
22491
21449
19697
21946
22100
19417
16431
19300
18617
18658
20647
19563
21614
19958
21396
20992
22166
20887
19554
16951
18208
15212
16470
20550
19852
18039
19162
22086
25287
25036
26090
26026
23965
22437
20298
24208
23703
20815
24077
24133
22084
22213
24525
25000
23038
17942
19646
20261
19192
18039
22022
20336
19999
21191
24217
20643
22872
23854
18599
24928
23515
24808
24117
25966
24020
24548
19390
20697
24430
24055
21008
19561
20857
18146
21398
21872
20723
22171
21286
20930
19733
20922
17886
20865
21180
21676
20862
19861
18799
20865
20748
24636
23273
23494
19319
22071
22560
23656
21594
22331
21620
19937
20262
21676
15382
14966
13331
14527
13389
13186
12709
12886
12524
13789
14390
14382
14462
16357
14991
17268
18993
18008
18047
17735
19266
17312
17599
18712
17135
21693
20754
17691
14660
14865
16679
15659
18366
15253
15756
16690
14697
15983
17099
17176
17901
17935
16041
14134
15150
16918
17130
14937
13652
13921
13599
14470
15491
15107
13364
13274
13550
13920
14380
15967
20528
19342
16979
15217
15765
17593
15884
17210
19545
21526
15845
19422
18089
15550
14420
15671
16104
14933
14795
16635
20571
16497
19596
17706
15214
16143
14393
14393
15182
13457
13870
13391
13193
13124
13761
13078
12869
12829
13134
12759
13346
13408
13224
13383
12629
14131
14687
14129
12871
15404
17265
15278
16506
16231
14306
13960
17173
15623
16208
14818
15722
14548
14181
16053
19486
17297
13494
15749
15726
13350
12827
13456
16573
18508
15878
15598
17197
16936
17045
17514
16631
14679
15148
15422
14981
14409
14006
14298
14014
14089
14642
18198
16405
22079
14856
