30070
27670
26395
22671
27677
25757
27501
26316
22222
26067
27480
25771
25359
24255
27100
25051
24891
25704
26585
26997
23682
25367
25909
25165
23046
21842
24913
26411
23304
23502
25148
22265
23924
25551
23568
24100
23056
23351
19881
18703
19268
20786
24716
25252
24657
19372
19780
20361
20930
18206
19184
21086
18479
20803
20360
18141
18757
20208
17624
16714
17815
15548
15732
16002
16887
18842
18232
19047
16206
16032
16177
17241
16540
17689
19488
17425
19234
17261
18618
19127
20057
18642
21685
20655
17643
17044
15630
17062
18588
18856
15549
15493
15242
16361
21666
26305
20890
22329
21552
20371
19840
21372
21786
19193
18534
21012
21904
24385
22018
22916
24763
24605
22003
18730
19749
22564
22453
21553
17691
18790
21329
20115
21158
20479
17905
17802
19317
18273
18529
19238
22203
19212
19681
19782
20732
20794
22795
20876
21319
19601
18207
17152
16422
15304
14917
14578
14969
16289
17311
15048
14970
15100
16405
16778
16794
21209
26904
24162
25111
25806
20044
22759
20795
21263
20726
21785
21266
19496
17545
16333
17706
18722
17409
19638
18813
19464
19807
25228
22229
26848
23086
23571
21576
20972
21237
17458
19518
18577
20203
18981
21167
22393
20499
20392
25586
22582
18999
19555
20985
21858
23680
26283
24166
20963
16328
16954
20371
18157
19968
19786
23978
17025
23131
20347
24245
24559
24890
22336
23158
21941
21451
19481
20536
18256
16000
18108
19798
20804
19839
18120
16389
22024
23281
19965
21654
22776
25201
20200
16220
15706
16435
16947
20253
19916
18706
16000
16770
17725
20207
20263
21867
17407
20109
22551
19350
17788
19078
20512
22376
24010
19604
22907
23904
20539
17104
15177
15293
18122
19057
16170
15766
15954
17852
24669
22325
23369
24113
21890
21658
21710
22872
22088
18756
16352
20532
22707
20343
18536
23543
22413
22186
22677
21133
16690
19477
22432
21061
28906
23021
17356
16803
18041
17207
21954
23370
25721
22102
24468
19847
21083
19882
20533
17701
17846
16314
15154
15311
16691
17523
15748
16018
18694
18107
19427
19591
17260
15740
17021
18040
19996
18899
18775
15989
16446
16490
16653
16286
17937
19214
18316
20136
19981
21689
20167
19560
18897
19420
18850
18809
17214
16636
16978
17118
17262
15021
15571
17163
15933
15843
17283
19055
19162
15207
14672
14644
17112
18308
19382
16659
18944
20213
20322
20229
20307
18684
20121
19335
20577
18196
16793
16995
15555
15789
16929
17045
19194
23214
22589
24417
25321
18876
18106
19968
19498
19281
16982
18474
20516
17592
21821
24804
26181
23687
24586
24301
23941
29263
27591
16501
17900
18969
20009
20745
17492
18064
20421
24045
26884
23370
23137
29475
25708
21274
21121
18776
17647
17252
18501
16589
16509
19749
18809
18263
18641
17673
17087
18008
19343
22360
20023
19258
16557
18750
22264
24169
21230
21328
19255
23986
21930
21535
23916
23495
24243
24697
27574
27895
23145
27489
24684
22444
20301
19440
20737
23455
19915
18108
19936
20013
18795
19775
18691
18620
18328
20007
17346
20341
22802
17139
15971
16448
16342
15273
16188
14738
14887
14745
15627
16200
16158
16011
16561
15310
16615
17453
18025
18057
19178
16577
15065
15487
16586
16790
18701
17990
17951
16692
18597
18647
19685
16860
17861
16769
16854
17774
19884
19077
18978
21330
23677
22510
22205
28298
24994
26662
24537
18626
18622
18906
22632
24553
19713
20546
19379
22788
22638
21539
20640
19379
18840
16301
16039
16330
16591
17198
19326
20148
17222
18302
17244
17219
19440
19079
17973
19158
19984
17110
15674
15446
15323
15535
15853
16658
16593
18639
20083
19161
18579
16194
16061
15860
17298
18909
17468
19316
17555
18200
19072
22933
23365
21792
22642
20685
19315
17507
16811
16805
18266
21322
24658
27090
29667
24071
23587
26969
29598
22980
18984
19134
18501
19313
19735
19893
17737
16673
17109
18213
17272
20227
22620
20147
16050
15199
15885
15400
15062
15491
16467
19626
21019
20100
20116
19230
16488
16503
16074
16029
18897
20000
19199
20325
21280
18304
15376
15662
16351
15966
15406
15251
15756
17189
18285
18003
17084
17674
20339
19329
16284
16684
18022
19673
19718
17646
17647
18002
18944
19226
17237
16242
16445
15497
15990
18182
17337
15963
15956
18811
18897
17230
16715
17521
16545
16041
17398
16626
17804
18930
18824
18460
15947
18905
17143
16774
15390
15312
15763
18590
17733
17137
17816
18402
18352
16489
15917
15462
17424
20094
17302
15501
15948
15424
15356
15016
15128
15823
15709
18404
21135
19345
17909
16315
18344
16879
19553
17854
19515
18274
16066
17255
21481
19844
21265
18373
16178
15994
18424
18511
15778
15020
16692
17491
18254
15705
16072
18315
19632
17228
15824
17205
18458
16813
16140
16857
17465
15760
15873
16750
17784
19724
21657
22063
20383
20498
18683
19498
29007
23758
22961
19369
21748
22959
20366
18626
19468
22975
18814
15973
17287
22756
18939
20624
16127
15264
15418
15793
16256
15633
15693
15447
15066
15568
15262
15766
20663
21499
19107
18514
18606
19991
20385
17489
17936
17632
18317
19773
16941
16407
15485
17939
19424
19349
20896
19957
17928
17562
17393
19685
20165
17860
17591
16770
19823
19443
18801
20465
17758
19015
20211
20529
18761
20066
20189
19138
20014
19234
19297
17429
16393
15367
15471
17344
16825
16598
16520
17933
16891
17117
19216
18698
17486
15437
16077
17323
16336
14824
16832
17388
17952
17920
17615
18929
19947
18445
18381
18793
17554
16780
18680
17402
15506
17739
18670
18009
17810
20234
18201
16762
16474
18040
22715
24095
24881
21647
20924
21761
24231
20747
24893
21241
18660
17069
19651
18962
17677
21997
27104
23024
20600
18028
21896
21573
20589
21042
19611
22165
18581
16292
17078
16960
16259
17072
17806
21425
22233
23507
21660
23365
25200
23170
23917
27446
26462
25008
26080
22153
20721
24196
21637
22573
21215
22338
18841
17084
20620
20274
19013
20947
22062
22476
20875
20650
19914
17737
20042
20984
18301
16997
19734
19415
19540
19285
19686
20847
23751
25347
21460
27076
24819
24784
24802
24564
20281
23503
24095
24140
23568
26985
23824
19064
19064
18608
16149
16251
16307
17915
20970
20223
16597
15457
17787
17889
15962
17990
14855
15371
15385
15254
15883
16171
18736
17385
17321
20397
16357
18392
16758
16739
16455
18564
16527
16560
17572
18276
17778
19733
18147
19260
19234
21447
19368
15931
15597
15110
16152
17877
16267
18212
17857
16380
14825
14890
16061
18956
19064
21178
21279
20802
20117
20541
19748
16645
17961
16290
17283
17454
18080
18827
15926
16832
16739
16504
16571
18415
17903
16800
15826
16618
18183
18653
17768
19398
18573
18427
20141
20153
16773
15556
16682
18842
19733
18287
17455
17487
20481
20238
22083
19033
16816
18551
20887
18261
23553
23406
22548
21607
19620
19230
20718
17888
22263
22422
30445
28984
22001
25473
26408
25552
18484
17945
15361
16301
16439
16866
16388
15676
15594
17389
17019
17024
16753
16971
18597
20305
20117
19661
20028
20184
20818
20065
20471
23588
20929
19530
20108
19225
19220
22278
19680
18567
19754
19525
19499
19322
26704
19501
23183
19695
17422
22039
17594
17054
17804
22455
22503
22774
24436
22867
20824
23078
22249
24135
28783
26539
21265
20009
16164
16426
15360
16162
15458
14997
15458
17163
17758
16552
16184
18724
18144
18765
16730
17430
18465
18695
21494
25420
24536
26951
21703
17932
19732
23025
19097
18999
17733
15862
16458
18183
18201
16298
16686
15647
18705
17505
15481
15247
16669
17179
17022
17552
16125
15266
17126
22607
24060
22897
23696
21219
19213
20891
20438
16800
18783
21217
22478
20370
18264
16441
18164
22796
23787
24942
23663
23024
21476
25895
21970
27427
25024
25994
20864
18446
17337
17926
22887
21551
21050
24144
23528
17279
15273
17489
16312
19339
18926
20409
22994
25797
22400
18093
20924
21166
23148
21664
21272
20801
18703
20527
17154
18646
18402
23131
22949
17793
20421
23437
23495
22809
17144
16503
18050
19786
19592
20585
19168
19485
18468
16637
20395
18660
17928
17986
17149
18915
20346
19392
19239
18152
18609
19939
18340
15918
15111
15829
17600
20807
17841
15213
16104
16326
18236
16267
16031
16620
17783
17330
17212
18861
20519
20236
19913
21225
19676
20899
21187
21652
18580
18368
16745
17602
16984
17111
17110
15337
15401
14736
14962
15134
16189
18367
18653
18919
18625
18892
17539
19418
21859
21513
21596
19164
21034
19949
18248
21656
18055
20956
24486
21394
21651
17971
17599
22001
24439
22277
30616
29728
19752
19561
17610
18467
20773
19524
17414
15297
15221
15817
15775
17521
17810
18355
20184
19115
18914
20464
18134
17839
17160
16665
16511
16005
16934
19461
16229
15353
15361
16345
18863
24380
23534
23424
22502
23582
21048
18905
19031
17962
15678
18917
19878
18873
18491
16711
19844
18571
20116
20500
19881
20305
23175
21915
20924
21879
24719
24663
22427
22017
21551
23165
24597
19096
19348
17995
15508
16045
19012
19758
19037
21997
19676
22434
17637
19857
20981
26051
23791
18017
20981
18500
17395
20006
21217
26032
20036
23219
23624
22986
26067
28069
29330
27862
26602
26015
30035
28987
30500
24658
19688
22977
18766
21879
22454
20986
19463
16300
18490
22337
23927
23003
21318
20934
19298
17262
19880
19304
19916
20171
19612
19300
19503
19100
22006
22206
19932
19959
19765
19734
22603
19276
25306
23438
21788
23858
18440
17351
17655
16044
14937
14988
15909
16409
18374
18794
17799
17720
19568
19516
16556
15911
15984
17852
22131
25402
27581
27775
20995
22334
20578
22954
19172
24352
27573
23930
21585
16999
18132
19029
20236
20537
23888
19252
17452
19239
18441
18770
21050
21096
19813
20917
22455
25696
19451
21477
24602
23060
24842
24944
21779
17891
18451
16970
17505
19491
21952
19624
21437
21404
20905
18688
20974
21634
22032
24170
21530
22806
23325
25980
22194
23361
23280
23561
26863
32304
29648
25762
19726
17886
19905
22842
21919
22845
23111
20340
19867
21194
17381
24058
21819
22990
20851
17697
16665
16524
15924
15865
16547
18964
17427
16490
18201
17135
20140
21296
22405
20654
21690
16235
15583
16266
16638
16940
16807
19556
26979
25646
23011
24649
16838
17384
22853
18643
19901
22259
28059
24163
25440
28791
27733
26990
27448
28316
27858
25233
24775
22791
25445
24640
21409
22869
19691
16789
16307
18165
17983
16336
20145
16189
17344
15903
17175
19729
20467
20037
18783
16173
16307
15648
17599
18016
19312
16356
15726
17348
19051
19538
18137
19396
20464
22179
23616
21013
20999
22554
26711
24001
27236
24303
20596
21420
19896
23106
25657
18349
20646
20578
23219
22678
20609
22109
22532
25277
26318
21409
22352
24767
21896
20276
17409
18785
21076
21478
19275
17475
17529
16388
15942
19308
16874
17021
16689
16619
18560
18750
19881
17486
18094
18539
22334
21456
17259
16685
17551
19160
17695
17724
17482
18807
18688
21796
24308
24202
22446
27166
25312
23954
18283
23873
24581
21220
17049
15690
16028
16515
18901
19461
19885
19080
18651
19255
20091
18985
17116
17911
16491
15702
15681
18886
18709
16224
16393
17417
16007
15977
17731
15459
15211
15825
15074
16108
17274
17157
16038
17942
19791
20820
20981
20209
18457
18822
18579
18709
19488
19111
18408
22176
21372
20688
21504
23078
24452
25573
23410
25598
24017
21487
21124
24739
21969
21723
23476
25196
25463
26792
26597
20753
21341
23202
22870
26638
21241
21280
20863
19121
22112
21216
21025
22651
20969
20996
21639
22209
19015
20059
18625
17195
18920
19166
15845
18031
19147
20221
19083
19874
19611
20805
20618
18909
18418
19254
20228
20049
20516
21342
16514
15700
14943
15103
16736
17303
17547
15290
14652
15452
15306
15536
15609
15599
14256
15140
15065
15518
18218
18018
17192
17859
17768
17302
17394
18639
16193
15161
14621
15596
15555
15160
15139
15006
15789
16473
16737
16062
17207
19782
19583
19034
20745
22249
21899
21065
16892
19112
16271
16283
17397
19301
17076
18636
24568
25985
18263
21362
19497
23848
24291
19092
16940
15717
15417
15845
17427
19119
18056
19706
21590
18659
17986
17819
18283
17266
15272
15678
14851
15350
18348
16609
15110
16093
16755
20649
20233
19092
19249
18771
21084
20601
18916
18691
19916
18043
20410
19531
17044
21140
23388
20131
18699
20851
24028
22620
20581
20980
22737
24595
24115
23288
24890
23515
18593
17483
17919
18152
15791
16680
17037
16925
19322
20926
23847
22128
24129
24284
24482
23547
22786
20479
22460
26655
26093
24745
26290
29611
31908
26485
19156
21586
21226
21032
21657
21518
24480
21576
19950
20177
18033
16792
16997
18609
19118
23387
24830
24660
21660
21645
22698
18578
17384
18770
17988
18868
20737
20866
19159
16887
18230
18418
20537
20118
20935
19448
20257
20432
22686
21965
24638
24649
22573
23623
23298
24559
20885
21604
22100
27858
27575
21734
21779
26439
24352
22481
21607
22144
21960
18285
21867
24290
24704
23672
21853
22799
19207
18298
18262
18188
19389
23059
21713
23957
31274
30937
26583
28449
25196
20646
20423
22755
22534
26223
25906
20931
22485
24384
25650
22191
21900
23821
22192
22909
23042
23659
22532
22082
20630
25576
26200
26917
26957
24462
22886
24122
25593
21121
18479
20062
21702
22533
23917
27470
23528
17513
16558
16132
17080
16269
17114
19889
24089
28256
25881
23301
26486
21192
20167
20867
21992
23267
16968
20265
22015
21474
19567
25739
21485
21879
26613
30950
26501
26907
30310
27517
25753
24283
26461
24659
23905
26199
24091
24082
22146
21511
20875
19279
19880
22158
24201
28730
26945
23334
23673
25140
20991
23643
23418
23561
22827
25404
25751
25275
24047
25999
26131
27619
22301
23298
22906
25031
27606
21721
17313
17005
19480
20004
22745
21437
21493
19693
22360
22350
21412
22448
22132
21961
18209
17028
17251
22889
26553
27978
28449
28153
27813
28163
29779
5753
17092
20705
17288
19061
19689
21753
21926
20844
22019
20979
22783
24186
20837
21783
20723
21477
19891
18676
19505
17053
15981
15160
16213
19550
16881
15936
18481
21153
22829
21113
16881
16702
15902
17738
16615
16314
19941
22728
23384
23124
21802
19178
17634
18097
19414
21863
22631
20329
16266
18545
21544
19040
15921
15206
15041
15699
15931
17114
18561
15654
17077
18814
20312
23141
23061
23644
23381
25095
23014
22745
19368
16871
18126
18793
19804
18205
18502
19082
18017
18589
20098
22408
22243
22535
21185
20749
20891
24363
24240
24014
25551
27704
24870
23474
26134
25735
24509
19257
22579
22361
21146
25226
23662
25193
23398
26177
24683
26738
25634
23151
20109
21160
18248
18836
25566
24523
24155
23460
29468
30748
29320
29619
29860
28759
25624
23184
27947
27281
23799
26989
27200
24622
27449
28260
30127
28158
21691
23146
25394
23289
21169
26754
25305
24895
24929
27766
23616
26336
26787
24060
27868
26423
27054
26346
27679
28197
26957
22576
22831
26336
26265
24206
22491
24643
22434
27941
27797
25332
27977
27853
25793
23545
24179
20923
25100
26182
26039
24532
23190
21245
23949
23750
27848
28154
28713
23870
25372
27470
28754
27314
27610
27691
28165
25686
27782
19045
16960
16382
17351
15859
15462
15552
15394
15161
16088
16314
16934
16516
19257
16938
19323
22772
21649
22689
20768
22736
21880
21408
21934
21631
30320
27343
20488
17117
16979
18823
18124
22837
18449
19349
19955
17839
18684
19668
21495
20966
20957
19209
17386
18117
19191
20705
18430
16441
16702
16210
16489
18181
17255
15532
15969
16263
17218
17309
19271
23943
22496
20556
18315
18505
19814
18777
20364
22730
24207
18889
22069
21458
19777
18605
19231
19558
18922
17586
19531
23846
19687
22113
20971
18799
19409
18726
18718
18586
16937
17541
17007
16712
16474
17290
16830
16068
15807
16185
16177
16713
16596
16435
16693
16277
16609
17424
17115
15960
17244
20485
19132
19600
20197
17440
17053
19838
18632
19620
18233
18591
17674
16975
18831
21920
20505
16832
18008
18619
16537
15591
16256
19121
21220
18156
18339
19956
19599
20748
20150
19271
17394
17840
19055
17896
17193
17144
16993
17508
16645
18418
21572
18834
27286
18132
