12994
16031
19286
17549
16438
18366
16857
19754
21020
17977
19744
17041
18456
16852
17743
17814
18846
18235
17683
17539
16966
17197
17625
18846
19825
19057
18334
18536
19569
18911
19233
19136
19121
19634
17601
19188
20064
19192
20883
19332
18282
19814
18712
17180
19946
21261
21096
20635
21156
21315
20498
19212
20138
21528
21004
22421
21301
21681
22076
20650
22416
20309
20651
20831
20530
21868
20755
20966
21259
21177
20927
22049
21729
21488
19834
20032
21702
20771
20821
21510
19711
19645
20991
21358
22116
21514
20538
20634
20962
22784
20821
20135
20035
20785
18877
20307
20894
20592
19075
20066
21157
21263
20555
21176
20396
19963
17638
19722
21951
17708
18476
17158
20591
20955
20336
19712
20124
21920
22132
21251
20182
21720
20861
21681
20599
21580
20514
22898
19595
22468
21025
21870
19679
20839
20762
19870
21067
20262
21650
21094
22405
21674
21988
21009
20417
20348
19603
19830
21941
19802
19679
20640
20195
22866
19040
19284
19263
19389
19785
19632
20867
21365
20056
21938
18729
19413
22343
21298
22003
20310
20780
20883
20988
20144
21968
19582
20296
17756
19319
17142
19700
20459
20603
20778
19273
21398
20297
20713
19238
19628
19983
19529
18260
19004
17590
18516
21583
20393
21424
18746
18979
18229
19470
21687
20871
19552
18857
21025
22980
20562
18928
20433
19008
19588
17952
18586
18774
20864
21130
20079
19544
19625
21344
21622
20741
20550
20389
19641
19959
22133
20747
19628
19239
19899
20163
21241
19332
20610
20724
21134
20621
19815
20652
19605
22575
20451
21069
21402
19574
17853
20693
19807
20760
19787
21913
21694
20360
19387
18949
19641
19225
19841
19166
20635
22408
19788
20202
21659
22072
21300
20476
20211
19949
18051
19131
19173
18079
20155
18899
19432
18670
21307
21798
20224
19640
20147
21115
19940
20041
19797
19233
20709
21163
21900
20552
20416
19766
18604
19533
20793
20308
21899
20371
18189
18160
20306
18018
18510
19582
19920
19621
22654
21776
21755
21412
19641
20552
20429
21873
21415
19834
21618
20677
19593
22004
21994
21817
20998
20015
19945
19772
20850
20954
21157
20699
21078
21146
20792
20843
19583
20312
19956
21642
20185
19411
20382
21673
20455
22554
20153
21467
21728
19891
21823
20645
20438
20366
20146
20744
20880
20901
22172
20860
19803
20349
19569
20061
20324
20796
20790
19670
19382
18701
20278
22186
20106
21293
19125
21199
20903
22171
20253
20138
21886
20754
20099
21644
19899
18489
19889
22059
20258
20771
19946
20941
21112
20012
20712
21392
19827
18723
19087
19328
19603
20059
19172
15529
15713
20590
21180
20783
20271
21888
21337
21219
19449
18561
18863
19246
19106
16899
19950
19172
20648
20692
22345
20590
22129
20797
20105
20791
21956
22010
19951
21854
22093
21522
20370
19506
19293
22997
21100
20267
20849
20178
20434
21091
18441
20096
19670
20207
20492
18670
17179
15869
16450
18800
20314
16999
19926
22139
20356
18959
18169
20392
21677
20311
21058
21758
20443
20082
19147
20454
20871
20254
22295
19025
19470
20839
21160
21242
20653
19867
21054
20034
19434
20705
21126
20636
20977
21016
21655
20144
21869
20445
21261
21202
20673
21983
20738
20052
21269
19475
21095
20266
21205
21378
21377
21031
20535
20726
21918
20449
21305
19337
19790
21970
20595
19927
19863
19435
17698
19279
18426
17238
18672
21646
20750
21762
19323
21703
19711
19863
20645
19512
21528
20116
19335
21089
21909
21795
20179
21252
21635
19996
20778
21448
21591
20952
20077
20429
20603
21524
21654
22263
20865
22388
20591
19714
20755
20420
20321
20368
21708
19227
21076
20695
21798
22111
21009
20988
18995
21089
19930
20676
20776
21665
19864
18048
19386
19488
20509
21230
23349
21421
21434
20520
20235
19656
15863
17480
17570
19203
19721
17108
17492
22174
21445
21115
20594
20411
20533
19867
21308
20762
20974
20873
21566
19870
19875
21792
20916
20911
21555
20871
19883
20295
20392
20597
20126
18094
20482
20944
21110
21072
20859
20095
19747
20172
20086
20796
19679
22488
19938
20565
22036
21328
20584
20091
20351
21093
20148
22820
19638
21083
20255
22527
20927
21306
19776
18207
20811
19468
22706
20199
20769
19960
21208
21796
21551
21107
20998
21910
21159
20940
19392
19909
22065
21971
20922
19692
21051
20546
21678
21143
19896
19838
20571
21497
20245
20054
21054
21279
20538
20506
19901
20873
21322
20599
20956
22452
22040
21561
20271
19648
19393
21162
22241
20853
20318
20011
21379
20082
20926
20485
20259
19454
20145
20818
21874
19811
22117
20191
21585
20804
20446
21453
20051
18418
20571
20495
21876
21280
20593
21092
20562
22516
20869
19947
20528
18563
21721
20222
20807
19570
19573
21935
20846
20843
21662
20863
19835
20571
20908
19260
20588
21140
21016
20110
20499
19031
19973
19750
19787
19913
15408
19320
19984
19862
21357
19659
20815
20290
19303
19260
20031
20121
19386
20461
21469
18789
20387
19138
19457
20111
20091
20679
20056
19744
19599
20440
19986
20675
19699
19709
20266
21036
20832
20775
20933
20831
19978
21713
21107
20999
21708
21692
20785
21637
19914
19701
21049
21157
21767
20704
20061
21650
21349
21842
20350
20493
21656
22871
20307
18702
19175
19671
20929
21158
20176
21567
19999
20071
19410
20389
21843
21521
21100
20660
20122
22216
20565
21521
20535
21476
20568
20938
21682
22847
19681
20065
20100
22270
21510
19665
20362
19598
21230
22343
21850
20137
20901
21906
20214
22313
21944
20521
20869
23054
20662
21131
21880
21034
19807
20935
21331
21887
20488
18755
19079
19195
17748
20618
19489
18120
19187
19744
19316
22000
21699
20644
19646
21045
21869
19362
18544
19548
21919
20957
19939
20940
19027
21461
20825
20311
20877
20774
20045
22026
21161
21696
21125
20465
19921
20696
20464
17676
19867
20317
17414
16837
17471
16983
17688
18737
19169
18845
20433
21392
20035
20308
21913
19819
19338
20665
20903
19351
19969
19890
19767
19131
21642
19583
21195
20946
21958
20619
19021
21554
19405
19462
20109
19053
18957
17538
19399
17580
17743
18359
18819
19897
20549
20062
19943
18202
18006
18285
19799
20131
21170
21544
20892
20396
20583
21237
20248
20964
21696
20658
20117
21753
20560
20879
19055
20365
20355
20411
21432
20426
21444
21947
20726
20913
20372
21233
21197
21106
20006
21197
21102
19724
19729
21343
20899
22206
21199
20179
19023
19475
22658
20985
20573
21266
20740
21577
22009
19608
21131
21666
21352
19530
19531
19258
20636
18789
19862
20931
19775
18798
21783
20661
20883
20647
20510
20910
20224
20264
21236
19454
21514
20928
21606
21407
22565
20754
20161
21320
20953
20631
21517
20264
20283
20407
19933
20784
21976
20958
20512
20761
22449
21784
21825
20751
21048
19643
19943
21354
21154
19407
21274
19379
19726
20604
20175
20915
18534
20802
21374
19601
18657
18507
12969
14258
20545
17184
15678
16439
21748
22181
20762
19561
21602
20624
20842
20435
19555
20359
20625
22487
21663
20716
21024
19549
20183
21010
20427
19622
20364
21266
20387
21225
20980
18274
22974
20975
19835
20913
20645
19729
20535
22380
21972
20372
16567
20759
17859
21954
20229
20483
20678
20623
20565
18156
17718
18595
19734
20089
22635
20570
18120
16506
16528
16060
19599
20568
20440
21150
20284
20453
20659
20463
19994
20177
21584
22109
20623
21907
19918
21054
21527
21392
21031
20913
17626
17622
17965
17722
18032
20585
19998
19533
20408
20165
21881
20860
20189
20006
21569
20981
22610
20277
21135
21439
20660
20283
20883
21538
20725
21598
20278
20510
20247
20762
18655
19081
20988
19804
22621
20357
21210
20920
18945
18745
18650
21790
20972
20578
20809
17878
18705
18202
17915
18998
20620
18962
18276
16225
15757
17154
19150
19321
19915
19758
19044
19162
20580
19213
19198
20899
19447
21226
20162
20681
19801
19269
20886
18697
21319
19932
20761
20749
19764
20302
19316
19725
22335
20572
21317
21278
21225
18033
20300
21032
20018
18703
18984
21304
20846
21324
19556
20474
19239
20964
21113
21199
20199
20755
20741
21254
21684
22255
20589
19618
19557
21214
21249
21718
20898
18883
21945
21046
20897
20655
19534
19582
20781
20012
20713
21275
21614
21174
20247
19603
21534
21837
21331
19910
19547
22099
22104
19873
19574
19418
20372
18543
22047
21322
21544
21114
20561
20685
21467
20870
20788
19770
20555
19928
21243
19784
20476
20870
20026
21106
21276
19822
20129
20200
21189
20816
19909
22551
20022
20330
21228
20135
19816
19551
22224
21455
20702
18792
18614
16678
14302
14506
21657
21045
20623
20240
20147
22534
21005
20351
19740
21097
20919
20734
20031
20284
19810
23271
21758
20561
21089
20828
22197
19648
22356
20692
19578
21180
20396
20139
20418
20805
19588
18800
20654
18913
19225
19668
20860
20573
19928
21478
20579
20671
19617
21935
21746
20613
20462
20754
19335
22203
19646
20900
19189
19605
18920
18810
18503
20412
19999
19409
17732
19452
19711
20716
21624
21725
19950
20249
19060
22765
21209
20336
19060
20409
19831
18673
19836
20470
20422
21416
20384
21485
21216
20275
18946
18865
19894
18539
16904
19218
19615
16590
16317
16774
18125
17207
14620
14426
15476
17926
19289
18914
21086
19052
20337
18992
21577
20368
20408
19564
19032
18396
19167
19807
19766
21331
19460
20323
20593
20455
22103
20180
19298
19865
20059
19197
20157
20922
20357
18652
19207
20176
17627
20599
19441
18197
20206
21769
21993
20215
19603
19577
20704
20267
22085
20408
20553
20695
20174
20438
21552
20874
20015
18841
18097
18473
19360
17902
18613
18375
20923
22330
21144
17945
19350
18184
20840
20984
21590
20482
21623
18194
18042
21534
21300
21486
20912
19889
20139
20130
21707
20359
18795
19308
19059
19494
18448
18311
19101
19250
22745
21384
20288
20387
19751
20322
21399
20135
21350
21184
20405
22241
19517
20939
18882
20120
21048
18493
20745
17210
20240
20586
19266
18603
19176
14500
16806
18099
21157
20376
20575
18549
18661
20655
20736
21389
20633
21851
19372
19105
19000
22020
21927
22023
21388
21299
20666
20653
20862
21192
22871
20954
21101
20021
19327
20662
21294
21112
22046
21468
20997
19924
20291
20693
19583
20769
20112
18952
17733
17562
21102
19691
19733
20782
20982
18011
17172
18703
17937
16204
17095
17143
17021
18112
15941
18378
17555
19971
19293
19619
18743
20098
21151
21200
21021
20061
20859
20970
21007
19989
20326
20994
20541
21686
20905
20600
21333
20669
21089
20976
20696
20770
21138
20812
19935
21134
19402
21357
21142
20942
19593
22366
19643
20430
20158
17773
19170
18286
18823
20704
21665
21853
20612
19918
19868
21787
19748
18438
21171
21496
20331
19298
20671
19848
20258
20889
20737
17129
19913
21286
20322
20537
19012
21637
20186
20756
21875
21388
20844
21042
22099
19607
21053
20000
20178
19958
20999
22571
20511
19951
18839
19786
20751
19496
21235
19749
21319
21461
19655
21645
19995
19207
17735
18353
18709
19829
17598
20057
21048
17562
17881
21515
20896
20559
20800
20498
20754
19680
22344
20445
21045
21052
19784
21709
19992
22499
21401
20079
20725
19775
21675
21602
19892
22002
21123
20377
22041
20442
21318
20680
19570
20695
20280
22193
20943
20393
19795
20549
18820
19862
22236
19677
21056
19005
21603
21472
20965
19747
20868
20440
20687
19228
17709
17557
17507
19437
19657
20473
18544
18644
18106
20759
16547
16765
16466
18221
17895
20819
19452
19070
18102
16664
18650
17738
21358
19121
19211
19759
21174
19548
19735
21376
18945
20686
21395
21112
21071
21476
20596
21623
19973
21191
20429
19088
20714
20959
20892
19332
20316
21693
19410
21031
19937
21350
19439
21810
21270
20942
20075
20849
20520
20030
22467
20505
20201
20361
21030
20671
20514
20664
19592
19541
20473
20418
20070
20899
20097
21499
19877
21807
20639
21933
21591
19970
19717
20261
19887
19374
20687
20615
20314
20181
21430
20308
21697
19001
20667
22356
19908
19307
20533
21376
19971
22058
21015
20578
20201
21467
20257
21149
19246
16793
19704
18433
20784
18467
19634
21490
21412
21453
20751
20997
20324
19003
22149
19330
18926
20430
20720
21820
19703
22112
20574
21703
19849
19868
20740
22330
20503
20687
19128
18409
20912
20039
20911
20266
20009
22450
20755
19776
21915
21270
22238
22728
19202
18798
19956
21291
20920
21953
19515
21225
20987
22254
17664
18483
18826
21330
18408
21297
22838
21398
18973
21912
21372
21307
21457
21296
20314
19105
17848
19427
18396
20501
18223
19604
22212
20856
18319
18617
18288
17693
17399
16746
13768
17297
21107
19244
19920
20703
17334
19280
19158
19798
20937
18853
20578
21285
20663
21010
20736
18577
17585
19303
18210
18651
19750
22140
20710
20476
21466
18276
20207
19021
21887
21396
18888
19795
21539
20229
19896
19913
20733
20542
20301
18809
18355
18400
20399
19550
20595
19102
21456
19447
20994
17897
16809
19454
18055
17617
19867
19424
20937
18945
21888
21161
19629
19076
17895
19801
20343
19592
21198
21091
20953
21512
19789
19852
19762
19089
12757
15122
16399
15415
20109
20934
20731
20039
17501
17181
19645
20486
18170
17388
19786
19419
16757
19145
20691
18845
19320
18796
19271
21138
19349
17686
16072
16885
16363
18599
20219
18012
20289
21344
20276
21054
20328
19638
19290
17614
19052
21674
21034
20661
21432
20123
20773
19910
16784
16767
18870
19040
17513
18621
20111
18991
17404
18832
20843
19647
21575
20759
18278
18665
21238
19751
17113
16569
18465
15296
14182
14851
17114
17171
16612
19284
17930
16838
18405
17809
21234
20829
21429
20599
21264
19248
18211
16637
17352
19344
18753
17397
19930
19481
18392
20143
18760
17133
17299
19361
18312
16757
16397
17433
19090
19592
18884
18428
17669
20561
21216
20358
21852
20086
18675
18471
19194
19904
18150
20525
19203
19333
18297
20281
20726
20874
19965
18306
17508
16743
16044
16779
16497
17589
14745
3185
21143
19902
20127
19944
19966
20066
20198
20017
20438
18682
18091
20763
19895
20265
19457
19390
21401
20358
20903
20707
21422
20427
20582
19350
20398
20161
21264
19764
21357
21671
20803
20920
21431
21985
21037
20467
21651
19351
18171
19929
21058
21882
20825
20925
21053
19568
20044
20581
19944
20728
20242
21955
20841
20164
20193
20578
20227
19656
21545
19770
20060
19665
20371
18667
17737
19837
19194
17587
19576
19450
21970
21464
21644
21057
21810
21457
21394
20120
22597
21787
20421
19060
20630
20752
19872
21261
21049
19592
19229
18334
18106
17721
18633
17713
17171
20577
20523
20937
19132
21269
19447
18448
19406
19640
18653
18745
17800
17253
18693
17820
21047
19358
21256
19696
18574
19607
20570
19828
15227
12267
13703
13194
13955
14937
16122
17618
14719
16009
16376
16207
15857
16989
15458
14762
14363
15910
18283
17877
19575
20752
18681
16860
17770
17398
16611
16157
16987
16658
16014
19594
14723
16710
15908
15815
15252
15381
16775
18081
17896
16287
15246
17208
19246
16964
18101
15356
16488
17039
16682
17729
18204
19729
19481
17905
17594
18649
18260
18837
19846
20411
18888
18077
17167
15644
16960
19048
16796
16931
15906
17380
16190
16707
18203
17684
16595
19733
20576
21994
21964
20965
20451
20075
20325
19592
20172
20050
21702
20339
21086
21477
18154
19435
18987
20408
20549
18609
19264
20026
19562
20466
15970
17181
18469
19892
19305
19956
19716
18977
20368
21281
20061
21464
19903
20358
22246
19900
18247
21099
20894
20676
18646
20360
22380
20738
19444
21500
21484
22828
20725
19786
20104
20705
20757
22021
21126
19199
19025
19446
21955
21415
19180
22210
19575
18703
16543
20581
18185
19068
22683
20701
20979
20908
22389
21245
18642
21261
19779
18068
20591
20856
19240
21268
21965
21145
21307
21029
21188
20911
20298
21532
21093
19976
19700
21506
20128
20116
21140
19985
21436
19892
19613
21156
21702
20996
19705
20077
20234
20321
21375
22000
20766
20111
21880
21156
21310
21330
21681
20131
19462
18727
20323
20506
19307
21165
20459
19476
19073
19294
20619
20881
20346
19284
19582
20358
20706
20982
20237
19402
20566
20145
21137
20163
19331
20644
19696
21804
21026
19252
16135
20487
