12664
15340
16722
17848
15391
15416
16052
16843
19158
16904
17412
17562
17672
16990
16415
16731
16914
16669
15999
14970
15829
16802
15788
16472
20442
18202
16165
18136
18152
17192
17332
20025
17913
16780
17618
16210
18446
20139
21106
21542
19421
17753
16497
17746
18372
20302
20458
21051
20632
20902
20549
18389
20078
19841
18984
20776
19712
19812
20913
20438
20834
21442
21772
21707
22016
20318
21342
19676
21897
20901
21742
20597
21776
20822
20695
21520
19803
22230
20464
20665
18784
20078
19218
20301
20604
20736
21768
21749
19473
20066
22192
20742
21726
22212
18575
17899
20126
19657
18341
20017
20000
19724
19795
21145
21582
20330
17200
16763
19592
18718
17055
15612
20565
21191
21085
19388
18539
19572
20887
21036
20165
19929
18876
20323
21251
21467
19939
20967
20822
18561
20430
20303
22032
19636
17806
19131
20184
19810
19784
20348
19970
20981
20400
20133
20407
21103
21535
21984
20596
21222
21235
21404
21467
20528
22010
18377
17353
17158
18115
17562
20736
20029
21190
18876
20017
19044
19079
20375
20728
22046
20647
20928
21922
20137
20912
20948
19284
17194
18925
15996
18838
18630
18940
20070
20460
20613
20054
21082
20125
20336
18494
18570
20439
19258
18237
20091
20169
21236
20301
20453
18382
16251
18245
20273
21150
22334
21217
21463
19715
21001
18709
21897
20158
18066
17923
17232
16652
18493
18656
19998
21198
17312
19351
20336
21124
21101
19862
19269
19297
20848
21230
17980
18167
19386
20368
19161
17379
19001
21587
21262
21462
21612
18635
19080
20353
21925
21259
21854
20889
18111
18183
21273
19660
18073
20922
20931
20352
19950
18401
18030
21102
18195
18297
20236
19935
22030
21347
21025
20298
21533
20796
20903
22073
17089
19065
19104
18404
19642
19554
19621
18946
19194
20546
21763
20716
19379
19635
21065
17978
19322
19308
18044
19273
20273
21401
19934
19231
16592
19023
22101
21675
20726
21299
20096
17294
17425
19491
17296
21776
19837
19601
19687
20867
20667
21064
21920
21659
21922
21091
21658
22467
21269
21062
20031
19489
20517
20636
21351
21443
20344
20302
20975
22015
21310
21265
21405
21287
21351
20561
19690
19449
18409
19103
20118
19763
20841
20016
20635
20593
21297
21310
21100
21581
20478
20942
21003
20955
21635
21502
20514
20198
20805
21040
21427
21128
21184
20473
19237
21581
19978
19858
20172
17598
19071
20409
20475
20058
19857
20468
21067
20511
21542
21768
20120
20626
20874
19352
19776
17609
17095
20425
21382
19939
20283
19703
21544
21233
19276
20845
19485
16850
16712
19065
17928
18694
18427
15504
16360
21533
20714
20976
20597
19073
20947
21199
21234
17383
17039
17682
18491
16408
17095
19026
20352
20179
21125
21467
19972
21642
22121
19528
20407
21021
20468
20941
20646
21404
20875
17435
19824
20368
21701
21194
18779
18404
20212
19692
21254
18432
20892
19215
18105
19167
16263
15974
14262
14975
17537
16288
17712
19298
20640
20146
18144
18357
20362
21017
19615
20278
21538
21293
21072
21049
20848
19922
20602
20887
19161
21310
21201
20877
21315
22015
20998
21451
21980
20759
21056
21379
21766
21137
21149
20814
21084
21803
21120
20321
20001
20604
21263
22565
21558
22519
20389
21616
19834
21694
20993
21153
19850
21750
21520
22783
21510
22178
20620
20376
20764
19538
19449
19786
19060
16200
18524
16440
17232
20810
21454
19881
19397
18445
20985
18934
21148
17701
19612
20301
19373
19484
21285
20255
21184
20921
20899
21395
20511
19615
20482
20346
21848
21917
19923
20709
20807
19612
20034
20702
20873
21465
20759
21354
21445
22019
21330
20540
19746
20650
19872
20292
20742
21009
21546
20718
21409
19703
21041
19620
19805
17878
18508
18507
18884
20726
19946
21414
21100
22012
21238
20654
17893
15562
14916
18265
18962
16865
16091
19663
20942
20878
21767
20715
21297
19964
21652
21271
21412
20922
21081
20761
18281
19532
21276
21083
20713
21572
21516
21318
21580
19596
19657
17362
19960
20536
21375
21295
20584
21482
20384
21405
21014
20801
18644
20792
21597
21425
20077
21075
20328
21575
21877
20716
19750
20715
21842
21315
19908
20087
21557
20954
21572
19955
19708
21598
19808
20664
20060
20530
21266
20493
20553
20784
21404
19870
21301
21597
22335
20450
19718
21015
20986
21559
21091
21849
20217
21670
22101
21132
20037
20286
21665
19891
21701
21204
21458
21063
21946
20066
20868
21774
20836
19718
20588
21262
21681
22059
21110
19264
20814
20738
19978
21426
20545
22110
21069
21241
21490
21040
19032
19896
20818
22366
20671
22400
20095
21644
20217
20632
22394
20549
19870
20224
18978
21069
21884
21118
19948
19514
20671
21033
21338
21855
20120
21510
20829
21309
20107
20645
21268
20797
20650
21294
21316
21864
20058
22288
21098
20667
20530
20295
18473
19885
19618
19907
21009
19661
15544
18760
18831
21053
19809
19778
20208
21642
21841
19369
20873
21337
21919
18754
21268
20146
21107
22180
21786
21229
20970
20502
20125
21057
21292
20576
21127
22034
19624
18818
21576
21298
20740
18450
20239
21827
21513
20839
20918
19768
21624
21551
21270
20297
20879
20166
19599
19938
20937
21822
21956
19959
19640
21220
22315
20800
19598
20469
21830
17914
19709
18705
19255
20427
20208
19907
19711
20161
19447
20078
20095
21333
21337
20836
21463
20042
21615
21755
22378
20259
21687
21289
20305
19624
21131
21813
21426
20957
20719
22260
21475
22303
20895
20905
21174
21387
19719
20781
21715
20013
19769
21333
20485
19888
21022
21207
19807
21379
21009
20029
20929
20630
21106
21393
19414
17997
16935
19265
20688
18284
17008
19138
17451
19030
20988
21306
20015
20507
21107
20019
16883
19152
19701
21397
19983
18919
20175
19315
20941
19089
21209
21198
21363
20408
20521
20235
20870
19652
19895
19473
18915
18811
16889
19280
18469
15376
16520
17413
16142
20099
20097
18385
19145
19116
20547
18666
19922
22329
19011
20297
20824
19423
20440
18622
20375
18410
19642
21947
18720
18383
20334
21483
20426
20355
20386
20142
20705
20718
18251
16953
19720
16641
15952
17534
17524
16822
19728
19835
19857
17920
16698
16438
18167
21900
21197
20754
21522
21630
21499
21247
19933
19907
20809
21494
20640
20073
20929
20420
22650
20857
21306
20865
21209
21710
20272
20581
20521
18107
21934
20069
21168
21313
22350
20912
21263
22457
21671
20472
22092
18783
21212
20035
20935
19486
20602
21842
21661
21254
21684
20097
20849
20719
20919
20751
20919
21253
22530
20774
20769
19008
18638
19137
20401
18751
20844
21766
20661
21529
21702
20670
21957
21138
21305
21848
21000
21565
20975
20969
20009
21693
21694
21299
21173
20737
20916
20350
20308
20725
20220
19372
20615
20733
21723
20609
19072
21100
20722
21367
19738
19670
18056
20304
21108
20452
18503
22335
17776
18549
19184
19822
20793
20207
20276
21523
19906
19817
13816
15129
19169
16331
14847
15288
19708
20691
20921
22182
20885
20868
20865
21810
22175
21273
21381
20538
21078
21133
20330
20510
18473
20685
20803
19936
18978
20322
20368
18348
20151
21067
18881
21770
20916
19462
20768
21795
19588
19095
20538
21713
16211
21165
19614
19846
21440
19035
21136
20991
20446
18825
17398
16928
15242
18358
18972
17932
19094
16753
12991
15096
18221
19063
21767
20778
21129
21517
20562
21838
21750
21798
20215
20838
21178
20346
20945
21194
21522
20795
21104
20860
19357
16391
16982
14418
18517
20685
19671
18431
20310
20718
21058
21185
21949
20768
20564
20990
20243
22359
20027
20934
20871
21301
21434
20968
21138
20747
21894
21595
22104
19239
16733
17117
18503
19931
20067
20452
19050
21363
21834
18426
18091
19616
20035
20389
20650
17800
18715
18248
18486
17436
19895
17357
19304
16219
17466
17472
20052
20987
21455
21675
19456
19368
19628
19285
18855
21047
21748
20584
21479
19460
21096
20803
19434
16930
18709
21791
19162
19436
18720
18345
19846
18264
20431
19369
21118
20731
21188
18640
17521
19625
21065
18357
16922
18983
21047
20508
21185
19769
20183
19733
20437
21134
21335
22064
19870
20766
21019
20435
21648
20635
18546
20246
19697
20794
20940
19936
20888
21161
21492
21430
21723
19132
21471
21481
20628
21014
20102
20452
21427
22131
21059
21479
20721
20700
18484
19894
19865
18966
20395
19221
20306
19124
19755
20969
20995
21042
21177
21749
20966
20888
20369
21852
21326
21474
21533
21985
21943
21035
20633
20546
20597
21043
18422
19078
19311
20580
20462
20763
21403
19644
21006
21042
19155
20563
19920
20728
20896
20245
19767
19509
15198
13713
20567
20895
21423
20685
18918
20788
21047
21906
21429
20633
21240
21590
21802
20143
20364
18995
20667
19194
21228
21865
20714
21918
20546
21171
22013
20890
21873
21991
20671
20923
21180
16871
17779
17686
18725
18581
19326
21417
20034
20517
21482
20033
20778
21064
20941
21368
19908
21018
19368
19664
19970
20485
18558
18925
20382
19505
16855
17038
18072
19720
18854
18222
18722
20738
19712
20920
20913
21585
20509
19230
21868
18930
21511
19306
21138
19470
18804
17371
19100
21731
21323
21590
21370
21074
19690
17695
19510
18557
17449
17728
16600
15068
13619
15279
16647
17025
15174
15820
13820
18397
20926
19348
20446
19495
18893
20315
20205
21278
20903
19133
16807
18888
19866
18649
20280
19981
19051
19653
19961
19731
19130
20318
19398
19995
19587
19492
20583
17631
20848
21054
18125
20107
16967
19879
20036
19911
21082
20473
20613
21300
21640
21755
21005
21382
20422
20757
20981
20857
20773
19849
20429
20970
21627
20705
16203
18172
16707
16104
18168
17917
17520
18628
20718
19356
17838
18311
19608
20950
20291
20674
19907
21820
17526
19997
21338
20812
21182
20201
17413
19784
18758
19609
18552
16863
21772
18820
17320
17326
16204
17299
19455
21334
20595
22004
22070
20385
18820
21684
19256
19728
19395
19035
20128
19165
19152
17549
19726
18745
18618
16949
19894
18614
20109
19307
17694
13934
14022
16698
20378
21185
20750
19369
17966
19967
19412
20324
19793
20282
21477
17818
19344
19355
19298
21136
21246
20662
21553
20488
21342
20865
20156
21524
21563
20784
19884
18623
18472
20251
19713
20847
20755
20828
21676
21270
22041
20134
17575
18345
17801
16071
20821
21730
18570
21258
19574
19639
15875
16858
16541
14784
14859
14960
15508
15333
16870
17545
17823
19241
17358
17404
18472
20080
21244
20852
21163
20603
21345
21534
19430
22299
20852
21462
21623
20345
19578
20884
21045
20701
19683
21181
21823
20517
19834
22109
22063
21131
19596
19840
21234
19854
19830
19505
19284
20229
20436
19882
17308
16885
16840
18295
20511
19356
20008
19186
18840
21348
21421
21088
19137
19694
21143
20847
17902
19119
17202
19977
20510
17613
17516
19459
20766
21944
19062
20447
19774
21672
20929
20736
21523
19347
20620
21543
21513
21930
20321
20999
19594
20875
21491
21160
18234
17606
21693
21893
20912
19715
21533
20459
22062
19662
21585
20033
16075
16479
17758
16549
17126
18553
21386
16885
17055
19536
21275
21590
20777
20897
21027
19272
19584
21188
20713
20610
18683
19979
22185
20022
21180
21511
21619
19989
20345
21192
21355
19777
21249
21367
20304
21215
21131
20614
22131
21360
21518
20720
21787
21152
19160
20371
18317
19236
20870
21613
21090
20453
19441
19790
21214
18653
19177
20453
19241
18994
15909
16586
16747
16246
18757
19717
19410
17190
18104
19253
17534
16621
15592
15820
16526
20052
19684
18569
19738
17013
17679
18703
19248
19974
19425
19737
19447
19059
18918
19305
20094
18947
20347
19829
21067
21094
20638
20080
22249
20732
21104
18648
20398
20790
20987
18527
20256
20490
21444
19925
19013
20090
19674
19623
21812
20958
20992
21302
21518
21822
20038
20620
20889
21168
20180
21276
20846
20950
21413
21506
21544
21386
20589
20754
21867
21038
21530
20854
20811
19891
20608
21380
21079
20929
20812
21042
20918
20728
20856
21574
20596
21400
20585
20559
19816
20129
19152
19008
17539
19477
21977
20543
20649
21288
21621
20611
21396
20576
18681
16912
20470
19669
21057
17946
18263
21461
21408
20753
21417
21057
21533
18570
20822
20754
16429
20414
20519
20873
20516
20689
20732
20036
21333
22294
20134
19968
21472
21371
22683
18057
19734
20849
19364
21214
18527
20005
20026
20481
19953
20493
18348
19417
21941
18008
17761
20364
19323
19190
17688
19435
19226
19332
18270
16280
18144
18586
17219
17824
20391
21126
21635
20967
21023
21157
21195
21138
20519
20080
18431
19092
17775
18534
18379
18830
18809
21036
19594
15998
17423
16789
15622
14639
12859
17385
18457
19186
19894
19469
19529
19145
18850
19241
20504
19889
20515
21413
21612
20983
21392
17611
15570
17399
18764
17977
18109
20345
21696
21770
20685
20471
19415
19384
20776
20788
20454
20503
19544
20653
17858
20718
21126
19533
18783
17736
16139
17134
18617
18181
18222
18775
19366
18242
18592
16293
15553
19184
19622
16910
18402
19212
19270
18701
19248
21644
20481
17645
16835
17655
20183
18585
20540
21043
20960
20527
20671
19156
19611
18495
12695
12943
15890
14632
16982
19358
19313
18205
17930
16365
16460
19873
17790
16517
15253
18871
18430
16801
19041
16934
17687
17521
17844
18197
20858
17141
14795
15284
14597
17235
18673
18633
17213
20255
21460
18672
19561
20435
18296
15648
16620
20442
21257
21741
20728
21475
21315
21247
18681
14555
15166
16120
15944
19605
20205
20020
19002
17395
20566
19728
18255
19891
21725
16191
20264
19251
16676
14497
17511
16718
13841
14667
16037
17540
15460
17754
18775
15886
17508
18325
18657
19538
18910
21441
20094
18913
17379
15553
16210
17854
17526
15935
18165
15948
17012
19840
18081
16409
15843
16528
19032
15636
15171
15560
18076
17047
18335
16772
15899
18898
21160
21843
19898
20127
17611
17369
17022
19126
17371
18084
19701
19052
17096
18245
21075
20829
21679
19564
17373
16284
14305
15407
15641
15166
14468
2762
21166
19459
22207
21382
20770
19223
19570
19265
20165
19842
17371
18370
20091
17913
19764
18649
20658
20455
20774
21260
21556
20941
21621
19751
21495
22081
20568
20149
18980
20087
22133
22026
22105
21601
21475
21839
21044
18953
19123
18599
18382
20802
20994
21243
20407
19187
19091
19598
21814
20155
18968
20198
21168
21635
20675
21023
21367
21674
19978
21110
20739
21313
21000
18691
18534
19132
17894
16420
18586
18398
20666
20899
20515
20998
20564
21559
20831
20839
20092
20834
21214
19645
18852
19645
20231
19271
20592
18845
19236
17646
15532
16024
15693
17298
15802
16722
17429
21252
19359
19460
20492
17037
18085
16962
18490
17138
17529
16273
16789
17655
20294
18709
20038
20663
18434
18670
18339
18510
15141
11807
12904
12107
12481
14304
15649
17421
13424
13752
16653
14752
14062
16325
15307
13374
12590
14274
17793
20895
16592
19097
20016
15178
16419
18050
16032
13826
17335
15820
16117
18972
14192
15130
14087
15893
13867
14090
15767
18912
18102
14730
15710
17105
17576
16754
18400
15520
14693
17399
16629
15323
15980
18741
18682
20252
16734
16209
15415
16497
18854
19249
18868
17922
16229
14633
15227
17991
14902
15438
15228
17011
16019
15466
16330
18449
16597
20959
21958
19910
20503
20884
20563
21152
21039
21133
20813
21634
20572
21310
20149
21478
20679
18461
18677
19131
20354
18482
18926
20752
18955
19986
14838
15558
19134
20399
21379
20560
20908
19113
20992
20499
19812
20739
20619
19537
19841
18930
19650
20775
21115
20871
19856
18216
19473
20727
21031
20297
19704
19857
21449
21526
20382
20915
20596
19693
20629
19089
17697
19019
21151
20979
18231
19578
19138
17266
16663
20312
18818
18008
19387
20742
20636
20230
20193
21672
21394
18424
20571
18031
19271
20775
19893
20588
20228
19191
21411
20133
20606
20394
21076
20108
20678
21455
21732
19460
21358
21498
20422
21949
20353
21703
21617
19139
21184
21098
22101
18715
21047
19075
19539
20250
20764
20133
19790
20522
21047
20573
20195
21214
19773
18439
19180
21828
21054
19003
21006
22206
22042
20939
18731
20601
21140
20763
19765
19582
19116
20036
22463
21776
19556
20450
20570
21245
22095
20911
21873
21039
18901
21370
16315
20804
