13218
11685
10586
10067
11036
10133
11198
10389
9921
11268
11286
11224
11019
10590
10964
10793
10249
10619
10735
10675
9764
10844
10653
10307
11003
9745
9963
11346
9976
10096
10450
10352
10461
10454
10141
9752
10049
10579
9642
9566
8937
9059
10295
11019
10355
9514
9458
9681
9792
9157
9334
9209
8764
9200
9146
8550
8826
9200
8599
8312
8700
8108
8300
8491
8904
8888
9080
8896
8640
8127
8488
8363
8549
8608
9449
9082
8743
8971
9194
9049
9200
9013
9638
9288
8470
8526
8208
8489
8584
8789
8468
8056
8172
8550
9736
10758
9616
10167
9387
9532
9246
9520
9956
9430
9432
10136
9252
9931
10372
10621
10376
10284
10144
9082
10068
10126
10283
9201
8620
9318
9900
9360
9396
9330
9044
8965
9315
8806
9631
7997
10300
9014
9855
8889
8723
9297
10106
9691
9430
9229
8527
8520
8013
7653
7725
7802
7955
8446
8244
8029
8036
7930
8738
8155
9057
9337
11130
10050
10435
10794
9618
10085
10236
9079
9750
9586
9142
9386
8535
8697
8818
9026
8922
9290
9001
9987
9034
10498
9744
11226
10213
10181
9585
9906
10277
8810
9257
9163
9573
9240
9443
9796
10087
9813
10861
10714
8958
9524
9372
10438
10294
10683
10495
9722
8376
8984
10115
8923
8952
9499
10574
8710
10719
8867
10395
10148
10517
9650
10049
10029
10508
8452
9180
8760
8210
9261
9093
9557
8932
8783
8630
9692
10134
8877
10070
9812
10179
8896
8628
8173
8491
9320
9027
9046
8566
8460
8370
8790
10146
9317
9232
8958
9382
9846
9075
8973
9368
9802
9973
10066
9748
10008
10304
9419
8243
8414
8404
8689
9031
8465
7919
8468
9327
10265
10183
10200
10590
9704
9937
9754
10276
9704
9084
8455
9667
10085
9348
9094
9756
10275
10440
9943
9555
7909
9773
10184
9564
11333
9970
8949
8952
8779
8773
10562
10223
10046
10506
10481
9966
9766
9198
9000
8852
8630
8283
8237
8169
8804
8530
8194
8691
8934
9009
9255
8717
8094
7888
8426
9174
9389
8860
9167
8347
8250
8423
8427
8182
8827
9300
8906
9146
8816
9230
9513
9205
9199
8901
9034
9072
9030
8413
8417
8913
8397
7615
8080
8635
8325
8253
8536
8921
9030
7966
7929
8005
8843
8905
8908
8584
9159
9327
9646
8818
9044
8771
9330
9223
9563
8819
8501
8300
8427
8420
8101
8539
9482
10102
10798
10479
10386
8846
9396
9482
9463
9351
8874
9346
9089
8770
10010
9858
10203
10421
10440
10484
10607
12120
12067
8834
8475
9478
9844
9214
8794
9132
10372
10446
10846
10209
10044
11626
10870
9860
9908
8867
8513
8893
8456
8521
8898
8980
8903
8716
9295
8633
8258
9006
9305
9615
9243
9106
8433
9426
9462
10375
9596
9771
9833
10317
9908
9521
9995
10552
10222
10822
10691
10461
9774
11455
10068
9867
10029
9528
9365
9891
9303
9222
9241
9307
9198
9968
9861
9447
9133
9041
8565
9842
10387
8791
8208
8521
8695
8431
8105
7859
8279
7540
8177
8491
8207
8127
8245
8112
8425
8951
8983
8795
9067
8227
8003
8509
8620
9183
9035
9088
8498
8431
9000
9149
9250
8470
8674
8965
8577
9492
9412
8692
9092
9676
10491
10236
10497
10861
10979
10866
10474
8756
9214
8757
10252
9735
9540
8994
9475
9498
9655
9942
9479
8725
9065
8023
8334
8135
8194
8780
9072
8922
8645
8526
8986
8789
9067
9101
8763
8624
9340
8280
8161
8282
7709
7897
8311
8610
8337
9109
9155
9081
8799
7873
8083
8226
9139
8995
9227
9013
8783
8481
8938
10077
9899
9467
9935
9966
8906
8963
8442
8715
9317
10134
10767
11136
11469
10610
10491
11493
11449
10240
9217
9527
9459
9550
9905
9528
8789
8472
8798
9322
8682
9877
9845
8821
8311
8056
8168
8248
8016
8434
8654
9009
9654
8969
9343
9104
8456
8558
8074
8360
9150
9712
9472
9902
9389
8824
8160
8207
7729
8374
7980
8101
8336
8671
8771
8539
8831
8775
9461
8683
8569
8323
9623
9672
9362
9210
8148
8679
9179
9189
8807
7781
8126
7459
8257
8127
8672
8316
8521
9005
8569
8592
8287
9129
8382
8379
8122
8316
9082
9302
8776
8673
8435
8947
8404
8149
7803
8154
8385
8812
8667
8810
8818
8427
8535
8289
8253
8264
8815
8787
8353
8019
8179
8186
7904
8199
7731
8213
8234
9140
9232
9149
8673
8730
8880
8931
8961
9036
8986
8807
8854
8829
9451
9094
9111
8992
8738
8199
8702
8268
8088
8001
8600
9173
8549
8213
8287
9110
9169
8699
8260
8415
8588
8489
8295
8714
8516
8350
8534
8027
8699
9453
9564
10339
9376
10089
9082
9152
12960
10903
10337
9847
9904
10499
9425
9194
9866
10450
9459
8470
9308
9945
9345
10081
8344
8407
8407
8398
8188
8077
8157
8177
8283
8240
8211
8337
9329
9492
9448
9430
8936
8800
9642
8918
9017
8629
9023
9196
8494
8314
8050
8722
9589
9363
9318
9039
8922
8925
9098
8750
9009
8739
8961
8347
8620
8762
9616
9185
8721
8601
8916
9489
9046
8855
9624
9153
9050
9107
8953
8515
8390
7819
8169
7793
8838
8476
8756
8604
9039
8734
8915
8386
8458
8401
8482
8056
8298
8135
8671
9176
8610
8360
8763
9650
9264
8614
9262
8796
8377
8474
8834
7938
8089
8641
8438
8849
9154
9123
8758
8144
8215
9325
10404
10279
10501
9386
10079
9700
10154
10107
10088
9223
9022
8774
9247
9035
8820
10094
10944
10362
9295
9256
10114
9504
10050
9484
9313
10029
9277
8366
8779
8127
7938
8109
8591
9663
10435
10526
9340
10464
10423
10240
10592
10950
11066
11181
10762
10813
10152
10432
9551
9628
9871
9917
8726
9047
9400
9590
9333
9585
10318
9596
9902
9619
8879
9246
8851
8916
8509
8792
9322
9087
9860
9664
9668
10232
10912
11218
9945
11361
10154
10137
10394
9805
9414
10256
10966
10703
9946
10831
10236
9538
9295
9016
8497
8509
8545
9129
9877
9245
8278
8136
8960
8174
8182
8521
8538
8283
7930
7805
8075
8841
8750
8315
8454
8666
8742
8564
8425
8464
8954
8585
8247
8959
9012
8898
9043
8398
8841
9135
9334
9678
8885
8180
8398
7953
8314
8540
8040
9236
8894
8161
7548
7886
8869
9355
9479
9606
9301
9025
9610
9410
9206
8669
8634
8316
8916
8744
9302
9244
7952
8840
8239
8703
8193
9077
8467
8574
8505
8364
9025
9309
8806
9200
9171
9059
9499
9036
8286
8172
8829
9204
8604
8904
8453
8800
9142
9381
9555
9058
8601
9330
8806
9549
10121
9999
10044
9779
9817
9199
9416
9474
10520
10500
12993
12438
9763
10819
11007
10661
8734
8704
7991
9086
8223
8542
7976
8320
8461
8881
8720
8106
8176
8739
8932
10023
8993
9298
9500
9321
9269
9428
9733
9907
9585
9912
8658
9494
9413
9620
9249
9489
8956
8380
9343
9474
11119
9358
10759
9044
8831
9483
8599
8460
8904
10343
9718
9542
9748
10006
8944
10094
10020
10309
10747
10949
9288
8952
8458
8289
8066
8421
7673
7984
8288
8940
8413
8010
8456
8683
8732
9051
8569
8301
9258
8875
10179
10581
10449
10843
10117
8892
9196
9880
9384
9154
8596
8167
8564
9285
8597
8558
7790
8644
9004
8666
7954
8128
8440
8410
8489
8518
8528
8077
9131
9646
9834
9727
10214
9913
8546
9769
9126
8679
9979
9566
9694
9391
8495
8149
9000
10007
10407
11181
10574
9663
9989
11061
10677
11964
12423
11391
10080
9621
9299
9289
10318
10264
9969
11086
10492
8432
8594
8596
8516
9061
9855
9911
10417
10567
10109
9348
9448
9666
10226
9501
10086
9107
8558
9168
8771
8955
9076
10557
9504
8319
9724
10341
9631
9565
8606
8127
9174
9175
9628
9345
9163
9186
9180
8637
9408
9037
8734
8550
8630
9487
9050
8791
8662
8798
9188
9435
8799
8269
8114
8388
9129
9468
8922
7767
8035
7854
8688
8084
8420
8944
8660
8562
8392
9156
8937
9114
9144
9659
9334
9722
10128
9685
8539
8912
8180
8687
8533
8804
8461
7774
7869
8103
7921
8111
8628
9255
9408
9196
9196
8847
8823
9740
9546
9938
9663
9190
9796
9587
9459
9776
9265
10315
10677
10213
9664
8801
8962
10819
11274
11002
13220
12555
9303
9554
8913
9146
9255
9052
8591
8454
8281
7854
8311
8769
9077
8970
9812
8082
8790
9154
8823
8873
8312
9004
7982
8281
9089
9392
8638
8503
8052
8285
9570
10413
10179
10007
9803
10179
9153
9293
9287
8598
8417
8839
9456
9034
8935
8582
9262
9133
9248
9370
9430
9518
10273
9868
9869
10269
10206
10144
9530
10237
9924
10046
10392
9366
8714
8641
8176
8325
9273
8198
9396
9761
10261
9800
9057
9273
9649
10379
10352
9196
10195
9227
8936
9936
9844
10780
9369
10414
10527
9775
10333
11073
11005
10978
10754
11380
12803
12992
12444
11127
9744
10486
9333
10455
10083
10186
9289
8445
9152
10184
9797
10331
10281
9464
9325
8176
9185
9201
9300
9286
8789
9100
9095
9055
9939
9883
9352
8594
9575
9868
9802
8859
10496
10134
10018
10902
9168
8245
8534
8281
8299
8064
8191
8661
8608
9180
9116
8681
9513
9238
8124
8159
8629
8938
9066
10970
11082
11159
9156
9726
8575
9488
9573
11119
11372
10640
9286
8396
8715
9163
9279
10417
9911
9059
8716
8954
9241
9067
9109
9707
8446
9518
10042
10175
9962
9815
10635
10032
9954
10256
9516
8857
9306
9102
9217
9336
9375
10043
9490
9858
9427
8372
10061
9760
10131
9878
9838
10393
10294
10994
9967
10274
10668
10477
11005
12455
11636
10932
9555
9193
9455
10656
9452
10113
9869
9412
9209
9728
9210
10458
9894
9913
9239
8721
8377
8248
8203
7807
8693
9247
8365
8667
9092
8793
9411
9504
9519
10014
9434
8253
8330
8603
8874
8836
9170
8898
10745
10976
10084
9958
8383
8874
10208
9154
9222
10652
11335
10234
10532
11608
11160
10818
11213
11111
12257
10916
10974
10259
10533
10316
9896
10402
9726
8889
8670
8958
8742
8698
9089
8719
8598
8022
8937
9423
9371
9657
9149
8200
7817
7663
9021
8625
8774
8607
8522
8639
9144
8962
8996
9154
9690
9490
10448
9574
10149
10717
11055
10282
10795
10046
9605
9516
9457
10181
10826
9054
10039
10171
9970
9903
10262
10716
9290
10884
10705
10116
10639
11418
9524
9411
8667
9438
9531
9619
9147
8804
8478
8190
8571
8667
8306
9155
8586
8649
9232
9229
8898
8279
9192
9469
9772
9055
8872
8789
9017
8764
8710
8494
9136
8646
9430
10319
10046
10054
9709
10532
10786
10143
8940
10559
10942
9494
8309
8168
8148
8382
9240
8858
8685
9160
8977
9122
8987
8658
8931
8283
8184
8543
8174
9158
8789
8250
7932
7983
8010
8480
8211
8264
7660
8018
8436
8647
8944
8426
8255
9058
9271
9591
9448
9378
8830
9597
9012
9212
8928
8885
9338
9693
9318
9952
9681
10755
10115
10505
9802
10427
10753
10036
9830
10592
9957
9782
10435
10494
10424
11076
10997
9570
10133
10516
10841
11581
9298
9799
9383
9250
9963
9566
9061
10150
9360
8988
10143
9910
8854
9263
9183
8372
9050
8969
8679
8631
9429
9226
8965
9335
9279
9309
9482
8913
9610
8937
9381
9383
9686
9130
8335
8232
8074
7930
8349
8993
8235
7879
7777
8123
7773
8006
8164
8274
7870
8225
7953
8296
8684
9021
9012
8527
9151
8676
8828
8772
7984
8124
8200
7869
8102
8061
7831
7819
7966
8565
8031
8462
8434
9843
8986
8946
9473
10405
9246
9404
8781
9103
8193
8368
8885
9179
8870
9088
10901
11616
9034
10327
9371
10270
10583
9243
8617
7826
8157
8239
9112
9028
8511
9768
9021
8802
8837
8801
8990
8364
7962
7748
7869
8480
8770
7722
8298
8085
9291
9280
9303
9358
8825
9425
9397
9020
9117
9448
9195
8763
8684
8624
9275
9088
9900
9437
8504
9084
10240
9961
9318
9271
9993
9764
10164
9858
10586
9586
8670
9075
9558
8818
8195
8594
8338
8505
9485
10029
10510
9788
10764
10714
11125
10376
9953
10391
11093
10712
11298
10585
10750
10951
12624
11509
9137
9689
9967
9560
10176
9536
10342
9694
9564
9764
8793
8599
8717
8963
9491
10077
9876
10155
9995
9369
9885
8768
8787
9378
8572
9267
9448
9475
9313
8293
9550
8868
9031
9816
9217
9607
9746
9539
9797
9512
10407
10020
9730
10075
9878
10965
9351
9583
9602
11272
10815
9546
10023
11153
10387
10056
9619
10022
9470
9347
10662
10523
10193
9767
10068
10186
9102
9083
9120
8923
9683
9843
10299
11090
13329
11936
11307
11568
10155
9019
9222
10003
10046
10729
10196
9738
9889
10647
9874
10147
10467
10120
10012
9816
10097
10152
9962
9552
9823
10988
11095
10576
10804
10368
10047
11038
9999
9800
9407
8788
10033
10476
10325
10806
9893
8593
8537
8684
8426
8694
8795
9991
11138
11108
9984
9285
10533
9926
9620
10189
10210
10045
8318
9591
9606
10105
10453
10386
9826
10046
11344
11504
11446
12158
12702
11617
10591
10775
11185
10335
10908
11311
10611
10602
9854
9579
9303
9562
9155
10062
10282
11425
10855
9744
10293
10221
8981
9299
9588
10538
9872
10819
10452
10034
10737
10963
10627
10688
9822
9720
9979
10302
11202
9664
8871
9033
9079
9917
9763
9037
9012
9041
9547
9138
9974
9853
9669
9573
8724
8633
9311
10971
11197
11712
11192
11134
11540
11342
12429
2512
8556
9529
9081
9681
9385
9540
10137
9075
9890
10032
9767
10143
9331
9065
9847
9590
9305
9059
9198
8867
8227
7927
8328
9357
8598
8507
8726
9871
9399
9480
9080
8928
8464
8843
8811
8477
9467
10338
10467
10371
9543
8764
8728
8948
9180
9642
9736
9308
8622
9256
9772
9248
8371
8253
7941
8140
8275
8879
8656
8272
8747
9585
10022
10521
11057
10654
10202
10492
10062
9858
8892
8780
8744
9017
9197
9060
8967
9374
8216
8983
9911
10475
9568
9977
9851
9512
9769
10701
10985
10709
10386
11116
10049
10297
10442
10464
10172
9662
10445
10119
10249
10460
10359
10441
10327
10607
11148
10819
10472
10090
9656
9459
8714
9614
11327
10367
10123
10548
12457
13140
12354
12307
11755
11839
11208
10220
11516
10910
10637
10919
11046
11112
11575
11632
11798
11525
8918
11241
10585
10323
10149
10946
10289
11005
10691
11412
10757
11020
12131
11038
11695
10977
11070
10976
12272
11747
12169
10448
10867
11080
12118
10949
9900
11138
10151
12060
11247
11060
11844
11188
10604
10344
10859
10105
10556
10490
10481
10257
10474
9704
10803
10392
11776
11311
11586
10007
10357
11203
11434
11207
11558
11479
11030
11085
11814
9332
9018
7711
8505
7997
8080
7920
8155
8067
8239
8626
8526
8597
9070
8720
9785
10194
9945
9839
10151
10239
9699
10157
10001
10068
11779
11453
9938
8924
9003
9596
9276
10251
9220
9189
9817
8801
9086
9416
9144
9353
9935
9262
8743
9008
9316
8887
8594
8218
8345
8018
8089
8809
8984
8507
8045
8293
8475
7970
9053
10772
9815
8994
9029
8953
8987
8605
9357
9848
11276
9332
10036
9368
8493
9001
9122
9310
8789
9150
9948
9973
9512
9880
9484
9484
9574
8807
8440
8556
8497
8480
8621
8372
8499
8209
8285
8573
8647
8054
8327
8523
8054
8837
8428
8706
9153
8090
8646
8419
9351
9018
9695
9213
9239
8458
8751
9449
8542
9327
8854
9396
8428
8961
8998
9785
9333
8858
9558
8604
8609
8880
8992
9763
9580
9158
8897
9848
9252
9603
9159
9287
9299
9498
9141
9049
8786
8787
9104
9001
8972
8890
9773
9822
11967
9193
