23970
22668
21376
19296
22701
21517
23037
20908
18010
21967
22836
21933
21611
20424
22299
21529
20938
21084
22628
22662
21221
21261
22231
20816
20104
18491
20568
22129
20013
19912
20785
18255
20065
21006
20489
20012
18804
19654
16939
16012
16260
17527
20413
20863
20143
16683
16714
17323
17713
15464
16214
18312
15720
17170
16815
14982
15497
16494
14471
14239
14385
12829
12891
13669
14366
14903
15341
15325
13835
13206
13540
14752
13730
14363
16093
14664
16201
14731
15006
16050
16788
16128
16977
17385
14274
13960
12968
14265
15376
15088
13435
12577
13097
14191
18563
21101
17446
18874
18759
17109
16440
17518
18073
15854
15875
18138
20449
20755
17405
20456
21505
21525
18666
16010
17206
19606
19563
17652
14826
16202
18338
16138
17881
17338
14602
14929
16583
15508
16126
15132
19048
16015
17579
16572
16715
16957
19324
17912
17527
16050
14992
14283
13307
12120
12145
11939
12919
14135
14037
12836
12522
13031
13717
13419
14905
18033
22978
20115
21860
21686
16897
18821
18168
16887
17587
18132
17577
16324
14396
13555
14798
15704
15010
16605
15885
17221
16170
20879
17212
21610
18941
18720
17870
17042
19037
14694
17305
15849
17324
15584
17788
19229
16996
16973
19168
18597
15201
16870
17224
18249
19011
21004
19491
17402
13662
15024
17567
15308
16060
16677
18527
14510
18878
16717
20019
21010
20682
18416
18733
18426
17904
16457
16997
15089
13010
15419
16431
17869
15970
14607
13378
18642
18895
16489
18247
18133
21231
17073
13615
13048
13800
14292
16804
16341
14999
13124
13586
15166
17826
17564
18364
14413
16845
19409
16421
14597
15925
17782
19005
19510
16659
18426
20956
17027
13705
13023
12864
15459
15753
13612
13080
13114
15594
20973
18028
18652
19911
16909
17300
16615
19081
18241
15078
13695
17538
18193
16190
15615
18389
17981
18268
18627
17784
13676
16090
18406
17209
22395
19325
14989
13927
15310
14295
18473
19026
18796
18328
18820
17206
17341
16447
15950
14881
14231
14142
12903
13204
14244
14523
13472
13966
15340
15152
16307
15721
14079
13137
14870
15446
16424
15151
15371
13565
13984
13564
14382
13146
14663
15893
15982
16989
16771
17184
16693
16032
16063
15591
15965
14487
14229
13625
14428
14388
13693
12097
12621
14206
13767
13440
14284
15304
15875
12863
12433
12324
14768
15117
16294
13915
15001
16943
17439
17715
17695
15158
17292
16414
18016
14806
13631
13805
13348
12917
13712
13884
16680
20043
19449
21626
21118
15689
15725
16937
17099
15950
14803
15811
16782
14974
18602
20496
20793
19323
19546
19239
19055
22173
22218
13883
14928
15522
16842
17144
14390
15113
17349
19934
21078
19660
19423
22275
20532
17303
16970
14727
14640
14382
15087
13891
13683
16201
15071
15034
16160
14500
13752
15034
15980
18230
16372
15489
13933
15667
17888
18981
17565
17080
16467
19243
18018
17975
19041
19575
20115
21642
22265
21333
18704
21595
19039
18129
17249
16227
18120
18338
16260
14785
16361
16063
16144
16321
15733
15391
15012
16241
14677
16625
19094
14014
13220
13711
13494
12988
13322
12356
12743
12670
13459
13439
13896
12966
13079
12677
13558
14768
15347
15030
15840
13460
12866
13793
13741
14456
15530
15401
14408
13765
15610
16286
16477
13907
15698
14617
13810
15341
16812
15256
16108
18148
19528
19218
18079
19978
20305
21653
20184
15115
15956
15302
17973
19114
16731
16894
15615
18446
18339
17705
17655
15488
15102
13117
13032
13129
13961
14319
16142
16174
14184
15206
15292
14778
16290
15864
14447
15424
16157
14457
12600
12766
12528
13233
13458
14287
13689
15917
17202
15929
15685
13794
13569
13323
15577
15974
14799
16314
15015
15645
15637
19882
20274
18998
18970
18032
16051
15105
14395
14633
15739
18556
19883
21073
22831
19655
19188
21508
22606
17272
15661
16251
16278
16197
16921
16573
15308
13731
14723
15474
14425
17232
18914
16831
13571
12958
13204
13024
12844
13298
14099
16011
17686
17104
16677
15962
13958
13566
12758
13035
15723
16749
16225
17339
18385
15641
12683
13050
13398
13330
11958
12582
13223
13463
14875
14391
14406
14679
17123
15775
13649
13895
15070
17493
16716
15207
14002
15468
15918
16323
14395
13248
12902
12745
13763
14905
14050
12990
13261
15989
14696
14192
13692
14975
13934
13167
14128
13608
14736
16313
15568
15919
13764
16604
14383
13586
12550
12495
13251
15582
14816
13862
14778
14753
14789
13416
13551
13267
15121
16617
13863
12634
12651
12604
12487
12552
12414
12957
13170
15828
17376
15258
14194
14501
15306
14436
15871
15306
16124
14571
14062
15107
17038
16803
17786
15182
13930
13118
15400
15049
12487
12830
14115
15611
15136
13020
13033
15718
16111
14053
13067
14529
15562
13812
13937
14146
13989
13473
13372
14057
14856
16575
18350
18315
16906
17008
15955
16647
21892
18876
17941
16193
17222
18241
16773
15291
16365
18456
15543
13406
14612
18045
16142
17432
13567
13381
13439
13297
13150
12920
12654
13047
12851
12659
12896
13440
17661
17912
15956
15886
15093
16443
16580
14829
15298
14575
14874
16667
13849
13752
13010
14608
16002
16049
17641
17059
14919
14950
14352
15781
16438
14522
14406
13898
16289
15739
16026
17412
15009
16077
16688
16704
15399
16654
17265
15731
17104
15509
16071
14341
13467
12287
13029
13455
14057
13574
14369
15115
13918
14330
15965
14969
14371
12981
13217
13970
13286
12874
13761
14681
14958
14029
14278
15228
16169
14853
14934
15248
14664
13498
15464
13623
12987
14629
15040
15295
14888
16633
14709
13615
13830
15445
17863
19400
20258
17938
17265
18985
19756
17005
20916
16768
15469
14313
16786
15819
15156
18868
22410
19075
17472
15245
18648
18076
17984
17336
16571
18713
15068
13778
14249
13980
13339
14043
15585
18471
18880
19266
17959
20223
20939
19549
20614
22309
20577
20942
20662
18386
17165
18892
17258
18009
17974
18918
15109
14580
17682
17602
16406
17730
19338
18978
17567
17572
16689
15462
16218
17576
14755
14512
17192
16480
17298
17131
17907
17265
20595
22610
19091
23553
20984
20504
20789
20517
16480
19122
19984
21300
20907
23633
18821
16214
15908
15944
13620
14188
14468
14941
17768
16346
13846
13239
14424
15047
13484
14600
12694
12786
12336
12843
13216
14013
15192
14366
15060
16837
13495
15307
13832
13747
14010
14840
13679
14442
15129
14627
14871
15159
15278
16763
16244
17352
15689
13414
13003
12548
13539
14118
13175
15325
14860
13324
12527
12801
13713
15194
16489
18428
18153
16745
16619
17413
16109
14237
15452
13271
14853
14245
15566
15818
12917
14202
14217
13685
13678
15361
14402
13824
13328
13982
15342
15225
14504
17014
15471
15705
17203
16637
13986
13024
14209
15854
15705
15055
14278
14632
16815
17413
18630
15419
14167
16100
17218
16038
18986
18443
18066
16809
16516
15764
16900
14838
17864
17900
24048
23996
18048
21432
23277
21433
15271
14879
12801
13681
13168
14145
13414
13313
13679
14499
13689
14074
13478
14359
15827
16561
16602
16102
16942
16983
16913
16249
17259
18328
17053
17364
15980
16411
16163
17853
15934
15903
16582
15947
16186
16206
21743
15762
19143
15726
14422
17296
14870
13961
14893
18939
18722
19418
19994
20302
17047
20087
19690
21433
24248
22851
17694
16345
13750
13518
12994
13312
12970
12881
12546
14352
14280
13365
13723
15357
15134
15190
14001
14092
15281
15621
18180
21580
21352
22612
19018
14446
16310
18426
16066
15494
14533
13160
13601
14749
14680
13359
13405
13479
15725
14508
12875
12626
13847
14401
13766
14383
14112
12966
14096
18668
19592
19640
19917
17787
15718
17331
17409
14308
16969
17930
19156
16948
14875
13814
15760
19357
18720
20421
18923
19209
17674
20671
18183
21488
20107
21253
17007
15135
14302
15225
18795
18572
17830
19448
19455
14592
12994
14428
13732
15340
15764
17373
19470
21567
18413
15574
17110
17346
19661
17455
18263
17096
15069
17519
14927
15704
15527
20802
18674
14056
17181
19419
19432
17311
14193
12981
15029
15797
16138
16261
16122
15839
15082
13532
16825
15374
14473
14571
14453
16350
16870
15904
15113
14015
15292
16886
14948
13551
12954
13323
15137
17328
15285
12905
12857
13463
15162
13272
13427
13884
14765
14343
13954
16078
16884
16466
16303
17871
16481
17687
17815
18364
14967
15518
13823
14652
14640
14738
13939
12843
12632
12608
12535
12547
13294
15734
16054
15678
16043
15858
15262
16925
18268
17739
18609
16539
18295
16611
15922
18327
15122
18265
20128
17799
17674
14881
15129
18488
19659
18317
23402
23453
15975
16045
14500
14729
17189
16241
14261
12985
12888
12836
13248
14636
15149
15650
16849
14418
15550
16555
14663
15114
14448
14118
13421
12807
14711
15843
13610
12797
12390
13129
16206
20890
19960
19589
18942
18796
17571
15715
16745
15218
13167
15558
16413
15956
15255
14247
16994
15414
16848
17140
16544
17071
19405
17652
17238
17258
18923
17957
18063
18186
17529
19079
19205
15798
15612
14837
12327
13536
16683
15478
16316
19541
16913
18746
15082
17587
17713
20731
19492
16030
18670
16684
15273
17736
17771
21009
16813
19432
20068
18849
20725
23219
24335
23635
20361
21009
24073
22376
22929
19043
16517
19304
15176
18259
18473
18063
17263
14068
15693
18258
19956
19258
18026
17133
16229
13915
16954
15744
17062
16825
15627
16715
16336
16520
18787
19308
16461
15772
16588
16282
19109
16062
19761
18468
17473
19518
15358
14097
14528
13478
12905
12685
12930
13391
15014
15330
14934
14936
16595
16135
13291
13043
13520
15461
19298
21642
21998
22649
17537
18861
17236
18543
15777
20516
22065
19732
17190
14053
14719
15726
16713
17482
19191
15922
14641
15810
15579
15861
17770
17892
15106
17404
18665
21222
16563
18038
21976
19989
20747
20550
18222
14821
15463
14762
15047
16493
17405
17039
17577
17281
17209
13880
17139
17437
18165
19856
17336
18756
18192
20227
17343
17936
18541
18500
19980
22650
21373
21005
16825
15168
16673
18626
18394
18445
18935
17123
16344
17781
14433
19617
18293
18498
16936
14645
14207
13938
13488
13171
14191
15708
13862
13855
14821
14340
16942
17293
17850
17549
17728
13726
12835
13967
14190
14492
14606
16993
21646
21296
20040
20997
13931
14828
20350
15796
16342
19008
22745
20620
20856
24013
23044
22770
22038
21410
22302
20237
20048
19337
20407
19645
17910
18057
16451
13849
13360
15842
15600
13453
16765
14338
14270
13227
14189
16006
16365
16450
15856
12948
13003
13053
15088
15261
16002
14105
13689
14196
16503
15946
15038
16049
17604
17976
19424
17489
18287
19976
21815
21017
22701
20629
17428
18309
16572
19679
21400
16196
17855
17572
18843
18535
17636
18865
18415
21090
20789
18347
19556
22990
18671
16574
15142
16113
18378
18118
16598
14685
14814
13194
13053
16433
13735
14578
14326
14307
15635
15872
15910
14553
15253
15740
18602
17941
15084
14219
13789
15637
14959
14484
15065
15048
16354
19122
21614
21056
19249
21546
22389
22483
14936
22195
21969
18005
14212
13241
12937
13796
15591
16708
16302
16512
15643
16243
17096
15672
14794
14892
13529
13369
12835
15577
15248
13473
13848
13906
13332
13184
14554
12813
12681
12741
12705
13539
15174
14226
13164
15964
16945
17370
17746
17778
15636
16458
15330
15876
16316
16408
15999
18582
17108
17676
17785
19544
20734
21376
19781
21187
20431
19559
18076
20502
18671
19447
21324
21572
21021
21031
21392
17343
18441
19261
18693
20843
17319
17974
16844
15473
17718
17069
16784
18922
17667
17068
17978
17717
15612
16225
15651
14023
14914
15734
13838
14643
16161
16444
15857
16621
16192
17677
17101
15312
15404
16249
17092
16108
17202
17279
14013
13303
12166
12757
14370
14716
14166
12796
12119
12690
12600
13158
12651
12813
12379
12730
12848
12927
15780
14772
14674
14916
14553
14398
14517
15168
13460
12625
12450
12931
12906
12789
12802
13012
13006
13797
13959
13900
14494
17200
15516
15232
16934
17942
17475
16244
14321
15564
13714
13714
14391
15689
14158
15263
18819
20636
15417
19672
16432
21353
20274
15987
14084
12774
12791
13327
14452
16293
15050
17265
18197
15444
14751
14827
15675
13937
12211
12329
12375
13177
15216
13077
12786
13374
14749
17605
16555
16040
15668
15764
17520
16428
15822
15766
16445
14177
16267
15426
14921
18371
20178
16402
15041
16922
19632
18682
16992
17274
20012
20570
20689
19342
21114
19615
16278
14756
15293
15355
13734
14351
14285
14486
16300
17689
19563
18622
19835
19629
20166
19583
18099
17960
19025
21075
20882
20449
21355
21920
23645
19227
15390
17652
17255
16369
18016
17847
18696
17316
16680
17132
15238
14174
14621
15642
15572
19500
21079
19727
18594
18080
18783
15043
14563
15859
14583
16638
16931
17544
15858
13870
15320
14690
16823
16383
17550
16855
16901
16509
18346
18747
20521
20356
18682
20036
19234
20974
16973
17696
17307
22506
22937
17096
17819
21511
19323
18978
18212
18380
17637
15633
18215
20547
21158
19436
18115
19449
15731
15819
15894
15325
16549
18414
17202
18691
24743
23551
21904
22773
20781
18082
17363
19516
19536
21235
20348
18446
19221
20719
20234
18567
19541
20221
18410
19325
19717
20288
19764
18079
18209
21525
22935
22290
24129
20036
19041
20383
20049
17749
15909
16416
18671
19039
19089
21988
19382
14706
14592
13860
14433
14260
14723
17736
21245
22957
21436
19349
21684
18483
16792
17777
19084
18929
13975
17246
17760
17753
17246
20653
17942
18223
21656
23181
20656
22428
23196
23911
21677
20379
22924
20478
20308
23944
20547
20529
18811
18333
17332
16894
16872
18244
19594
22884
21499
18356
19617
21762
17083
19082
19637
19705
19987
22610
22324
21420
19796
22852
22580
22765
19069
19911
20905
21621
23460
18252
14449
14684
16423
17261
19467
18742
17574
16653
18930
18529
18489
18755
19372
18298
15474
14582
15466
20078
22348
23648
23576
23141
22433
21878
23055
4469
14199
17524
14619
15733
16187
17391
18306
16985
17965
18054
18230
18396
16512
18095
17221
18146
16614
15376
16681
14154
13517
12758
14168
16758
14454
13741
15354
17350
17098
17604
14732
14703
13921
15193
14165
14187
16901
19525
18970
17870
17847
15701
14735
15185
16126
18339
18694
16584
14185
15019
17482
15383
13077
13234
12175
12793
13689
14350
14972
12755
13953
15864
16893
18401
18400
19568
19890
20801
19421
19101
16231
14210
14923
15907
16361
15541
15396
16002
14941
15642
16488
18694
18045
18481
17140
16831
16878
18776
18563
18610
21467
22315
20770
19919
22143
19996
20025
16598
19336
17693
17842
21279
19414
20826
19725
20418
20689
21868
20933
19744
17158
17905
15264
16026
20456
19939
18741
18187
22450
25370
24271
25349
25065
24811
23642
20350
24835
22463
20792
23355
23300
21998
23373
24508
24867
22757
16605
19760
20500
18547
18201
21103
20814
20791
22353
23964
20634
23985
24127
20679
25403
23032
23390
23218
25424
25740
25309
19577
20430
23839
24548
20532
19078
21530
18721
21148
22029
20419
21576
21985
21177
19914
21287
17659
21236
21350
21110
19494
19623
17525
20710
20538
23574
24360
23714
19892
21815
23088
22614
21423
22506
21591
21188
20509
21741
15339
14631
13631
14524
12994
12851
13127
13231
12985
13567
13795
14072
13749
15863
14639
17749
19110
18546
18325
17047
19243
18214
17828
17427
17395
22154
21079
18934
15497
15558
16416
15584
19123
15418
15928
16434
14760
16023
17069
17176
17496
18203
16031
14132
15166
16850
16989
14659
13822
13755
13547
13562
15764
14787
13250
13080
13291
14216
12897
16322
20724
19119
17049
15284
15682
17006
15347
17509
19060
21842
15149
19418
18484
14378
13719
15507
15916
14867
14827
17200
19323
17442
20009
17568
14950
16640
14410
13959
14799
13795
13391
13434
13079
13149
13565
13563
13101
13445
12721
13660
13203
13216
13854
13453
13200
13885
14450
14126
13170
14789
17370
15441
16623
16520
14289
14560
17467
15073
16551
15438
15617
14531
13857
16475
19837
17173
13506
16082
14905
13764
12896
13666
16875
18083
15983
15456
17184
16978
16519
17408
16609
15137
15150
15976
15666
14106
14237
14914
14943
14398
15443
17855
15961
22926
14978
