8520
11240
12554
11951
11192
12088
12076
13044
13949
12264
12562
11620
12826
11756
11907
12294
12670
12077
11901
11502
12646
12318
11901
12480
13135
12623
12494
12230
12951
12897
12380
12752
12797
12288
12414
12696
13123
12731
13841
13508
12840
13415
11969
11453
12810
13645
13707
13549
13531
14135
13386
13287
13300
13752
13753
14463
13244
13508
14402
13757
14228
13862
14169
14062
13692
14141
13560
13639
14161
14248
13584
14298
13850
13592
13041
13602
13959
13582
13973
14143
13143
13503
13209
13663
14280
14109
13869
14167
13268
14302
14329
14145
13981
13948
12670
12447
13717
13080
12892
13405
13368
13389
13115
13762
13478
13374
12582
12635
13887
12381
11939
12036
13380
14084
13218
12924
12851
14124
14000
13678
13203
13792
13350
13848
13410
14015
13795
14049
13411
14705
13475
13811
13497
14077
13630
13147
13624
13259
13820
13803
14376
14361
14513
13994
14078
13933
13945
13683
14494
14036
13762
14235
13404
14258
13483
12987
12352
12579
12535
12415
13446
13417
13236
13875
12732
12960
13880
13593
14461
13535
13678
14028
13801
13607
14184
13108
13551
12051
12241
11393
12346
12857
13168
13102
13412
14181
14188
13577
13485
13000
13100
13433
12434
13235
12328
12486
13422
13386
13874
12229
12395
11692
12622
13874
14175
13915
12655
13672
14376
13225
11747
14312
12458
13142
11840
12424
12522
13102
13479
13190
13160
13443
14241
14263
14163
13629
13507
12800
13223
14252
13931
12720
12022
13872
12628
13230
12360
13416
13594
14047
13901
13360
13395
12612
14765
13916
14086
13946
12611
12607
13553
13767
12895
12876
13877
13959
13282
12990
12587
13070
13029
12578
12806
13948
14216
13833
13707
14045
14639
14178
14370
14171
13725
12309
12752
12592
12653
12750
12902
12831
12679
13095
14174
13738
13138
12777
13456
13881
13202
12816
12507
13191
13541
14601
13793
12868
13072
11110
12899
14040
14035
13920
13972
12502
12001
12630
12475
12264
13398
13379
13323
14229
14161
14089
14155
13697
13972
13453
14066
14294
13919
14304
13598
13197
14136
14728
14406
14141
13407
13540
13129
13699
13964
13767
13349
14081
14311
13906
13620
13678
13350
13137
13813
13201
12851
13192
13523
13648
13895
13327
14215
14128
13221
14486
14131
14179
14002
13836
14241
13862
13413
13928
13987
14014
13779
13481
13160
13749
13975
13036
13345
13234
13302
13802
14314
13451
14002
12789
14329
13856
14391
13821
13557
14253
13854
13170
13226
12692
12207
12598
14275
13694
13485
13488
13501
14228
13350
13721
14123
13216
12062
12259
12981
13036
12680
12499
10137
11195
14121
14641
13646
13600
14260
14268
14286
13226
12404
12421
12721
12784
10912
12076
12847
13175
13518
13999
14081
14271
13994
14019
13727
13931
14690
13117
14305
14200
13838
13068
12997
13333
14353
14216
13631
13326
13038
13526
13533
13061
12724
13264
13178
13000
12461
11741
11805
11419
12223
13309
10819
12582
13957
13110
12802
12794
13135
13944
13275
13841
13759
13860
13159
12866
13979
14015
13542
14038
12332
12525
14154
14049
14365
13603
13983
14061
13772
13904
14268
14167
13927
14506
13963
14305
13898
14262
14001
13459
13947
13849
14432
14003
13845
13451
13906
13694
13790
14197
13973
14054
13500
13730
13668
14479
13837
13849
13281
13062
14312
13676
13280
12504
12967
12515
11195
11825
11718
12393
14398
13965
14098
12606
13173
13540
13572
13551
13059
13797
13259
13165
13359
13894
14262
13545
13650
13690
13529
13407
13532
13883
13773
13915
13999
13382
13443
14082
14368
13216
14475
14128
13625
13992
14185
13936
13495
14015
13033
13858
13495
14048
14408
14540
14335
13171
14254
13426
13943
14046
13686
13175
12595
13066
13203
13393
13345
14491
13957
13998
14256
13679
12794
12993
11559
11142
12786
13173
11465
11703
13646
13994
13500
14059
13372
13446
13356
14485
14078
14166
13982
13890
13084
13215
13812
13994
14072
13886
13866
13746
13854
13841
13908
13549
13079
13534
13978
14143
14319
14425
13907
13266
13386
13383
13534
13445
14516
14137
14093
14491
14158
14132
13930
14011
13877
13774
14478
13453
13748
13562
14322
13925
13943
13377
13047
13695
13343
14404
13619
13426
13530
14058
14660
14568
14448
14142
14385
14116
13964
13996
13434
13804
13797
13738
13274
14342
13789
14060
14084
13180
13395
13635
14095
14091
13649
13876
14336
14123
14047
14026
13581
13661
13789
13595
14263
14243
13978
14092
13727
13489
13845
14447
14074
13514
13463
13858
13608
14140
13588
13796
13203
13155
13129
14342
13636
13765
13755
13463
13920
13475
13785
13690
12792
13433
12945
13692
13677
13780
14058
13746
14607
14119
13834
13896
13504
14258
14051
14019
13536
13564
14376
13852
14062
14050
13940
13777
14105
14125
13995
13886
14139
13980
13340
13510
12696
13344
13149
13693
13711
9580
12814
12877
13623
13613
12808
13912
13824
13499
12890
13448
14218
13668
13034
14293
12868
14027
13976
14171
14083
14013
13847
14289
13854
13910
14045
14167
14225
13156
13096
13959
13599
13606
13942
13532
13808
13543
14123
13975
14062
14079
14254
14120
13871
13163
13039
13399
14027
14190
13416
13492
13788
13936
14241
13799
13428
14235
14492
13363
13013
13176
13535
13403
13360
13278
13962
13367
12867
13216
13711
14157
13993
13873
14185
14096
14259
13689
14003
13882
14176
13419
13621
13733
14175
14564
13916
13843
14235
14179
14056
13321
13360
14098
14262
13962
13205
13526
14371
13209
13647
14182
13742
13665
14768
13986
13891
13579
13761
13539
14081
14071
14643
14106
13254
12428
12274
11644
14482
13100
12333
12195
13522
12409
13634
14468
14352
13316
13778
14380
12950
12025
13055
14474
14181
13109
13917
13111
13403
13328
13003
13958
14406
13586
14451
14102
14253
14357
13154
13122
13388
13906
12718
12826
13244
12313
11466
12152
11730
11895
12367
12943
12276
13279
13311
12993
13027
13973
13955
13088
13567
13872
13037
12917
13066
12890
12965
14369
13493
13617
13834
14392
14046
12988
13673
13091
13153
13516
13764
12709
12181
12905
11557
11988
12187
12247
12622
13509
12994
13014
11714
12507
11799
12511
13458
13678
13955
14177
13908
13944
13863
13049
13558
14361
13768
13004
14994
14299
14164
13864
14086
14044
14026
14258
13556
14184
14322
13847
14205
13698
14115
14767
14153
13471
13980
14513
13587
13807
13964
13796
14191
13871
13511
12799
12752
14090
14315
13803
14267
13953
13877
14420
12897
13964
14334
14181
14134
13790
13427
13039
12881
13337
13496
13221
13012
13822
13668
13666
14341
13951
13720
13871
13621
14645
13778
14020
14290
14441
13627
14414
13935
13466
14195
13910
13341
13599
13274
13406
13322
13280
13731
14198
13928
13967
13839
14144
14091
14439
13823
13862
13292
13455
13559
13800
13140
13828
13415
12841
13027
13346
12944
12979
13385
13780
13394
12175
12663
9948
10058
13835
12042
11447
12197
14410
14330
14133
13376
14204
13770
14039
13762
13734
13559
13515
14397
14183
13648
13863
12999
13542
13691
13330
13126
12685
13374
13323
12809
13528
12973
14145
13925
13373
13413
13506
13405
13615
14503
13603
13159
11490
13872
11939
14300
13782
13092
14119
13705
13630
12414
12658
13268
13413
14226
14208
13438
13350
12333
11402
11741
12979
13912
13881
13811
13614
13832
13849
13948
13913
13602
14243
14384
13794
14303
13850
13821
14075
14135
13450
13975
13275
12560
12788
12026
12523
13546
13317
12971
13590
13199
14356
14351
13657
13007
14119
13872
14254
13869
13713
13940
14319
14222
13982
13873
13656
13949
14201
14093
13356
13371
12549
12766
13326
12833
14499
13503
13682
14292
13038
12861
13039
14368
13835
14362
13944
12833
12244
11674
12236
13224
13829
11489
12572
10703
11013
12082
13485
13915
13311
13729
13117
12801
13622
12756
12913
14241
13680
14155
13902
13336
13143
13179
13487
12054
13324
13666
13402
13543
12991
13054
13303
13368
14700
13838
14057
14477
13937
12299
13221
14351
13447
12156
13048
13493
14033
14082
13458
13347
13042
13689
13655
13747
13588
13888
13269
13860
14000
14254
13497
13419
12907
14173
13652
13591
13735
12824
14320
14042
14275
14275
13248
13123
14146
14162
14149
14488
13966
14335
14135
13770
14071
14129
13742
13740
13070
13958
13801
13195
12983
12814
13103
12481
14279
14188
14570
14421
14246
13872
13928
14356
13897
13831
14127
14285
13254
13415
13852
13450
13447
14005
14064
13570
13554
12994
14142
14107
13451
13847
13575
13149
14135
13580
12824
13172
13875
14219
14045
13324
12786
11680
10784
9388
14243
13438
13219
13450
13603
14428
13797
14351
13949
14141
13898
13616
12904
13633
12692
14471
13872
13420
13726
13756
14439
13423
14716
13903
13565
13898
13821
14039
13844
13665
13484
12691
13076
12623
13064
12819
13469
13598
13317
14141
13888
13511
13186
14287
13945
14125
13852
13541
13323
13781
13340
13734
12935
12895
12930
12121
12280
12807
13043
12577
12649
12609
12885
13675
14354
14418
14069
13927
13313
14792
14085
13440
12973
13551
13722
12964
13199
12827
13235
14416
13697
14195
14092
14114
12909
12104
13580
12112
11510
12937
12058
11321
11653
11767
11938
11622
10363
10310
10333
12877
13606
12837
13591
12577
13372
12819
13976
14021
14269
12607
13499
13211
13145
13616
13512
14677
13026
13031
13599
13925
14118
13929
13227
13134
13354
13001
13519
13476
13679
12835
12977
14104
12088
13177
12859
12184
13614
14605
14173
13953
14032
13843
13740
13898
14360
13209
13734
13788
13314
13764
14461
13806
13754
12988
13059
12089
12057
11137
13025
12705
13768
13748
13814
12179
11995
12363
13651
14308
14348
13577
14072
12921
12347
13718
14046
13684
13904
13387
13365
13170
14453
13225
12349
12434
13097
12777
11849
12156
12533
12217
14213
14118
13557
14209
13936
13288
13481
13749
13519
13244
13463
14094
12876
13115
12462
12715
13618
12252
13257
11385
13366
12810
12559
12352
12465
10093
10058
12140
14719
14257
14118
11988
12965
13323
13148
13636
13689
13770
12451
12363
13270
13840
14012
14579
14316
13826
14207
14292
13913
13512
14435
14019
13507
13399
13008
13297
13379
13644
14144
14187
13805
13705
13829
13757
13966
14066
12640
12224
12232
12294
14201
13911
13187
14082
14236
12625
11407
12640
12318
11163
11544
11699
11694
11873
11618
12980
12126
13167
12460
12566
12360
12929
13550
13764
13602
13582
14129
13465
14147
14003
13675
14694
13890
14045
13909
13494
13676
14062
14109
14371
14084
14146
13794
14149
13968
13806
13365
14265
14318
13678
12958
13804
12897
13831
13288
12207
12157
12094
12244
13209
14266
13904
13513
12586
12698
14089
12769
12722
13402
13456
13548
12529
13692
12398
12313
13495
13173
11450
13480
13841
13679
13944
12725
13585
13570
13866
14384
14501
13649
13984
14479
13655
14030
13206
13392
13402
13811
14403
13346
13387
12401
13725
14254
13566
13864
13115
13897
14195
13784
13811
13715
12562
12227
12424
12997
12492
11830
12448
14477
12222
12039
13675
14359
13997
14005
13810
13291
13215
14041
13572
13559
13583
13661
14193
13733
14469
14211
14047
13822
12893
14391
14355
14137
13980
14139
13931
14818
14002
14159
13862
14091
13799
13523
14223
13862
13939
12949
13265
12770
13311
14431
13705
14154
13423
14154
13956
13896
13283
13759
13500
13485
13097
12560
12287
12747
12437
12913
13338
12668
13203
13288
14120
12219
12113
11801
12531
12109
14354
13486
13594
12869
12415
12873
12383
13676
13400
12976
12896
13972
12716
13019
14254
12377
13001
13902
13510
14044
14213
13315
13863
14338
13761
13516
13030
13916
13853
13158
12576
13687
13897
13405
13622
13247
13185
12940
13879
14200
14040
13734
14213
13835
13564
14600
13920
13816
13966
14129
14059
13291
14089
14133
14022
14083
13801
13855
13531
13897
14393
13201
14435
13494
14128
14306
13951
13760
13998
14413
13670
14138
13842
13967
13793
14495
14536
14526
13042
13747
14257
13701
12210
13245
13412
13845
14169
14216
14073
13568
13383
13589
13964
12206
11345
13534
12765
13876
12540
12618
13946
14205
14419
13861
14104
13488
12952
14375
12906
12871
13610
13732
14132
13593
14925
14073
14109
13848
13604
14238
14826
13659
14349
13496
12698
13743
13358
13567
13397
13102
14353
13667
13697
13789
13540
13777
14266
13139
13262
12725
13703
14170
13806
12118
13410
13595
14106
12353
12647
12513
13463
11917
13748
14515
13832
12927
14418
14166
14057
14471
14226
13332
12704
11905
12902
12224
13229
12294
12964
13365
14048
12052
11544
12230
12025
11744
11068
9185
11998
14317
13639
13357
13324
12230
12902
12609
13063
13463
12884
13489
14170
13779
13729
13624
12284
12043
12424
12661
13313
12979
14294
14146
13250
13675
13144
13319
12904
13978
14267
12923
13537
13786
12965
13081
13007
13122
13064
12600
12515
12078
12199
13093
12930
13005
12378
13690
12722
13489
11045
11403
13041
12643
11376
12807
13017
13659
12392
14202
14461
12879
12159
12004
13178
13649
13076
14150
13862
13275
14186
13019
13278
12823
12186
8809
9897
11351
11085
13896
14308
14388
13764
13241
11634
13111
13990
12900
12642
13578
13395
12458
13462
13466
13049
13807
12536
13254
13932
14286
12374
11883
12229
11593
12695
13080
12009
12811
13722
13780
13834
13441
13135
12485
11773
12630
14477
14233
14076
14249
14382
14345
13495
12210
11407
12641
13049
12450
12834
13312
13229
12615
12529
14552
13520
13787
13508
13558
12551
14161
13609
11726
11155
12409
11071
9685
10990
12221
12579
11601
13222
12695
11724
12493
12421
13559
13442
13902
13519
13845
12867
12116
10732
11907
12858
12297
11994
13191
13007
12714
13294
12363
11649
11893
12413
12765
11633
11311
11659
12632
12857
11918
12216
11468
13481
14092
14045
13905
13555
12695
13116
12900
13305
12684
13137
12853
13435
12765
13619
14062
13818
13479
12563
12105
11050
10776
11421
10976
11449
10298
2034
14255
13472
14072
13297
13247
13846
13114
13496
13317
12777
12227
13228
13781
13287
13031
12952
13623
13485
13831
13842
14225
14001
13687
13068
14072
13872
13656
13308
13367
13756
13987
14019
14009
13816
14113
14276
13926
12674
12305
12686
13299
14291
13751
13760
13912
13143
13452
13712
14125
12954
13158
13853
14276
14207
14030
14118
14014
13529
14389
13967
13619
13321
13307
12157
12104
13137
12620
12027
12992
12946
14177
14115
14116
13903
13803
14064
14087
13097
14421
13954
13260
12376
13543
13384
12974
13442
13425
12578
12424
12432
12226
11995
12793
12233
12219
12658
13547
13985
12732
13586
12973
12743
12861
12603
12605
12688
12100
12451
12723
12649
13832
13286
14330
13441
12015
12514
13512
13351
11272
9186
10400
11430
11154
10912
12421
13099
11578
12112
12226
11836
12024
12384
11763
11516
10913
11333
12253
12350
12943
12956
12893
11691
12878
12467
12165
11573
12533
12681
11720
13753
11420
12260
11956
12548
12025
11388
12261
13541
12747
12304
12610
12830
13196
12194
12443
10941
11653
12446
11818
11717
12730
13408
13823
12397
12169
11942
12400
12823
13173
13538
12514
11966
11334
11262
11278
12668
12038
11586
11075
11877
11533
11198
11858
12651
12366
13071
13804
14580
14247
13850
13782
14343
14095
13883
13823
13566
14239
13972
13385
14067
12983
12869
12710
13197
13362
12803
12914
13779
12698
13251
11024
11646
14258
14936
14289
14513
13894
12602
13751
13921
13575
14363
13540
13480
13980
13000
12756
13699
13897
14185
12996
13892
14706
14193
13892
14533
14279
13483
13936
13925
14190
14275
14076
14207
13808
12112
12981
13340
14292
14160
13464
14223
13123
13212
12673
14252
12885
13217
14609
14148
14297
14085
14680
14145
13104
12715
13720
13221
13097
14081
13527
14437
14827
14164
14149
14198
14234
13749
13961
14533
14552
13925
14074
13775
13952
14054
14342
13862
13868
13996
13995
14611
14235
14423
13458
13583
14133
13999
14363
14556
14094
13455
14016
13853
14237
14303
14610
14018
13596
12915
13309
13863
13283
14084
14040
14091
14060
13246
13021
14001
13741
13004
13303
13406
13411
13865
13966
13368
13962
14002
14394
14150
13966
14019
13791
14464
13323
13859
10775
14140
