19406
18077
16885
15412
17692
15980
17536
15609
15311
17740
17460
17572
16920
15956
17196
16182
15610
16215
16662
16545
15335
16432
16534
15602
16226
15064
15309
17335
15281
15174
15860
15766
15623
16157
15796
14553
15173
15918
14090
13931
14140
13949
15718
17235
15710
14287
14691
15103
14529
13585
14675
14635
13418
14046
14100
13205
13310
14165
13049
12771
12822
12411
12357
12630
13202
13245
13876
13155
12492
12148
12937
12708
13029
13227
14505
13319
13800
13824
13575
13845
14292
13424
14351
14203
12992
12959
12533
12927
13105
12887
12345
12071
12165
13046
14810
15932
14473
15235
14717
14413
13631
14853
15451
14092
14117
14464
14740
14612
13928
15828
16025
15911
14666
13479
14483
14853
14365
13856
12956
14137
15081
14047
14016
14064
13263
13309
13933
12912
14285
12590
15425
13816
15352
13320
13707
14298
15111
14868
14202
14014
12526
12367
12308
11848
11891
11779
12115
13089
12468
12274
12420
12153
13019
11990
13734
14658
16931
15371
16079
16623
14182
15313
15369
13872
14974
14760
14060
14564
12860
13169
13381
13453
13406
14183
13482
14870
13861
16604
14851
17068
15798
16002
14971
15172
15953
13259
13843
13586
14817
13760
14646
15286
14773
14495
17918
17027
14065
14950
14923
16521
15708
16596
16133
14518
12653
13494
15183
13582
13395
14574
16084
13378
16424
13679
16111
15967
15526
14762
14798
15095
15759
13286
13682
13155
12436
13851
13582
14984
13836
13109
12846
14933
15151
13418
15190
14986
16204
13833
13127
12244
12413
13624
13963
13958
13121
12637
12756
13536
15500
14474
13974
13233
13940
15385
14098
13593
14101
15049
15218
15092
14277
14787
15328
14341
12494
12563
12337
13344
13638
12485
12221
12679
14002
16132
15452
15669
16198
14719
15268
15119
16315
14502
13633
12941
15374
15827
14514
14146
15434
15335
15990
14703
14335
12348
14743
15873
14703
18285
15924
13454
13202
13846
13252
16640
15753
16458
17071
16742
15140
14920
13909
13746
13376
13194
12715
12191
12286
13591
13050
12384
13187
13707
14002
14647
13307
12624
11975
13074
13925
14368
13717
14070
12542
12790
12930
12784
12556
13655
13946
13432
14052
13818
14424
14551
13998
14184
13906
13735
13610
13175
12382
12645
13301
12675
11833
12052
12850
12581
12087
12708
13465
13381
12047
12072
12120
13357
13790
13890
12951
13715
14565
14625
13808
13774
13414
14676
13905
14814
13209
12861
12645
12457
12553
12175
13288
14302
15315
15813
15873
16153
13519
13943
14110
14467
13741
13072
14045
14084
13257
15025
15083
16085
16234
16731
16506
16473
19034
17210
13104
13146
14139
14530
13833
13063
13637
15047
16073
16666
16174
15435
18396
16685
14802
14841
13418
13165
13363
12947
12893
13114
13865
13408
13066
14041
12947
12478
13503
14565
14932
13849
13143
12914
14168
14748
15513
14562
14746
14843
15355
15468
15069
15800
16294
15803
16761
17780
16735
14932
17696
15710
15032
15188
14971
14741
15238
14193
14044
14122
14291
13947
15129
14880
13754
13718
14344
13137
15394
16023
13339
12317
12569
12416
12433
12374
11904
12367
12084
12351
12663
12448
12478
12137
12323
12758
13295
13353
13421
13175
12559
12169
12494
12695
13596
13456
13644
12748
12868
13759
13878
13826
12739
13180
13484
12836
13990
14215
13295
13567
14692
15895
15240
15672
17836
17417
17467
16040
13382
14129
13165
15259
15967
14773
13771
14008
14870
15234
15320
14194
13377
13387
12226
12424
12373
12570
13233
13812
13672
12824
13085
13507
13199
14203
13973
13416
13012
14238
12634
12212
12261
11681
12046
12652
13051
12435
13820
14024
13819
13513
12083
12255
12213
13898
13735
13591
13516
13046
13297
13959
15654
15034
14716
14810
14496
12997
13030
12591
12877
13559
15437
15673
16986
17978
16019
16442
18047
18248
14908
13783
14173
14027
14445
14833
14687
13211
12704
12998
13462
13177
15470
15331
13660
12560
11850
12397
12512
12116
12386
13238
14007
15000
14176
14396
13658
12592
12588
12330
12793
13724
14727
14416
14473
14792
13567
12519
12250
11899
12413
11960
12192
12640
12590
13206
12542
13595
12966
14102
13395
12710
12834
14276
14932
13592
13926
12698
13553
13970
14080
13155
11995
12053
11891
12642
12503
12956
12402
12990
13824
13248
13112
12515
13752
12525
12700
12879
12433
13623
13955
13698
13138
12877
13706
12929
12566
11857
12249
12489
13460
12932
13218
13298
12491
12912
12455
12559
12763
13531
13346
12807
11905
12450
12220
12086
12227
12053
12419
12598
14081
14277
14175
13004
13519
13106
13698
13749
13627
13710
13463
13206
13575
14420
14511
14327
13263
13021
12317
13658
12651
12229
12428
13162
13734
13085
12683
12717
13834
13718
12621
12397
13071
13402
12600
12845
13053
12855
12570
12656
12670
13657
14317
14326
16014
14197
14756
14210
13660
19511
16761
16536
15336
15094
16733
14539
13987
15328
16063
14367
12581
14102
15358
14026
15377
12509
12722
12774
12543
12219
12328
12177
12435
12359
12132
12055
12682
14934
14543
14151
14113
13787
13699
14327
13312
13527
13238
13682
13701
12809
12613
12451
13012
14338
14363
14323
13773
13427
13797
13808
13451
14085
12831
13161
12594
13453
13198
14428
14601
13667
13734
13937
14417
13460
14139
14471
14025
14222
13622
13118
12739
12822
11994
12227
12406
13244
12495
13146
13048
13078
13210
13493
12852
12551
12188
12992
12459
12075
12140
13174
13532
12846
12624
12996
14300
13997
13002
13927
13495
12869
12850
13445
11914
12483
13267
12916
13688
13737
14040
13037
12382
12865
14191
15277
15841
16904
14615
15849
15095
15329
13498
15696
14066
13600
13146
14657
14099
12983
15753
16981
15228
14077
13480
15497
14159
15306
14508
14540
15389
13742
12512
13480
12507
12464
12518
13550
15680
16130
16265
14593
16298
15955
15873
16534
17260
16471
17353
16597
16245
15369
16668
14970
15035
15878
15130
13198
13647
14762
14547
14301
15244
15860
14989
15342
14633
13394
13958
13832
14057
12811
13408
14851
13693
14584
13598
13766
14439
15090
15890
14537
17053
16137
15711
15561
15566
14137
15369
16589
16304
15639
16446
15292
14051
13748
13520
12459
12905
13028
13439
14985
14204
12082
12383
13570
12608
12291
13064
12508
12110
12029
12367
12057
12995
13105
12268
13556
13549
12845
13075
12609
13031
13568
13189
12311
13298
13454
13274
13714
13392
13513
14124
14434
15070
13139
12485
12689
12118
12779
13022
12344
14241
13486
12215
11845
12072
13390
14014
14032
14999
14583
13972
14828
14464
13959
13162
13504
12546
13413
13442
13654
13687
12254
12926
12617
12747
12697
13751
12386
12931
12812
12886
13394
13707
13193
14086
13863
14028
14689
13821
12605
11983
13323
14138
13297
13315
12723
13215
14187
14661
14903
13822
12793
14217
13884
14668
15519
15146
15278
14671
15015
13907
14658
13868
16259
16499
19828
19475
14602
17347
17389
16440
12908
12958
12153
13264
12560
12718
12543
12425
12644
13297
12965
12578
12497
13183
13708
14600
13847
14165
14698
14932
14449
14559
14968
15117
14433
15302
13028
14319
14247
15104
14682
14365
14268
12850
13717
14705
17551
14293
17230
13680
13668
15636
13483
13178
13737
16409
15155
15061
15060
15654
13716
15819
16333
16220
17086
16949
14710
13343
12838
12286
12234
12329
12314
12117
12332
13429
12664
12282
13003
13024
13238
13469
12616
12527
13705
13602
15155
16795
15907
17117
15292
13435
14560
15471
13901
13906
12916
12501
12825
13718
12886
12427
12125
12779
13788
13118
11987
12239
12838
12788
12943
12363
12851
12049
13537
15520
15328
15024
15853
15607
13157
14635
13968
12696
14548
14871
14922
13844
13295
12281
13613
15620
15780
17013
16031
15331
15366
17383
15761
18481
17817
16929
15274
14330
13687
13882
16000
15752
14719
16815
15893
12718
12581
12983
12808
13703
14256
14849
15648
16209
14540
13998
14666
14724
16177
14719
15258
14124
12932
14529
13153
13698
13851
16946
14582
12752
15440
16592
15223
15652
13226
12650
14213
14395
14844
13901
14130
14309
13726
12842
14516
14043
13540
12979
13654
14472
14318
13281
13423
13428
14016
14843
13159
12434
12151
12415
14207
14712
13535
12071
12471
12405
12958
12399
12642
13189
13109
12922
13131
14409
14306
13796
13681
14919
14463
14778
15332
15350
12988
13195
12713
12809
13129
13217
12827
12005
12178
12342
11985
12244
12972
13987
14354
14236
14053
13675
13017
14636
14443
15448
14618
14028
15234
14017
13995
15358
13642
15416
16872
15999
14497
13183
13624
16564
17427
17164
20473
20000
13846
14434
13566
13663
14257
13730
13408
12306
12726
12218
12416
13322
14048
13291
15039
12202
13776
14160
13282
13319
12383
13630
12100
12328
13370
14041
12777
12393
12190
12698
14434
15181
14878
15344
15025
15688
14451
13925
14179
12956
12563
13696
14777
13571
13598
13086
14225
14210
14399
14571
14020
14634
15801
15323
15938
15586
15811
15806
15259
15692
15323
15380
16116
13814
13387
12863
12472
12519
14087
12653
13686
15167
14929
15139
13690
14574
13974
15556
15294
13178
14876
13913
13495
14984
15062
16368
14059
15956
16463
15017
16518
17751
17114
17081
16859
17178
19386
19783
17933
16834
15142
16319
14225
15695
15336
15520
13936
12841
13853
15656
15325
15714
15486
14532
14439
12550
14430
13996
14630
14489
13339
14097
14256
14560
15239
15716
14539
13728
14740
15392
15386
14071
16934
15762
15722
17340
13710
12632
12726
12512
12380
12044
12365
12932
13016
13948
13635
13347
14361
13609
12224
12323
12913
14021
14538
16981
16851
18137
14270
14907
13786
14722
14294
17630
18254
16058
14335
12812
13191
14297
14036
16455
15907
13347
13433
13678
13691
13925
13671
14909
13083
14606
15950
16308
14612
14731
15768
15240
15462
15697
14707
13392
14211
13104
13474
14565
14188
14839
14747
14702
14419
13194
15171
14959
15802
15548
15037
16351
15284
17504
15546
16090
17158
17198
17694
19790
18419
16469
13591
13284
14281
16023
14728
15587
15565
14632
13907
14591
14006
15600
14779
15531
14005
13029
12597
12623
12410
12242
12764
14034
12352
12609
13594
13048
14756
14512
14733
14797
14277
12603
12368
12833
13429
12906
13847
14029
16359
17000
15840
15786
12494
13553
15255
13798
13693
15903
17360
16018
16473
17833
16972
17109
17296
16871
18929
15998
16247
14744
15902
15583
14783
15283
14419
13071
12347
13715
13370
12691
13680
12966
12829
12260
13264
14393
14360
14330
13612
12418
12130
11865
13625
13074
13455
12871
12667
13052
14032
13335
13577
13940
14796
14768
16286
14266
15387
16966
16979
16066
17342
15555
14443
14365
13878
15531
17079
13544
15366
15268
15317
15923
15678
16825
14127
16881
16681
14760
16215
17492
14559
13821
12949
14186
14785
14615
13917
13273
12947
12148
12542
13678
12335
13352
12824
13231
13794
14079
13492
12585
13815
14575
15673
14267
13523
13376
12727
14152
13046
13119
13960
13234
14454
15348
15689
15394
15036
16195
16730
14934
13403
15581
15995
14166
12733
12592
12321
12791
13872
14234
13487
14195
14085
14137
13895
13181
13406
12569
12277
12290
12165
14101
13374
12414
12707
12492
12271
12606
12569
12204
11742
12423
12679
12832
13632
12683
12519
13690
14186
14541
14784
14349
13347
14528
13412
13763
13860
13559
14182
15273
14495
15048
14805
16186
16078
16893
15617
16418
16289
15343
15722
16537
15530
15450
16466
16187
16616
16461
17683
14760
15797
16346
16453
17673
14718
15247
14164
13997
15448
14871
14131
16067
14441
14120
15983
15207
13676
13752
13587
12568
13937
13636
12635
13590
14529
14365
13431
14469
14182
14615
14492
13542
14246
13626
13966
14387
15086
14285
12786
12250
11964
12269
13217
13324
12743
12070
11761
12318
11942
12284
12455
12338
11865
12332
12111
12691
13429
13324
13759
12942
13749
12784
13514
13106
12574
12241
12020
12184
12235
12283
12149
11997
12290
13235
12224
12834
13135
15140
13597
13837
14600
15705
14219
14428
13568
13730
12842
12995
13621
14011
13409
13848
16345
17879
13628
14939
13818
15836
15989
13990
12953
11997
12324
12463
13598
13769
13222
15047
14169
13300
13382
13031
13795
12450
12126
11904
12186
12728
13164
11810
12315
12607
13784
14183
14037
14166
13415
14152
14768
13762
13969
14177
13854
13375
13260
13174
13748
14767
15220
14215
13045
13706
16165
15149
14038
14112
15937
15661
15646
15088
16740
14610
13625
13446
13975
13178
12038
12911
12515
12934
14642
15169
16562
14954
16593
15826
17168
16177
15524
15056
17051
17131
16547
16522
16746
17673
20220
15091
13730
15047
15561
15220
16195
14669
16132
15316
14184
14457
13283
12963
13436
13450
14340
15449
15571
15618
14874
14429
14815
13324
13299
14420
12898
14140
14172
14781
13968
12778
14244
13195
13365
14534
14313
14964
14804
14364
15047
14861
15746
16207
15018
15551
15151
16992
14196
14269
14375
17448
16770
14509
15170
17251
15873
15706
15428
14990
14328
13798
16262
16244
16096
15068
15724
15445
13841
13721
14118
13665
15017
15380
15468
16487
19678
18487
17019
17946
16164
14732
15206
15597
16001
17256
16441
14842
15504
16606
15353
16007
16627
15708
15108
15453
15602
15978
15933
14979
15285
17747
17125
16940
16897
15582
15589
17778
15951
15184
14400
13445
15394
15921
15663
17008
15462
13185
13066
13051
13144
12823
13131
15042
17063
17261
15803
14771
16510
14996
14443
15372
15898
15489
12813
14855
14933
15636
15210
16663
15029
16335
17684
18390
17338
18906
19082
17308
15996
16043
16488
15575
16161
16124
15713
16206
14965
14845
14025
13978
13856
15215
15770
18809
16764
15483
15958
16526
14099
14548
15497
16537
15231
16466
15917
15345
17018
16444
16572
16928
14880
14498
15303
15931
17202
14964
13060
13694
14060
14946
15073
14299
14192
13558
15174
14463
15118
15615
15131
14741
13344
13153
13719
16863
17670
18387
17830
17482
18041
17909
18513
3422
12773
14373
13572
14813
14823
14888
15703
14076
15614
15575
15636
15690
14938
14243
14837
15210
14329
14038
14095
13338
12261
12324
12915
13932
13190
12689
13495
14905
14751
14449
13064
12993
12517
13335
12883
12853
14265
16024
15948
15868
14690
13617
13188
13927
14021
15581
15188
14303
13078
14071
14472
13409
12558
12303
12115
12524
12617
13528
12969
12513
13247
14857
15418
16561
17039
15946
15408
16070
15723
15210
13575
12782
13565
14094
14400
13461
13747
13991
12467
13941
14931
16151
14735
15709
15218
14627
15116
17063
17642
16387
16063
16974
15286
15348
16366
15837
15542
13964
15756
15108
16010
16182
15298
15927
16393
16319
17178
16849
16795
16550
14875
15136
13434
14977
17234
16525
16032
16915
20137
18506
18164
17708
17225
17745
16293
15103
17372
16045
15329
16670
16569
16880
17667
17405
17875
17092
14174
17218
16673
16366
16405
17243
16524
16593
16304
16828
16272
16389
16094
15125
17014
15949
16520
16025
15739
16696
15899
14933
15350
15457
16079
15453
14771
16392
15606
18801
17973
16581
17497
17393
16497
16248
16597
15579
16246
16279
15968
15569
15821
14955
16517
16268
18191
17304
17362
15486
16521
17206
18020
17577
17635
17792
17442
17627
18397
14249
13489
11821
12649
12362
12218
12224
12366
12044
12539
13083
12589
12758
13630
13144
15509
15725
15447
15128
15054
15831
14933
15547
15230
15238
17961
17605
15500
13724
14035
14544
14511
16489
14061
13902
14643
13306
13893
14585
14277
14424
15485
13901
13228
13215
14518
13754
12730
12746
12893
12464
12201
13347
12997
12698
12324
12763
13012
12939
14109
17017
15421
14154
13138
13662
14040
13528
14313
15047
15602
13560
14973
14358
13523
13927
13749
13971
13036
13590
14395
14977
13983
15204
14578
14230
14363
13479
13267
13286
12863
13020
12871
12954
13073
12637
12976
13055
13083
12410
12682
13030
12651
12939
12597
12947
13500
12566
12870
12974
14057
14172
13856
13668
13843
12706
13549
14205
13202
13937
13612
13435
12853
13480
13959
15579
14431
13096
14338
13147
13064
12707
13172
14760
14422
13515
14253
15234
14129
14811
14286
14102
14059
14354
13977
13648
13095
13217
13476
13337
13377
13710
15006
14188
18157
13556
