27780
22762
17756
15839
21007
19442
20249
17031
12796
18541
17742
18936
17099
17304
19370
18149
17410
18235
19688
20959
17507
17607
19191
17534
13504
14572
17313
17377
15461
16211
16549
13426
15833
17336
16773
16646
13817
13741
10304
10507
11945
13192
17658
17638
15279
10875
10805
10919
11521
9568
10670
13337
10727
12051
11773
8750
10704
11038
8481
8870
8676
7485
7360
7686
8649
9802
9551
10214
7714
7733
8045
8509
8175
9358
10953
9276
10389
8974
9825
10187
12412
10737
12317
11444
8608
8131
7186
8385
10481
9354
7076
7325
7244
8246
14010
16774
11367
13339
14385
11719
10915
12200
12835
9772
10199
12494
15789
16655
10997
15919
17870
18174
11848
9601
11330
13872
15208
11570
8769
10392
12481
10655
13015
10919
9473
8884
10910
8947
10765
10225
12327
9675
10791
11456
12597
12220
12547
12612
11810
10809
9130
8419
7883
7059
6813
6607
6924
8231
8258
7137
7078
7046
8329
7820
9126
13712
18224
16242
16361
17139
10793
12642
12190
11858
12812
13954
11686
11220
8546
8060
9316
9729
9047
11315
9676
11530
11569
17351
13283
20773
14383
14056
13152
11618
12730
8829
11246
10191
11695
10911
13165
14066
12409
12009
14844
13692
9262
10224
11215
13955
15178
18429
15154
11038
7811
8656
11905
9415
9890
11077
15522
8265
14806
12667
16875
16949
17664
13992
13359
13143
12581
12244
11485
9129
7438
9941
10942
12993
11588
8309
8172
14295
15480
11324
13024
13382
17021
11563
7835
7444
7964
8971
11968
11860
8881
7670
8132
8933
12630
13434
13272
9187
11673
14276
10031
9062
10612
12280
14717
14816
11773
15013
15815
11148
8241
7309
7511
9040
9904
7524
7420
7892
9291
17540
13759
14657
16337
12472
13020
12417
14663
12466
9400
8138
12081
13522
10752
9848
14258
13397
14075
13710
11865
7898
10387
13539
12920
20197
13418
8333
8188
8929
8444
14467
16278
15142
13991
16468
11385
12100
11543
9915
8789
8496
7803
7254
7294
8347
8495
7171
8038
9085
9780
11203
10367
8195
7654
8906
9774
11232
10141
9739
7668
8088
8616
8270
7471
9065
10546
10746
11875
12559
12019
11514
11342
10847
10407
10513
9417
8620
7897
8415
9103
8084
6798
7207
8880
7678
7492
9218
10415
9857
7166
6879
6996
9426
9973
11081
7951
10753
12063
12311
13420
11860
9196
12064
10645
12705
9112
8768
8109
7592
7624
8128
8629
11232
13591
14434
17837
16908
9369
10040
11268
11348
11110
8427
10147
11489
9018
13571
18056
18259
14751
15790
14846
15767
23436
20322
8051
9076
9901
11051
10950
8561
9054
11856
16948
17606
15104
15127
20424
16704
13056
11725
9607
8379
8626
9236
8185
8092
11057
9467
8717
10754
8779
8162
8971
11209
14770
11700
9013
7704
10148
13135
14634
12260
11891
10990
15233
12447
13243
14806
15458
17413
19093
21876
19773
14590
20975
15578
12459
11815
11406
13930
14240
10346
9586
11017
10657
9941
10958
10710
9657
9487
11133
8869
12152
14451
8389
7569
7880
8269
7261
7714
6834
7182
6996
7502
8160
7873
7452
7353
7103
7928
9090
9864
9464
10703
7639
6943
7612
7995
8557
9792
9261
9116
8393
9590
10468
10978
7939
8804
8408
8253
9621
11541
9705
10555
12823
14114
13770
14488
18407
16902
19905
16312
9527
9733
9839
13848
13769
11488
11825
10343
14399
12154
12349
12978
10886
9487
7346
7779
7933
8195
9415
10835
11257
8773
9914
8786
8632
11101
10415
9362
9574
11431
7820
7398
7560
7183
7239
7591
8487
7861
11205
11375
10900
10294
7814
7902
7657
9794
9933
9575
10915
8951
10088
11062
15911
15361
13788
13522
11569
9619
9005
8658
8502
9842
13220
16456
20499
21040
15389
14305
19772
20120
12118
9449
10196
9350
10961
10930
11759
8222
8244
8590
9303
8746
11959
14224
11316
7654
6900
7747
7321
7094
7228
8164
11108
12666
13734
11433
10130
7736
7969
7679
7826
10623
10986
10671
11620
13417
8806
7022
7641
7949
7516
7007
7087
7490
8371
10506
8488
8671
8733
11793
9596
7764
8261
9685
12284
10970
9470
8481
9830
10730
10814
8463
7449
7692
7047
7780
9548
8252
7311
7821
10555
9575
8217
8159
9907
7869
7664
8740
7861
9496
10623
10410
9750
7668
10977
8361
7729
6935
6892
7497
10239
9175
8300
9413
9161
9433
7733
7555
7664
9764
10889
7964
7281
8449
7279
7289
6999
6968
7590
7747
10672
12687
10576
8744
8311
9558
8578
10550
9154
10871
9077
8149
9916
12124
11179
11989
9147
8027
7660
10172
9392
7245
7371
8386
9697
9500
7318
7952
10300
11037
8139
7625
8736
9679
8257
8328
8396
8742
7542
7670
8296
9506
11484
13384
14076
11889
11631
10308
10767
22439
14442
13484
10122
11936
13481
10913
9050
10721
13996
9612
7677
9224
13456
9587
12449
7902
7237
7553
7764
7996
7629
7639
7524
7169
7527
7367
7645
12631
13406
10171
9937
10029
11452
11098
8815
9926
8806
9512
11298
7956
7843
7437
9363
10747
11356
12233
11002
8799
8958
9039
10633
11204
8308
9036
9085
10682
9640
10549
13668
10099
11218
11996
11616
10601
11077
12171
11125
11866
10319
10242
8640
7808
6928
7710
8322
8603
7714
8230
9429
8852
8840
9996
9500
8540
7218
7921
8287
7723
6879
8574
8880
9372
8340
8402
10041
11250
9018
10026
9680
9001
8011
10225
8010
7409
8831
10108
9192
10038
11047
9088
8229
8130
9934
14252
15344
17546
11691
11757
15007
16891
12425
16475
11760
9170
8351
11702
10148
8743
13557
18626
14046
10626
9108
13137
12765
12711
12168
10893
13929
9266
7616
8954
7976
8104
8670
9313
12838
12800
13484
13222
15752
17249
13756
16918
21481
18061
18539
18921
13946
12161
15805
12824
12950
12613
14172
9600
8721
13024
11669
10448
13067
13323
13930
12276
12968
10561
9784
11492
12751
9216
8536
11828
10422
11956
12464
11599
11814
15460
17973
12979
19641
18177
17207
16986
15820
11286
13647
14378
17213
16729
19343
14878
10276
9971
9678
7530
8022
8091
9115
12331
10806
7919
7399
9765
8785
7742
9325
7034
7202
7051
7225
7498
8568
9849
8073
9349
12064
8244
9755
7901
7987
8149
9017
7682
8557
9336
9246
8923
10157
9452
10877
11239
12443
9196
7369
7441
6752
7677
8731
7514
10301
9177
7653
6832
7031
7872
10594
10694
13365
13417
12193
11485
12737
9787
8443
9490
7611
9079
9252
9509
9934
7040
8652
8482
8200
8075
9608
8853
8648
7740
8197
9857
10253
9104
11335
10299
10026
11740
11941
8033
7476
8591
10327
10577
9104
8402
9113
11837
12373
14128
9725
8507
10896
12009
10314
14942
14136
12872
11522
11029
10615
11052
8980
13794
13396
26462
23530
12412
18461
21060
19172
9662
8781
7276
8289
7791
8824
7899
7555
7614
9097
8582
8173
7847
9586
10060
11683
12300
10617
11714
12080
13437
11462
12307
14273
11236
11975
10771
9895
11051
12685
10592
9772
11658
10368
10521
10632
19585
9782
15094
9798
8648
12421
8705
8299
9378
14745
15437
15335
16378
13822
11095
14116
14104
17746
22722
20126
13444
11352
7891
7948
7615
7771
7316
7071
7089
8862
8891
7423
8196
9442
9941
9347
8036
8905
9770
9984
13740
17789
16378
20665
14959
9519
11457
14019
10653
10449
8482
7430
7987
9848
9037
7967
7784
7699
10513
8591
7134
7320
8243
8657
8276
8788
7917
7350
8779
13705
17254
15617
13949
13104
9830
11912
11325
7922
10963
13847
14575
10807
9521
7953
9852
15574
15572
17798
15533
14272
11762
17346
13677
19163
16951
16055
11157
9322
8741
8974
13385
13555
12196
15283
14840
8467
7611
8696
8226
11014
10383
11936
13027
18129
13088
9384
12063
12090
14697
13371
12737
13043
8906
11947
8497
9393
9501
16289
14372
8899
11171
15604
15430
12264
8180
7716
9931
10879
11236
11136
10088
10337
9808
8024
11518
9393
8582
8976
8783
10988
12548
10366
10084
9262
9804
11976
8925
7783
6659
7398
9541
12322
8993
7045
7557
7537
9471
8005
7553
8476
8813
8483
8392
10601
12699
10869
11073
13033
11701
12881
12301
13658
9615
9255
7982
8948
8301
8609
8616
7089
7136
6935
6951
7246
7995
9911
9902
9882
10542
10055
9334
11198
13206
12854
12051
10399
12522
10067
10286
12059
9223
11364
14863
12109
11286
8652
8836
12763
15372
14770
24211
26763
10052
10886
9073
10052
12480
9932
8867
7285
7309
7462
7588
8931
9821
10399
11757
9375
10080
11822
9273
9223
8267
8403
7315
7802
9163
10247
7743
7156
7122
7850
10607
16649
15163
15972
14158
14369
12271
9904
11344
9232
7662
10208
11494
9574
9751
8497
11648
9960
12021
11240
11757
11296
14646
13164
12460
13557
16315
15824
14251
13850
13886
14983
14904
10726
9955
8764
7275
7700
11579
9743
9878
13552
11536
13261
9593
12413
12900
16611
14096
9082
11346
9394
8695
11121
13194
17431
11534
15043
17025
14630
17926
22032
22663
21449
18333
18535
24413
23632
24739
14738
10471
13404
9897
13669
13228
12435
10544
7936
9704
14136
15778
14565
13061
12345
10788
8297
12711
11054
11336
11083
10584
11116
11460
11360
12894
13881
11198
11704
10919
11324
14083
10271
17436
13133
12668
15348
9717
8355
8602
7831
7122
7050
7501
8319
9253
10517
9461
9428
11124
10726
7705
7894
8019
10534
15500
17410
18609
20489
13618
15020
12488
12810
10480
16165
18327
15576
12150
8348
8819
10427
10641
12375
16703
10387
8805
9890
9850
11017
13566
12869
10200
12387
15237
17179
11178
13716
18002
16584
17508
16916
11335
8786
10019
8117
8639
11073
12787
10566
12850
12603
12605
9441
12940
12477
14261
15256
12151
14915
13722
19202
12663
13847
14000
16064
15612
25276
24498
17494
10343
9269
10371
15175
14317
13089
13666
11198
10979
11590
9999
15725
13077
12917
11667
8195
8062
7852
7439
7409
8139
10323
8232
8217
9479
9520
12369
12998
13272
11806
11544
7457
7475
8630
8325
8537
8737
11013
17306
17437
15972
17988
8287
9184
14700
9459
10952
14922
21026
17422
18662
23408
21697
21351
21047
20066
19822
16352
16677
14170
17097
16305
13728
12810
10347
8317
7944
10522
9029
8158
11207
7662
8677
7395
8453
10247
11497
11185
9910
7900
7839
7281
8929
9662
10415
7608
7715
8361
11475
10471
9062
10784
12660
11902
14386
11721
11807
15247
18238
17554
18524
15113
11096
12097
11450
13902
15490
9032
12105
12462
13246
12198
11473
13738
13996
16018
16926
12708
12868
18759
14135
11163
9239
9869
13386
12026
11147
8922
8652
7435
7904
10946
8022
9220
8178
8609
10494
10435
10866
8252
9456
9989
14535
13476
8847
8863
8196
10969
8572
8992
9405
9792
10318
14163
18587
17115
14710
17854
18786
16321
8541
17626
17330
11986
8084
7478
7684
8625
10314
12032
10680
10662
9519
10643
12186
10248
8858
8640
7518
7576
7779
10855
9406
7572
8346
8615
7510
7816
8545
7369
7316
7551
7237
7947
9603
8032
7527
9679
12384
12036
13268
12445
9141
10906
9523
10744
10759
10276
9677
13674
12061
12365
12544
14061
17949
17940
16253
17201
15092
13041
12862
16286
14614
12372
17562
18076
19372
19000
18524
10753
12056
13631
14064
17595
14020
13983
11240
11229
13017
12729
11495
13594
13359
11295
13239
13179
10532
10965
9578
8734
10368
9962
7380
9191
10682
12657
9907
10553
10729
13563
11464
9628
10291
10703
12445
11197
12454
11428
7667
7618
7224
7013
8519
9094
8415
7419
6861
7230
6947
7288
7467
7188
6364
7184
7032
7636
10170
9291
8833
8856
9325
8470
9168
9848
7804
7280
7014
7573
7392
7257
7111
7012
7576
8381
7933
7896
8429
11958
10620
9777
12688
14142
14265
11490
8399
9667
7681
7816
9029
10041
8547
9731
15216
18026
10576
13805
10011
16805
16092
9374
8168
7166
7298
7796
9060
11606
8961
12043
14853
9985
9682
8882
10346
7746
7164
7214
7092
7691
9960
7291
7346
7486
8986
13800
11286
10688
10935
10503
13228
10518
10882
10798
10814
9622
11467
9861
9546
13685
15279
10736
10634
11766
16264
13303
12207
11495
16042
17481
16057
14114
18088
13570
9266
9165
9726
8921
7423
8201
8091
8461
10877
12644
16208
13721
16383
14989
16024
14507
12544
11094
15529
19544
18448
18140
19597
21749
28274
15928
9793
12494
12140
11341
14529
13162
15275
12938
10887
12612
10030
8468
8553
9939
10214
16544
18722
16134
13964
13909
14254
9064
8611
10225
9067
11561
12070
13081
9684
8071
10870
9820
11477
11458
13285
11371
11143
11823
14304
14929
17768
16639
14282
15232
14379
16302
11982
14039
12808
20410
20501
12941
13661
19087
14931
13682
12218
14486
12052
8923
13386
16843
18336
15003
12475
14888
9650
9600
10673
9202
11175
14064
13018
15975
28470
26483
20051
22740
14755
10862
11117
13612
14936
19308
16056
11773
14886
17452
16779
13036
15145
15722
12638
14872
14602
15598
14261
12725
11327
17952
20277
19791
21991
16461
13878
16945
16109
11967
10228
11909
13456
13522
15279
19982
15939
8636
8237
7687
8340
8105
8487
10926
17045
22063
18324
16554
18905
13382
11506
12622
14530
15670
7951
11651
12911
12158
11581
17537
11225
12904
19050
23826
17479
20704
24467
22852
18730
17602
20269
15332
16499
21263
17222
15979
13508
12639
11825
10896
11317
14242
16475
22110
19569
14902
16175
19130
13219
15871
16056
13990
15185
19122
19122
16931
15385
20033
20548
20685
15020
15881
16126
17886
20592
12405
8386
8774
10495
12036
15495
14343
13769
12166
15070
14574
13334
14000
15394
13584
9559
8719
9199
14990
18825
21212
22540
21015
21382
20945
23247
4178
7932
12717
8798
10442
10635
12350
12843
12397
12621
13243
15185
13892
11756
13488
12796
13370
10699
10312
10141
8576
7348
7356
8117
11768
8418
7962
9793
11886
12974
11357
8175
8270
7478
8845
7931
7888
10782
14262
15231
13844
12998
9437
9517
9555
10442
13557
13882
11127
7927
10327
12809
9722
7478
7309
6990
7345
7405
8895
9196
7395
8394
10560
11095
14451
14949
14337
15813
18116
14683
14228
9886
8517
9416
9894
11149
9509
9515
11103
8912
9617
10782
14298
13033
12821
12300
11829
11113
14005
14714
15846
18250
19814
18032
16214
18933
16460
14990
10102
14735
11972
12731
16692
15428
16831
14883
16448
16953
18879
17358
15916
10753
13289
9259
10679
16776
16273
13487
14040
23143
30234
25122
26393
25397
23648
19327
15176
23201
21546
18085
21288
21254
17825
20632
23238
25582
21844
12805
14296
17124
13883
13194
19749
17753
16740
18207
22046
17078
18888
19684
12520
22452
20020
21740
20287
22525
22132
18706
13684
14850
19560
19458
16914
14262
17908
16389
21744
21200
16263
18820
20261
17378
14170
14912
13265
18038
18661
18855
15942
13977
11854
15682
16138
21383
22612
21979
15701
19455
20699
21757
18787
20439
22031
18869
16840
19196
11059
8828
8072
8633
7698
7485
7466
7573
7395
7925
8556
8525
8425
10599
8647
12236
14440
14035
13488
11911
15186
13902
11664
13936
11567
22487
19875
12117
8689
8721
10095
9781
14376
9947
10801
11458
9018
10761
11752
11966
13324
13320
10322
9138
9259
12258
12808
9222
8228
8596
8115
8530
12377
9020
7506
8100
7828
8597
8229
10526
16566
15283
12439
9050
9974
12813
9968
12654
15152
17451
10274
14897
13369
9774
8980
9982
10878
8924
8685
11673
15233
11667
15318
12866
9615
12092
9137
8748
9893
8055
8567
8038
8140
7814
8208
8150
7866
7824
7824
8086
8286
8137
8183
8127
7693
8558
9482
8406
7482
9746
12405
10002
11057
10817
8531
8725
11947
9975
10598
9641
9855
8854
8602
11136
14950
12306
8331
10605
10282
8177
7422
7965
11588
13295
9871
9808
11836
12027
11844
11950
10785
8888
9629
10714
9879
8579
8682
9044
8813
8447
9488
12621
10321
22865
9618
