10446
6584
3983
3853
5610
5121
4864
3456
2501
4106
3193
4116
3436
4049
4275
3871
4159
4159
4566
5133
4499
3241
4615
4283
1900
2857
4199
2561
3539
3946
3323
2278
3362
3590
3679
3733
2679
2235
1158
1675
2337
2672
3642
3590
2799
1219
1578
1471
1862
1320
1843
2819
2173
1833
2414
1333
1760
1820
1064
1630
1128
1090
1004
959
1261
1454
1363
1870
1187
1133
1180
1517
1047
1330
1989
1498
2067
1252
1543
1748
2534
2218
2221
2001
1160
1254
1075
1233
1853
1405
1002
1104
1054
1151
3268
3351
1873
2096
3203
2011
1967
2070
2282
1361
1619
2658
4181
4099
1628
3344
4123
4844
1696
1495
1646
2435
4022
1889
1185
1538
2078
1650
2519
1813
1494
1298
1788
1284
1761
1887
1728
1423
1326
2141
2745
2633
2118
2298
1959
1789
1525
1356
1219
1045
1113
944
1021
1147
1447
1110
1047
1125
1473
1171
1277
2911
3475
3254
3065
3184
1976
2019
1725
2038
2396
2780
2113
2206
1347
1125
1567
1728
1156
2358
1592
1730
2257
4117
2730
6195
2774
2858
2886
2098
2810
1588
2470
1868
2319
2062
2942
3667
2714
2961
4089
2738
1637
1680
2115
2605
3444
5170
3617
1716
1156
1234
2042
1275
1507
1498
2941
1116
2452
2929
4241
3997
4388
2542
2392
2214
1770
2986
2275
1593
1061
1718
2435
2798
2425
1232
1134
2859
3040
2282
2832
2338
3382
2344
1182
1142
1141
1276
2575
2435
1339
977
1345
1156
2131
3143
2570
1614
2305
3181
1823
1083
1875
2191
3145
3293
1896
2992
3826
2017
1246
1143
1069
1446
1477
1153
1088
1181
1292
3953
2767
3005
3794
2487
2746
2595
3159
2567
1578
1253
2830
2779
1953
1719
3126
2711
2532
2853
2526
1251
1665
2327
2600
4277
2816
1267
1160
1395
1230
2467
3800
3094
2804
4324
1828
2182
2379
1458
1179
1203
1116
1067
1083
1298
1447
963
1016
1414
1421
2134
1790
1240
1103
1583
1508
1914
1952
1556
1121
1237
1330
1299
1150
1527
1648
2390
2401
2918
2189
2103
2542
2496
1918
1805
1725
1275
1145
1323
1471
1101
970
939
1322
1198
1099
1482
1911
1697
1164
1111
912
1568
1793
2309
1009
1708
2398
2376
3359
2466
1407
2156
2125
2695
1554
1482
1175
1191
1130
1327
1365
2058
2347
1830
4355
3888
1348
1534
2379
1897
1993
1193
1566
2160
1287
2686
4146
4253
2773
3979
3475
3581
5521
6643
1249
1760
1580
1899
2087
1373
1224
1776
3541
3372
3308
3162
4289
3154
2437
1855
1624
1287
1333
1564
1306
1098
2163
1590
1237
1915
1239
1223
1260
1485
3301
2217
1095
1025
1332
2247
2715
2001
1626
1620
2882
2002
2529
2658
2497
4105
4605
5183
4093
2738
4504
3234
2129
1770
1804
3019
2722
1467
1274
1986
1768
1597
1609
1630
1370
1135
1924
1277
2594
2426
1167
1370
1388
1269
1240
1155
1019
1003
1279
1163
1205
1321
1163
1019
942
1124
1391
1298
1472
1977
1033
1024
1046
1394
1254
1709
1478
1485
1071
1355
1761
2088
1265
1266
1137
1002
1302
2089
1565
1783
2502
2300
2466
2898
3697
3335
4599
3481
1490
1173
1639
2370
2193
1723
2254
1717
2984
1501
1673
2697
2221
1254
1059
1115
1088
1566
1458
1816
2197
1313
1786
1412
1278
1941
1762
1442
1488
1757
1132
1057
975
1110
1139
1113
1202
1104
2249
2207
1998
1750
1279
1263
1199
1830
1802
1372
2190
1527
1854
2260
4102
3690
3276
2787
1877
1673
1452
1542
1475
1835
2599
4890
5739
5955
3558
2772
4955
5096
2049
1464
1774
1156
1839
1847
2100
1253
1082
1516
1485
1262
2084
2850
2122
1122
1102
1301
977
1003
1085
1181
2120
2335
3180
2423
2076
1059
1089
989
1150
2148
1664
1891
1992
3093
1350
926
1009
1367
1030
987
995
1083
1138
2006
1221
1211
1437
2286
1533
1127
1479
1257
2668
2057
1765
1267
1707
1951
2156
1327
1257
986
1112
1214
1798
1267
1063
962
1926
1541
1049
1256
1633
1128
969
1381
1153
1332
1883
1969
1979
1060
2412
1348
1123
1006
1049
997
1813
1569
1245
1530
1692
1581
1108
1353
1131
1911
2098
1195
919
1735
967
1071
999
994
1046
1110
1712
2733
2047
1269
1074
1651
1140
1915
1557
1879
1433
1015
1822
2130
2015
2497
1490
1311
1226
1718
1746
1074
1201
1460
1847
1773
1147
1069
1893
2153
1179
1136
1285
2118
1413
1416
1595
1748
1179
1349
1506
1887
2889
3670
3224
3084
3512
2368
2728
7389
3620
3211
1826
2156
2849
2013
1376
1549
3291
1748
1142
1277
3118
1577
2647
1164
1187
1202
1189
1258
1173
1317
1283
1220
1258
1125
942
2539
2894
1457
1413
1685
2404
1937
1446
1450
1140
1584
2488
1086
1391
1004
1442
1756
2091
2318
2068
1385
1213
1313
1896
1812
1070
1154
1592
1828
1443
1443
2841
2185
2509
2688
1700
2012
1844
2751
2224
2434
1881
1782
1368
1261
956
1124
1209
1505
1164
1269
1539
1660
1519
1716
1548
1685
1137
1108
1365
1273
953
1152
1476
1527
1144
1341
1414
1985
1293
1445
1690
1500
1032
1688
1056
1038
1402
1997
1623
1498
2254
1496
1207
1132
1881
2299
3258
3413
1937
1384
3299
3698
4801
3486
1958
1279
922
2044
1586
1308
2126
3501
2581
1692
1167
2010
2264
2038
2194
1803
2554
1200
1103
1433
1281
1282
1414
1998
2412
2137
2151
2851
3288
4042
2489
3866
5622
4536
4749
5842
3747
2731
4196
2455
2665
2443
3574
1789
1517
3457
2417
2121
2927
2450
3046
2552
3021
2066
1710
2275
3061
1573
1248
2386
1849
3367
4132
3424
2340
3911
4735
3123
4601
4175
3854
3548
3550
1964
2257
1694
3918
3876
4356
2835
1729
1520
1547
1028
1186
1374
1018
2186
2000
1083
1151
1710
1506
1140
1588
1029
1121
1066
996
1108
1263
1804
1272
1604
2593
1270
1670
1042
1163
1138
1441
1047
1208
1338
1601
1320
1536
1313
2164
1851
2534
1513
957
983
1123
1089
1354
1015
1876
1768
1227
886
1106
989
1976
2021
2937
2871
2277
1892
2786
1676
1171
1719
943
1544
1610
1438
1777
997
1338
1392
1211
1214
1589
1520
1428
1179
1234
1525
1617
1569
2159
1956
1647
2247
2540
1255
1001
1176
1801
2144
1119
1309
1614
2245
2508
3326
1902
1532
2008
2550
1648
3821
3175
2935
2475
2344
2345
2286
1684
3653
3247
9058
7464
2752
4996
6524
5921
1697
1546
1177
1157
1147
1568
1380
1302
1348
1600
1274
1311
1464
1769
1814
1989
2548
1790
2046
2472
3557
2048
2229
2644
1809
2341
1844
1435
2028
2359
1812
1578
2160
1861
1464
1869
4307
1229
2940
1691
1274
2130
1437
1307
1583
3328
3016
3559
3714
2446
2015
3006
2626
4728
5587
5084
2805
2524
1146
1357
1132
1345
1261
1013
937
1286
1581
1103
1205
1613
1677
1647
1244
1444
1502
1808
3203
4197
4453
5070
3361
1571
2020
3008
1783
1962
1314
1022
1039
1557
1509
1219
1173
1116
1958
1327
985
984
1252
1433
1104
1447
1290
996
1107
2623
3856
3608
2457
1934
1674
1992
2110
1187
1838
3153
3389
1853
1696
1427
1623
4268
3675
4711
3926
3686
2404
5122
3858
6202
4845
6190
2957
2012
2034
1701
3274
3010
2615
3304
3880
1683
1327
1685
1462
2569
1839
2181
2141
4564
2978
1527
2410
2413
2578
3038
2341
2681
1400
2052
1103
1395
1309
3355
3468
1486
1799
3554
4014
2509
1281
1074
1643
2102
2058
2245
1905
1790
1767
1107
2445
1432
1260
1372
1506
1824
2680
1813
1626
1386
1328
2398
1579
1177
911
1061
1617
2478
1551
1096
1031
1147
1505
1172
1081
1247
1288
1202
1310
1776
2651
1794
1972
2359
2377
2615
2017
2731
1643
1502
1302
1444
1216
1262
1374
1000
1088
1009
1041
1183
1252
1546
1381
1559
1697
1654
1526
1701
2676
2369
2264
1660
2098
1478
1415
2125
1219
1771
2453
1741
1778
1343
1350
2018
2752
3604
5660
8358
1630
1901
1417
1746
2752
1359
1394
986
1173
1010
1097
1341
1842
2125
2251
1714
1359
2483
1458
1629
1368
1334
1147
1100
1367
1653
1040
1069
1075
1017
1741
3786
3074
3520
3186
2797
2410
1426
2233
1528
1083
1874
2071
1545
1590
1173
2166
1443
2437
1829
2378
2022
3048
2807
2097
2912
3657
3164
3382
3473
3487
3077
2737
1662
1711
1344
1007
1170
2042
1821
1407
2542
1759
2402
1583
2570
3195
3226
2457
1146
1492
1332
1289
1468
2456
3579
2097
3272
4023
3291
3972
5419
6456
5761
4604
4645
6810
6150
8133
4259
2359
3569
1839
2945
3379
2843
2229
1429
1639
3448
4116
3685
2598
2792
2056
1395
2688
2502
2398
1936
1835
2292
2497
2381
2568
2854
2106
2368
1920
1927
3301
1887
4126
2482
2150
2365
1582
1210
1299
1269
1043
1061
946
1096
1586
1572
1390
1562
1993
1984
1096
1096
1106
2057
3868
3431
3480
3847
2695
3478
2505
2392
1402
2618
2759
3050
2272
1332
1259
1374
1784
1322
3634
1816
1249
1635
1432
2042
3103
2270
1642
2134
3005
3779
1820
2966
4597
3647
4217
3554
1848
1185
1699
1222
1118
1876
2466
1341
2555
2257
2360
1491
2943
2444
2925
3358
1838
3297
2820
4697
2401
2867
2823
4164
3272
8604
5950
4111
1705
1567
1629
2682
3322
1736
2417
1796
1902
1445
1513
3038
2692
2023
2093
1032
1316
1283
1149
1045
1113
1522
1145
893
1254
1717
2607
2662
2322
1870
1853
1060
1068
1399
1223
1110
1109
2077
3087
3029
3910
4494
1363
1243
3113
1609
2057
2815
4985
4358
4757
6633
6578
6003
5720
5277
4875
3536
2974
2493
3598
3079
2806
2084
1409
1088
1047
1707
1241
1025
1989
1205
1683
982
1101
1409
1895
2037
1518
1067
1386
1254
1420
1508
1913
1197
1220
1140
2187
1928
1283
1661
2494
1859
2544
1696
2029
2600
3615
4201
3644
3064
2143
2408
2206
3029
3300
1499
2326
2893
2986
2260
2020
2908
3507
3552
3911
2853
2190
5055
3529
2314
1911
1625
3155
2084
2122
1417
1409
1191
1131
2216
1299
1627
1274
1462
1901
1892
2124
1327
1600
1574
3131
3126
1375
1376
1255
2150
1407
1365
1524
1856
1506
2801
5083
3915
3327
3879
4315
4301
1331
4510
4355
2459
1257
966
923
1321
1564
2263
1958
1960
1397
1631
2530
1918
1287
1488
1004
1056
1088
1708
1634
1061
1251
1516
1174
1051
1374
1011
1097
1097
922
1049
1402
1184
1014
1429
2179
2002
2739
2706
1471
1753
1567
1973
1840
1833
1468
2683
2220
2102
2123
2248
4128
3929
3931
3511
2606
2478
2464
3606
3060
1935
4437
4758
5134
5087
4588
1928
2390
3128
3503
4464
3607
3644
2492
2610
2734
3078
2428
2886
3432
2213
2681
2697
1788
2162
1452
1176
1885
1845
1206
1401
1622
2629
2016
1773
1729
2886
2029
1551
1738
1685
2887
1696
2583
2355
1058
1119
1263
1041
1312
1385
1207
1129
986
1118
1020
988
1248
1162
995
1064
1035
1147
1822
1475
1251
1589
1531
1318
1566
1552
1169
1011
897
1261
1231
1220
1232
1036
1226
1343
1394
1314
1270
2388
1991
1432
2550
3089
3678
2389
1382
1783
1416
1288
1540
2172
1523
1854
4342
6211
1923
3321
1570
4088
3399
1370
1083
1088
1016
1389
1335
2537
1535
2168
3717
2208
1732
1608
1789
1008
975
1328
1028
1022
1681
1081
1020
1270
1066
3242
2216
2017
1994
1734
2784
1808
2079
1933
1961
1739
2318
1707
1605
3109
3309
1564
1899
2030
2986
2446
2287
1850
3492
4000
3523
2608
3834
2477
1476
1136
1832
1306
1189
1240
1392
1184
1639
2518
3615
2830
3550
2684
3087
2751
2389
1667
3188
4908
4459
5155
5925
5989
8796
3440
1762
2557
2317
2470
3701
3110
3349
2754
2140
2944
1901
1372
1627
1493
1431
3775
5004
3177
2998
3059
2996
1240
1175
1587
1551
2190
2274
2724
1668
1146
2206
1893
2202
1805
3118
2323
1737
2384
2948
2970
4304
3289
2698
3167
2854
2574
2214
2718
2379
3765
4817
2493
2547
3631
2924
2654
2290
3248
2216
1105
1764
3669
4170
3369
2307
3554
1892
1585
2318
1658
1940
3415
3069
3759
10096
9481
6453
6520
3210
2331
2122
2847
2995
4488
3582
1981
3414
4187
3716
2389
3303
3285
1986
3491
2965
3160
2725
2507
1771
3327
5281
5331
6660
4191
2362
3003
3312
1890
1358
2321
2843
2103
3064
4098
3745
1327
1304
1206
1362
1276
1184
1582
3176
5792
4282
4090
4625
2890
2342
2742
3310
3886
1379
2144
2686
2431
1852
4305
1971
2593
5195
6816
4479
6160
8433
7704
5672
4487
5946
3618
3539
6778
4759
3920
2861
2573
2460
2015
2112
3120
3873
5203
4579
3273
3076
4859
2710
3821
3773
1905
3478
5220
4815
4265
3055
5598
5499
5231
3475
3745
4346
4356
4929
2349
1170
1008
1791
1864
3499
3482
3131
2838
3569
3241
2632
2873
3874
3314
1583
1483
1451
2888
4066
4923
6764
6095
5947
6687
8592
1512
1222
2973
1384
1941
1963
2548
2657
2869
2584
3163
4193
3429
2255
3256
2394
2922
1804
1707
1938
1383
982
979
1319
2566
1370
1202
1737
2050
2062
1602
1016
1242
1044
1147
1026
1007
1452
2558
3004
2491
2374
1276
1400
1414
1696
2955
2893
2130
1209
1664
3006
1772
1232
1257
1181
1292
1299
1767
1698
1216
1787
1819
2312
4564
4358
2383
3376
4811
2977
2746
1709
1119
1399
1481
1822
1419
1257
1877
1479
1349
1590
2614
2532
2277
2222
2725
1830
2492
2464
3687
4193
3844
4335
3672
4514
3248
2959
1196
2490
1865
1749
3725
3268
3846
2919
3292
3649
4227
3836
3852
1827
3025
1619
1732
3535
4022
2780
2972
7037
12627
9232
8763
8039
7295
5408
3533
7331
6154
5583
5729
6147
4652
5330
6801
7913
6007
2455
2246
4284
2502
2279
4934
4297
3939
5378
6140
4263
5388
5022
2221
6325
5961
6446
5920
7042
7088
4991
3262
4348
6173
5761
5287
3683
5266
3558
5321
5778
3668
3531
4543
3920
2854
2633
2404
4337
3879
4209
3657
2582
2055
2849
3890
4624
6361
5890
3533
5227
5504
5379
4216
5313
6280
5029
3998
5000
2006
1355
1473
1576
1163
1325
1421
1257
1281
1399
1219
1527
1148
2003
1399
2417
3227
3463
2961
2095
3215
3868
2023
3056
2071
7209
6008
3123
1429
1550
1707
1760
3631
1490
1736
2001
1247
1959
2466
1857
2745
2732
1699
1531
1547
2599
2944
1730
1152
1432
1373
1461
2012
1711
1374
1305
1253
1219
1145
1553
3170
3501
2678
1139
1336
2737
1391
2486
3447
4633
2024
3078
2919
1426
1175
1177
1551
979
926
1584
2148
2070
3790
2481
1619
2156
1396
1177
1688
1039
1176
1154
983
1031
1147
1142
1073
1158
949
1097
1062
1382
1043
1033
908
1253
1774
1152
879
1523
2573
1736
1987
2046
1097
1171
1991
1473
1561
1253
1320
1325
928
2131
3526
2498
970
1756
1813
1208
981
957
1837
2774
1763
1453
1808
2325
2442
2403
2079
1158
1395
2052
2092
1499
1355
1386
1385
1250
1307
2405
1684
7093
2016
