20111
18654
17441
15530
18535
17706
18619
17313
15536
17196
18329
17511
16914
16385
18036
16954
16895
17361
17761
18056
16248
16492
17410
17109
15963
14989
16916
17384
16076
16278
17005
14984
15951
17170
16171
16513
15657
15527
13581
12795
13233
14347
16610
16987
16531
13824
14020
14095
14375
12602
13234
14823
13045
14338
14158
13207
13385
14284
12653
11819
12677
10963
11110
11457
12188
13158
12825
13360
11534
11465
11650
12455
11933
12423
13667
12126
13833
12356
13040
13506
14154
13233
14930
14264
12745
12236
11085
12040
13198
13412
11206
10949
10770
11747
14888
17706
14336
15254
14968
14231
14080
14717
15055
13549
13074
14194
15158
16776
14734
15422
17032
16676
14551
12814
13376
15090
15499
14877
12451
13171
14780
13969
14746
14396
12436
12583
13595
12761
12666
13595
15202
13319
13613
13639
14318
14289
15685
14477
14549
13606
13090
12291
11706
11017
10768
10458
10816
11443
12229
10690
10743
10704
11479
12082
11755
14906
17956
16370
17000
17650
13864
16100
14206
14831
14219
14756
15074
13963
12525
11912
12466
13209
12428
13799
13500
13180
13660
17256
14473
17054
15800
16193
15015
14488
14807
12269
13788
12869
14122
13255
14678
15493
14168
13720
16413
15003
13321
13592
14554
14719
15924
17556
16280
14425
11637
11819
13930
12654
14062
13662
16169
11747
15366
13927
16298
16638
16885
15237
16140
15179
14392
13727
14265
12808
11161
12749
13832
14499
13794
12878
11460
14972
15702
13695
14764
15442
17283
14262
11840
11185
11627
11766
14102
13769
13545
11283
11953
12504
13992
14006
15154
12070
14111
16044
13801
12851
13283
14304
15453
15891
13300
15426
15881
14237
12465
10877
10805
12869
13254
11509
11175
11332
12356
16658
14911
15474
16252
14859
14502
14770
15666
15132
13120
11566
14274
15460
14017
12930
16046
15087
14818
15660
14864
11868
13377
15336
14370
18841
15773
12211
11863
13023
12098
14707
15561
17212
14885
16448
13708
14503
14012
14198
12625
12524
11937
10651
11119
11905
12539
11427
11414
13307
12741
13511
13982
12447
11438
12235
12659
13576
13244
13271
11464
11864
11760
12069
11507
12559
13466
12685
14033
14175
15178
14003
13590
13517
14153
13302
12923
12112
11857
12306
12146
12222
10764
11072
12001
11343
11309
12173
13337
13720
10998
10604
10574
12174
12920
13728
11921
13223
14070
14153
13978
14192
13303
14149
13866
14521
12984
12106
12298
11272
11058
11875
12176
13334
16083
15107
16530
17562
13311
12853
13958
13644
13474
12004
12628
14151
12556
14543
17193
17374
15578
16650
16240
15826
18281
17901
11543
12635
13364
13939
14843
12316
12722
13727
16121
17605
16039
15718
18901
17271
14522
14493
12890
12573
12236
13194
11959
11618
13957
13379
12910
13131
12511
12346
12791
13275
15429
13687
13599
11980
12986
15289
16071
14536
14398
13019
15781
14906
15141
16291
15461
16268
16298
18386
18266
15826
18244
16460
15325
14045
13700
14378
15994
14014
12650
13882
14524
13244
14044
13201
12930
13151
14274
12598
14135
15552
12297
11500
12060
11554
10882
11641
10545
10567
11010
11363
11584
11721
11177
11715
10876
11609
12145
12871
12806
13398
12182
10898
11152
11732
12007
13091
12490
12746
11902
13129
13133
13537
11909
13033
12076
11902
12205
13799
13354
13237
14249
15955
15318
14635
18432
16635
17663
16634
13010
12930
13624
15034
16589
13372
13931
13186
15506
15535
14797
14088
13808
13255
11708
11162
11573
12077
12052
13414
13841
12374
13089
12336
12013
13818
13627
12771
13571
13675
12523
11079
10900
10990
11265
11293
11755
11794
13163
14276
13484
13304
11780
11587
11380
12183
13470
12326
13695
12406
13235
13264
15790
16068
14992
15371
14300
13524
12383
12060
11889
12975
14585
16825
17991
19219
16233
15820
17582
19687
15604
13419
13437
12883
13422
13652
13862
12685
11572
12343
12753
12570
14224
15786
14126
11268
10723
11461
11146
10803
11043
11672
13619
14553
14202
14135
13540
11573
11678
11349
11161
13081
14030
13679
14147
14871
13351
10908
11001
12024
11384
10890
10791
11038
11832
12723
12903
11950
12452
14160
13607
11701
12117
12697
13777
13863
12371
12716
12642
13382
13316
12538
11804
11529
11151
11525
12788
12420
11447
11145
13186
13378
12388
11851
12224
11997
11289
12440
11872
12365
13335
13223
13237
11476
13485
12339
11880
10856
10885
11210
13314
12739
11863
12464
12992
13216
11832
11380
11012
12222
14176
12388
11025
11324
10907
11170
10904
10946
11325
11390
12886
14829
13811
12729
11750
13042
12240
13515
12927
13350
12843
11464
12063
14847
13858
14965
12998
11396
11552
13122
13183
11252
10678
11984
12289
13049
11097
11287
12764
13357
12266
11399
12146
13022
11999
11673
12008
12553
10999
11173
11867
12692
13744
15209
15187
14276
14220
13262
13558
18661
15840
15227
13122
14726
15577
13913
12536
13364
15555
12816
11197
11940
15374
13394
14310
11466
10969
11196
11132
11166
11159
11260
10961
10741
11001
10676
11245
14304
14812
13229
13249
13046
13967
14214
12452
12607
12503
12861
13935
12178
11714
11144
12582
13630
13349
14718
14027
12852
12540
12272
13762
13876
12491
12094
12074
14003
13628
13049
14136
12650
13446
14402
14314
13109
14201
14356
13354
14031
13316
13657
12333
11809
10955
10985
12130
11581
12017
11692
12675
12002
12396
13783
13487
11710
11020
11473
12312
11812
10628
11980
12169
12520
12769
12529
12874
14103
13072
12854
13448
12631
11623
12965
12249
11192
12491
13400
13337
12502
14202
12660
11650
11667
12240
14866
16481
16779
14468
14314
15213
16428
14971
16949
14936
13338
12096
13817
13573
12445
14888
18105
15388
14430
12851
14878
15206
14047
14774
13689
15524
12951
11495
12022
12272
11765
12295
13081
14888
15453
15811
14865
16053
17191
16070
15977
18401
17329
16577
17632
15070
14225
16745
14769
15755
14895
15721
13336
12022
14640
14128
13476
14501
15154
15352
14779
14552
14074
12586
14042
14835
12900
11940
13891
13744
13463
13648
13840
13294
15870
16644
14024
17600
16861
16720
16619
16725
14067
15764
15924
16042
16178
18001
15941
13253
13266
13275
11567
11507
11773
12488
14471
14088
11830
11100
12454
12569
10902
12649
10617
10866
11053
11152
11259
11492
13206
12370
12297
14463
11380
12800
12049
11897
11534
12912
11705
11692
12282
12833
12285
13778
12797
13695
13131
14587
13941
11584
11176
11007
11468
12629
12044
12654
12772
11901
10719
10643
11358
12936
13380
14794
14947
14487
13868
14338
13931
11924
12806
11594
12124
12372
12506
13035
11332
11776
12179
11765
11783
12787
12767
11885
11266
11931
12686
12912
12531
13946
13114
13000
14012
14168
12007
11040
11580
13217
14218
12714
12229
12151
14089
14032
15177
13504
11931
12744
14603
12627
16066
15985
15216
14380
13290
13452
14556
12108
15185
15158
19507
19206
15060
17180
17924
17091
13015
13018
11245
11417
11792
12114
11578
11286
11278
12399
12185
12344
12057
12161
13301
14029
14068
13743
14093
14249
14668
14210
14123
15820
14255
13306
14251
13330
13240
15420
13540
12821
14092
13616
13345
13558
17430
13117
15154
13743
12077
15237
12279
11821
12452
15050
14866
15498
16664
15716
14736
15932
15398
16401
18932
17928
14669
13854
11766
11566
11217
11586
11159
10888
10917
12056
12339
11751
11770
13100
12508
12939
11898
12269
13050
13198
14820
17131
16105
17987
14861
12746
13712
15986
13257
13225
12620
11091
11813
12676
12889
11452
12156
11232
13232
12459
11008
10827
11751
12161
11855
12490
11524
10818
11890
15576
16222
15874
16344
14591
13439
14413
14299
11963
13192
14475
15316
14139
12872
11629
12987
15499
15854
16680
16012
15735
14718
17328
14821
17523
16012
16692
13915
12616
12143
12420
15201
14842
14601
16184
16091
12227
10664
12188
11388
13370
13276
13945
15703
17500
15463
12569
14529
14500
15629
14771
14267
14577
13347
14496
12405
13076
13003
15694
15870
12311
13977
15926
16073
15766
11991
11650
12394
13656
13558
14107
13414
13456
12847
11897
14358
13307
12656
12883
12081
13085
14275
13685
13571
12747
13082
13574
13231
11591
11025
11183
12494
14643
12599
10736
11496
11483
12985
11507
11340
11610
12760
12540
12403
13174
14364
14200
14081
14782
13732
14624
14875
14924
13073
13019
11951
12567
12012
12141
12265
11081
11111
10537
10493
10824
11607
12801
13173
13405
12959
13532
12619
13334
15164
14994
14979
13495
14609
14049
12728
15026
12713
14213
16487
14484
15025
12578
12266
14556
16127
14986
19032
19451
13549
13721
12445
12586
14333
14002
12520
11240
10910
11344
11283
12529
12565
12984
13993
13488
13509
14213
12908
12637
12348
12022
11826
11418
11866
13655
11580
11102
10932
11597
13008
16331
15874
15926
15266
15796
14650
13280
13411
12982
11058
13237
13870
13528
13296
11983
13906
13074
13871
14494
13684
14000
15362
14654
14081
14540
16138
16208
15445
15364
14524
15797
16461
13148
13665
12919
10989
11279
13148
13717
13196
15530
13361
15425
12312
13728
14623
17214
16170
12730
14482
13158
12311
13773
14456
17223
13801
15801
16091
15644
17234
18569
19541
18701
17846
17252
19540
18428
19340
16200
13326
15583
13070
14599
15267
14338
13905
11438
12847
15246
16383
15696
14521
14449
13545
12209
13692
13722
14233
13855
13855
13548
13413
13554
15257
15552
13826
13875
13764
13553
15599
13313
16376
15769
14561
15644
12744
12267
12459
11488
10570
10742
11150
11746
12975
13117
12796
12547
13645
13424
11755
11508
11304
12508
15668
17288
18326
18271
14700
15501
14590
15907
13571
16393
18181
15583
14870
12083
12679
13270
14226
13810
15965
13727
12555
13390
13046
13148
14659
14631
13629
14340
15192
17395
13562
14833
16736
16034
16954
16988
15313
12424
13237
11933
12100
13649
15160
13811
15055
15059
14697
13104
14508
14928
15087
16367
15048
15589
15878
17343
15064
16196
15818
15770
17609
19524
18577
17197
13629
12119
13476
15453
15361
15500
15888
14241
13892
14706
12405
16012
14677
15998
14742
12632
11845
11893
11412
11170
11560
13474
12493
11807
12908
12321
14048
14881
15815
14543
15175
11733
11289
11637
11986
12021
11890
13695
17926
17210
15926
16949
11634
11844
15644
12415
13681
14843
18634
16397
17128
18891
18547
18426
18166
18529
18304
16709
16069
15417
16849
16350
14525
15452
14139
11982
11318
12650
13138
11680
13831
11504
11884
11332
12075
13809
14090
14076
13147
11348
11585
11226
12500
12359
13253
11474
11290
12217
13348
13599
12581
13545
14113
15394
15959
14135
14927
15371
17844
16394
18289
16481
14539
14832
13816
15759
17566
13003
14169
13996
16217
15740
14451
15232
15507
17079
17943
14912
15218
16705
15406
14040
11976
12926
14514
14986
13321
12202
12632
11650
11301
13795
11990
11956
12071
11701
13129
12926
13920
12456
12509
13003
15175
15004
12289
11675
12143
13429
12640
12494
12269
13401
13026
14746
17024
16409
15463
17857
17097
16327
12391
16507
16426
15000
11925
11156
11454
11767
13282
13792
14184
13364
13155
13670
14095
13442
12027
13120
11642
11204
11260
13116
13269
11758
11434
12530
11436
11226
12833
10900
10978
11312
10691
11491
12422
12317
11306
12853
14079
14334
14867
14007
13296
13298
13309
13035
13489
13464
12727
15085
14794
14464
14929
15687
16957
16912
16132
17334
16480
15036
14433
16797
15081
15287
16389
17015
17504
17792
17913
14283
14437
15717
15435
17038
14641
14736
14489
13133
15043
14838
14491
15294
14834
14679
14860
15508
13293
14039
12995
12158
13240
13440
11349
12864
13276
14034
13260
13902
13628
14599
14296
13161
12647
13360
14047
14111
14041
15005
11905
11404
10774
10996
12024
12244
12529
11018
10541
11004
10866
11328
11146
11191
10276
10768
10967
11087
12669
12797
12131
12532
12522
12599
12475
13317
11469
10871
10372
11132
11103
10666
11003
10758
11108
11641
11869
11436
12200
13808
13555
13377
14273
15309
15329
14493
11887
13236
11722
11480
12131
13741
11885
12882
16601
16801
12712
14619
13182
16488
16545
13412
12008
11317
11003
11460
12145
13282
12990
13790
15081
13300
12680
12688
13048
12237
10790
11410
10793
11169
12909
11707
10859
11450
11654
14126
14275
13490
13623
13246
14813
14640
13440
13110
14109
12858
14346
13789
11987
14893
16404
13887
12996
14646
16355
15491
14545
14741
15678
16943
16630
15913
16940
16331
13337
12476
12324
13063
11441
12039
12068
11966
13320
14097
16384
14978
16071
16369
16480
16067
15415
14149
15176
17677
17026
16709
17577
19159
19926
16221
12605
14009
14531
14287
14561
14432
16088
14541
13997
14057
12765
12248
12220
13166
13402
15900
17109
16588
14633
15048
15554
13272
12083
13046
12795
12710
14289
14490
13885
12122
12720
12488
14390
13846
14692
13982
14292
14374
15612
15165
16689
16515
15432
16107
16132
16859
14554
14492
15019
18378
18269
14917
14619
17516
16449
15117
15083
15201
15087
12963
14580
16462
16783
16135
15110
15800
13470
12879
13008
12923
13421
15906
14593
16016
20345
20432
17812
19282
17139
14139
14006
15904
15113
17576
17552
14355
15382
16668
17285
15420
14771
16612
15311
15953
16048
16222
15858
15348
14165
16994
17535
17852
18270
16249
15624
16554
17265
14703
12972
13805
15379
15124
16145
17728
16080
12481
11856
11226
12228
11642
11851
13704
15739
18931
17625
16198
17816
14578
14493
14544
15057
15878
11932
13801
15432
15029
13348
17355
14866
15090
17587
19977
17501
17752
19341
18887
17536
15956
17770
16665
15903
17750
16533
16005
15595
14811
14327
13444
13782
15020
16154
19145
17496
15475
16129
17547
14639
16259
16076
15780
15626
17157
17081
17098
16027
17680
17904
18393
15317
15862
16101
17061
18482
15400
12396
12009
13681
13831
15540
15012
14842
13883
15254
15282
14716
15372
15266
15421
12721
12408
12108
15448
17885
18346
19458
19064
18395
18570
19357
3731
12068
14814
12231
13345
13448
15079
14917
14539
15148
14330
15500
16232
14077
15119
14120
15113
13957
13130
13631
12466
11619
10891
11496
13631
12017
11441
13096
14252
15081
14473
11934
11907
11177
12747
11834
11742
13763
15296
15503
15681
15057
13402
12356
12884
13499
15387
15582
14365
11591
12747
14748
13519
11441
11021
10776
11189
11378
11884
13034
10968
11783
12694
13975
15795
15144
15530
15979
16736
15511
15646
13943
11930
13161
13417
14237
12877
13226
13139
12986
13175
14044
15217
15196
15554
14284
14597
14501
16195
15824
15773
17085
17919
16770
15880
17560
17184
16768
13220
15265
15418
14100
17073
15984
17091
15741
17398
16645
17597
17549
16015
14008
14826
12976
13003
16883
16892
16048
15717
18911
19995
19134
19231
19219
18884
17156
15288
18701
18029
15748
18127
18056
16579
17676
18482
19414
18244
13320
15316
17013
15679
14438
17689
16953
16078
16515
17925
15493
16879
16347
15043
18008
17458
17857
17106
17927
18220
16667
14279
14423
17107
16630
15968
14715
16267
14808
18211
18507
16241
17352
18121
17049
16283
16365
14355
17166
17521
17319
16461
16088
14590
16022
16088
18124
18505
18539
16167
17362
18296
18923
17792
18137
17966
17962
16434
17397
12977
12209
11914
12393
11278
11036
10808
11021
10709
11281
11589
12352
11748
13414
12350
13464
15365
15040
15527
14139
15411
14942
14495
14893
14733
19563
17219
14092
11951
11570
12930
12689
15831
13008
13665
14019
12815
13153
13954
15066
14612
14550
13551
12419
12827
13142
14596
13106
11577
11498
11713
11879
13015
12571
11174
11301
11441
11827
11913
13866
16632
15473
14364
13033
12915
14016
13495
14102
15034
15727
12604
14748
14641
13611
12792
13469
13710
13152
12170
13566
16261
13937
15067
14579
13086
13512
13172
13078
13115
11957
12210
12104
11774
11562
12211
11958
11047
11497
11687
11277
11681
12050
11464
11860
11393
11691
12688
12286
11587
12155
14311
12554
13223
14189
12382
11996
14183
13007
14046
13045
13121
12726
12088
13417
15510
14483
11568
12683
13300
11840
10987
11407
13480
15000
12824
13039
14082
13704
14059
14119
14095
12354
12467
13442
12698
12164
11936
11839
12142
11577
13034
14977
12613
18640
12572
