20470
20022
18973
16281
18998
17664
19979
18257
17131
19028
20725
19483
19334
17403
19425
18284
17772
18141
18738
18337
16855
17990
18420
17966
18720
16088
17144
19808
17160
17066
18341
16975
18053
18262
17197
16904
17362
18105
15494
15136
14050
14820
17298
18436
18190
15366
15103
15954
16674
14594
14790
15451
14385
16069
15284
14238
13794
15325
13588
12690
13762
12379
12277
12984
13768
14271
14604
14020
13350
12383
12648
13383
13120
13825
14824
14087
14899
14162
14310
14973
14853
14434
15773
16009
13317
13241
12561
13798
13616
14315
13155
11777
12687
13620
16070
19214
15997
17328
16111
15690
15159
16232
16628
15227
15209
16486
16392
17797
16211
17747
18367
17737
17620
15297
15997
17819
17549
16045
13838
14989
16667
15468
15926
15779
13885
14465
15181
14689
15058
13697
17628
14959
16344
15038
14609
15512
18240
16221
16151
15019
14057
13634
12392
11508
11468
11473
12167
13200
13200
12322
11997
12600
13029
12872
13690
15570
20553
17529
19212
19446
15985
17548
16754
15498
15954
16222
16000
15038
13870
13186
13640
14450
14164
15040
15142
15690
14873
17911
15737
19344
16963
17262
15878
15825
17197
13711
15299
14376
15579
14282
15963
16864
15461
15428
18146
17187
14266
15395
16083
16924
16924
18212
17536
16053
12881
14352
16137
14292
15136
15560
17105
13686
17542
14320
17421
17917
17729
16512
16920
17222
17237
13576
15587
14208
12548
14612
14810
15549
14364
14186
13144
15794
17109
14734
17116
16889
18248
15091
12745
12582
12899
13483
14992
14142
14454
13079
13326
14233
16528
14678
16028
14067
15170
16988
15389
14300
14854
15897
16830
18261
15917
16898
18268
15896
12986
12649
12440
14207
14839
13058
12171
12397
14972
18238
16361
17247
17705
15735
15950
15409
16996
16479
14404
13363
16243
16913
14866
14389
16606
16917
16321
16552
16186
12806
15465
17509
15900
19937
17305
13968
13370
14357
13471
17014
16198
17172
16635
16850
16754
15964
14960
15125
13975
13407
12697
11984
12337
13433
13852
12906
13488
14958
13934
14590
14504
13460
12499
14025
14632
15557
14128
14363
13246
12996
12957
13706
12822
13923
14734
14561
15032
14576
15858
15322
14662
14795
14756
15020
14480
13671
13088
13345
13519
13246
11880
11769
13610
12974
13138
13467
14600
14944
12082
12055
11812
13973
13944
14731
13441
13971
15251
15809
14558
15456
14439
15637
15235
15689
14239
13181
13144
12613
12452
13056
12911
15076
18240
18123
18988
19062
14692
14657
15426
15402
14680
13984
14982
15229
13892
16957
16761
18112
17480
18034
18289
17852
20890
19918
13451
13883
14748
15663
15587
13636
14227
16510
17381
18579
16916
17191
20333
18458
15579
16243
13959
13814
13864
13900
13397
13534
14816
14236
14574
14731
13953
13222
14222
14920
16007
14871
14919
13307
14888
16222
17839
16356
16076
15615
17434
17231
16339
16982
18128
15994
17994
18130
19034
16464
18957
16795
17056
16216
14836
15351
16889
15136
13783
15071
15111
15416
15796
14783
14596
14353
14849
13640
15446
17179
13749
12569
12602
12832
12701
12479
11953
12540
11788
12629
12858
13452
12420
12840
11806
13346
14342
14453
14218
14758
13026
11973
13014
13278
14136
14521
14530
13228
13256
14783
15010
14808
13337
14524
13858
13097
14922
15485
14743
14845
16630
18288
17344
16714
18440
18299
18704
17448
14676
15185
14409
16658
17615
15977
14753
15335
16151
16905
16554
15658
14408
14566
12114
12415
12476
12916
13701
15113
14921
13381
13645
14106
13952
14614
14912
14093
14265
14996
13781
12139
12500
11900
12579
12622
13568
13206
14367
15629
14979
14326
12367
12734
12449
14065
14775
13930
14575
14104
13768
14319
16630
17823
16131
16658
16245
14766
14055
13577
13857
14428
16908
17269
18225
20364
17977
17816
18965
20707
16315
14691
15448
15273
15314
15882
15170
14860
13261
14172
14554
13381
15862
16391
15318
12794
12088
12549
12264
12086
12539
13285
14904
15898
14016
15516
15081
13220
13203
12259
12729
14494
15944
15305
16217
15883
14468
12230
12448
12276
12840
11596
11907
12604
12953
13762
13954
13762
13873
15955
14783
13152
13309
14657
15503
15334
14130
13170
14317
14574
15163
13828
12710
12565
12398
12914
13761
13588
12481
13077
14348
13709
13547
12935
14193
13446
12879
13284
13161
14496
15157
14224
14575
13001
14754
13424
12847
11952
11952
12745
13971
13759
13370
13912
13952
14179
12932
12838
12804
14061
14784
13292
11938
11963
12180
12051
12244
11822
12120
12696
14258
15396
14532
13723
13650
14260
13920
14722
14556
15042
13913
13493
13295
15874
15399
16024
14523
13155
12652
14251
13918
11944
11639
13584
14691
14046
12407
12413
14495
14630
13345
12230
13129
14664
13110
12603
13625
12855
12785
12482
13048
13721
14875
16078
17222
15242
15985
14541
14538
20507
17979
16955
15245
16395
17207
15719
14784
15827
17194
14526
12956
14108
16312
15618
15932
12783
12813
12468
12540
12150
12004
11772
12206
12144
12020
12141
12976
15780
15687
15245
15004
14476
14718
15673
14133
14160
13722
14272
15348
13479
13006
12547
13885
15096
14700
15658
15527
14043
13998
13911
14808
14950
14046
14303
13034
14994
14792
15274
15064
13627
14016
15217
15693
14292
15378
15945
14354
14928
14369
14961
13711
12704
11627
12528
12905
13433
13438
13743
14043
13336
13585
14875
13848
14280
12639
12750
13624
12502
12288
12848
13974
14183
13695
13845
14751
14881
14308
14632
14427
13230
12992
14427
13026
12421
13960
14015
14252
14334
15482
13946
13266
13420
14434
16509
17054
17260
16791
16042
16025
17416
15766
18303
15795
14657
13655
14864
14723
14187
16726
19569
17538
15955
14552
16836
16140
16075
15845
15500
16487
14298
12975
13474
13076
12527
12921
14339
16563
17124
17596
16530
17893
18432
17801
18153
19152
18173
18449
17966
17226
16110
17451
15855
16452
16860
16749
14114
13923
15770
16240
15208
15789
17339
16517
16078
14952
15059
14622
14242
15428
13714
13814
15391
15126
15979
15430
16359
16978
18539
20021
17706
20656
17516
17781
18070
17343
15120
17796
18706
19082
17331
20107
17585
15741
15044
14721
13010
13178
13574
14318
16297
15062
12964
12843
13290
14713
13074
13764
12832
12205
11868
12209
12695
13576
14477
13375
13866
14848
13629
13896
13250
13471
13753
14261
13506
13826
14604
14040
14689
14104
14499
14898
14688
15574
14569
12896
12380
12203
12981
13366
12758
14195
14251
12860
11914
12273
13683
14330
15114
15635
15819
15276
15656
14918
15403
13472
14025
12706
14095
13771
15136
14730
12637
13630
13166
13303
13075
14380
13701
13342
12407
13415
14412
14469
14093
15166
14134
14268
15523
15088
13188
12303
13791
14884
14512
14075
13597
13907
15376
15377
15846
14486
13400
14260
14985
15202
16737
16677
16894
15363
14960
14388
16028
14077
17142
17115
22053
20491
16472
18539
18488
17357
14580
14072
12144
13083
12883
13458
12488
12384
13080
13714
13348
13419
13125
13626
14511
15756
14622
15234
15806
15480
15545
15367
16238
16886
16019
16009
14715
15655
15276
16465
15078
14950
14892
14454
15056
15359
18661
15227
17267
14905
13905
15784
14007
12941
13904
16780
15316
15837
16219
17365
15551
17515
17057
17337
19586
18427
15545
14607
13163
12696
12042
12715
12099
12470
12454
13593
13667
12540
13259
14625
14005
14655
13394
13653
14402
14834
16503
17904
18169
18735
16672
13899
15094
16319
14997
14561
13818
12703
13042
14219
14143
13288
12649
12934
14618
13900
12187
12118
13244
13745
13314
13710
13302
12366
13730
16992
16793
16531
18157
16152
14486
16338
15263
13650
15453
15748
16307
15929
13803
12869
14242
16823
17359
19131
17169
16401
16568
18950
16466
18838
17822
18690
15770
14439
13688
14452
16953
16444
16360
18372
17873
13541
12515
13532
12852
13950
14782
16029
17505
19118
16940
14718
15719
16121
17977
15384
16541
14931
14402
15805
13701
14536
14768
18192
16345
13299
15845
16878
16340
16484
13629
12511
14173
14413
14859
15209
15108
14822
14589
13389
15329
14436
13671
13936
13705
14820
14742
14634
13700
13807
14594
15082
14480
12552
12103
12958
14432
15507
14529
12178
12432
12666
14089
12883
12760
13578
14085
13735
13201
14635
14786
15406
15309
15812
14901
15730
16427
16097
14349
14514
13347
14206
14004
14033
13467
12111
11958
12069
12294
12187
12645
14799
15100
14875
14687
14905
14065
15675
16178
16118
16567
14982
16503
15199
14937
16251
14630
17077
18274
16456
16377
13598
14021
17322
18884
16515
22749
20843
15673
15449
13713
14440
15173
15333
13328
12675
12540
12130
12512
13727
14589
14386
15467
13598
14605
14942
14225
14795
13603
13621
13011
12243
13842
15301
12975
12889
12082
12441
15223
17898
17834
16939
16613
16792
15702
14847
14716
13826
12424
14061
15416
14982
14337
13451
15437
14638
15202
15594
15024
15788
17371
16467
15941
16141
16747
16681
16018
17162
15433
16907
18059
15235
14837
14096
12230
12882
15011
14710
15508
16975
15850
17085
14498
14967
16038
18524
17589
15418
16892
15164
13968
16472
16191
18897
15185
17168
16863
16362
18100
19451
19517
20013
17818
18501
21817
21354
20093
17756
15226
17160
14420
16364
17071
16404
15603
13119
14798
16612
16658
17234
16518
15416
14849
13149
14862
14360
15548
15455
14466
15421
14666
14556
16722
17051
15681
14034
15553
15151
16513
14512
17552
17618
16719
18210
14678
13317
13518
12633
12054
12019
12047
12781
14337
14460
14050
14106
15240
14761
12474
12364
12686
14012
15339
19292
19522
19720
14971
16119
14549
17056
15530
18430
20287
17808
16100
13517
13681
14619
15518
16928
17202
14760
14088
14824
14917
14632
15012
16197
14184
15729
16558
18152
15959
15985
19106
17126
17540
17900
17116
14157
14151
14063
14216
15350
16103
16135
16093
16378
15681
13210
16020
16289
16408
17314
16133
16493
17206
17835
16477
16946
18086
17835
18628
21035
20339
18139
16164
14446
16031
17412
15531
17103
17453
15823
15272
16598
13643
17308
16433
17365
15727
14051
13564
12729
12629
12269
13619
14727
13259
13260
14262
13810
15545
15683
16238
16367
16395
12641
12299
12897
13551
13178
14087
15475
19968
19531
16933
16825
13308
14329
17864
15264
15162
17485
19839
17872
18447
21025
19293
18801
19149
18922
20320
18492
18264
17466
18152
17760
15307
16801
15493
12979
12534
14439
14495
12827
15365
13763
13334
12799
13582
15203
15353
15696
14886
12639
12174
12159
14516
14230
14675
13418
13111
13506
14681
14591
14664
14790
15599
16943
17493
16828
16933
18136
19633
17840
20282
18617
16471
16595
15521
17718
19509
14977
16606
16210
17312
17226
16618
17703
15929
19702
18654
17186
18168
19780
16473
15343
13954
15704
15843
16777
14933
13945
13835
12752
12482
14472
13059
13896
13412
13176
14329
14841
14732
13959
14217
14749
16069
14875
14374
13649
13969
14190
14203
13948
14576
14343
15307
17877
17680
17352
16376
19407
19435
20095
14722
18830
19101
16727
13652
12707
12418
13019
14802
14544
15125
15250
14496
15231
14982
14771
14483
13674
12791
12752
12549
13852
14487
12891
13002
12876
12520
13169
13637
12410
11914
11901
12545
12909
14210
13403
12847
14459
14461
16010
14972
15807
14808
15462
14287
14410
14939
14667
15143
16661
15860
16472
16195
17791
16984
18303
16046
18536
18475
17456
16200
18358
16446
17309
17542
17614
16827
18673
19474
16136
16700
17639
17847
19442
15216
15666
15518
14548
16412
15647
15518
16951
15665
15972
16285
16357
14159
15023
14566
13626
14184
14313
13447
13709
15081
14641
15023
15686
15249
15235
15800
14259
15107
14827
15198
15127
15745
15870
13160
12563
11962
12074
13272
14050
13461
11897
11514
11942
11605
12463
11888
12041
11805
12056
12240
12513
14181
13914
14148
14195
13934
13768
13586
14245
12641
12238
11760
12262
12089
12196
12118
11996
12322
13217
13195
13159
13553
15465
14669
14746
15199
16252
15733
15037
13662
14742
12853
12937
13766
14808
13279
14263
17649
18369
14632
17182
15392
18799
18731
15502
13408
12262
12511
12713
13510
13802
14165
15697
14531
14270
14005
14265
14344
13498
11735
11911
11837
13003
14252
12825
12301
12962
14244
14840
15256
15466
14357
15304
15438
15453
14760
14842
15282
13772
14852
14465
14233
15013
17459
15567
13950
15462
17549
17613
15702
15787
17219
17016
17912
17225
18233
17375
14675
13867
13979
14347
12628
13211
13626
13331
15226
15968
17010
16708
17675
18180
18677
17814
16914
16695
17685
18210
19209
17540
18239
18929
21430
18189
14809
16370
16061
15512
16209
15983
17206
16047
15364
15484
13825
13358
13833
14606
15142
17159
16916
17173
16248
15166
16817
14430
14092
15123
13951
14662
15392
15271
15252
13221
14160
14003
15483
15568
14923
15508
15836
15387
16355
15864
17545
17594
16567
17886
17187
19276
16059
15743
16059
19617
19232
15866
16659
18772
17820
17253
16763
16324
16317
15063
17023
17951
18011
16649
17207
17213
14687
14485
14619
14415
15365
16999
16405
17724
21314
20147
18750
19177
18488
16651
15763
16983
17378
18298
17094
16617
16380
17400
17184
16581
16893
17203
16614
16183
17482
17033
16872
16426
16956
18784
18642
18773
19466
17784
17150
18825
17985
16247
14813
14644
17259
17869
17449
19413
16436
13878
13438
12969
13146
13275
13660
16353
18974
18904
17450
15931
18227
16264
15707
16464
16238
16421
13194
15467
16278
16902
16573
17858
16644
16732
19009
21224
19389
19711
20025
19732
18179
17824
18969
17739
18480
20784
18133
17926
16885
16465
15797
15517
15591
16327
17144
19496
18399
16418
17307
17871
14724
16027
16339
18239
16876
19096
18549
18465
18108
18926
18745
19575
16251
17136
17912
18833
20480
15997
13845
13967
15324
16332
16799
15218
14738
14612
15629
16131
16689
16728
15596
16302
14392
13665
14194
18253
19900
20673
19297
19374
19232
19382
19970
3853
13438
15564
14106
15170
15119
15954
16483
15321
16704
16216
15435
16892
15655
15610
15913
15810
15371
14289
15618
13412
12939
12057
12898
15027
13571
13355
14442
16149
16242
16378
13762
13410
13026
14175
13449
13469
15810
17233
17631
16783
15888
14740
13905
14299
15072
16257
16916
15058
13258
14194
16131
14494
12642
12453
11874
12234
12926
13849
13798
12437
13128
14875
16493
17007
17040
18438
17452
17699
17645
16406
15430
13550
14236
15103
15269
14682
14771
14916
14008
14416
15470
17002
16383
17381
16099
15958
16135
17698
17653
17061
17737
19668
17031
16759
18009
17861
17975
15742
17711
16629
16327
18422
17397
18410
17725
17986
18367
19046
18349
16731
15896
15967
14197
14950
19040
18595
17571
17700
21043
22503
20428
21995
20802
20484
19327
17329
19737
18219
17576
19285
18990
18742
19384
20312
20534
18736
13956
18159
18550
18054
16931
17739
17981
18696
18429
19595
17801
20257
20977
18568
20568
19346
18918
19574
21149
21205
21312
17320
16866
19468
21184
17965
16821
18541
16376
18729
18563
17834
19581
19093
18163
18103
19817
16023
17838
18150
17499
16943
17328
15848
18254
17568
21012
19953
20240
17177
17572
19232
19336
19232
19569
19001
19218
19563
20727
14527
13873
12691
13680
12123
11820
12391
12491
12063
12510
12929
13393
13008
14692
13515
15579
16915
16372
16811
16252
17003
16374
17308
16167
16056
20095
18857
17026
14238
14719
15870
14939
17546
14865
15066
15399
14044
15194
15676
16395
15234
16242
15197
13872
14666
14892
14850
14374
13196
13198
13267
12475
14070
14003
12675
12360
13144
13152
12695
15206
18751
16527
14802
14597
15037
14590
14584
15411
16924
18416
15258
17278
15871
14244
14152
15139
15602
14687
14416
15826
17761
16153
17226
16294
15089
15657
14624
13785
14007
13580
13281
13208
12644
13018
13175
13433
13020
13070
11949
12792
13126
12618
13373
12852
12859
13595
13079
13597
12828
14627
15574
15607
15446
15668
13788
13899
16209
14977
15803
14754
15202
13876
13639
14932
16653
15780
13810
14975
13833
13551
13119
13763
16123
16094
15443
14712
15813
15063
16019
15319
15393
14829
14677
14599
14274
13775
13581
14482
14350
13965
14776
16441
15961
20044
14941
