28405
22469
17769
15312
20978
19214
20377
16824
13020
18288
17881
18851
17203
17334
19626
17986
17497
18072
19500
20468
17281
17178
19203
17775
13821
14248
17342
16825
15176
16167
16899
13608
15662
17123
16760
16210
14004
14299
10560
10085
11928
13128
17121
17729
15649
10644
10878
10862
11610
9389
10397
13443
10754
11453
11799
8954
10432
11174
8586
8750
8737
7278
7417
7600
8430
9607
9452
10524
7797
7651
7874
8730
8016
9040
11258
9200
10806
8977
9615
9976
12370
11087
12300
11667
8533
8371
7370
8312
10307
9237
7456
7289
7235
7931
14175
16919
11681
13137
14212
11770
11231
12117
12954
10148
10052
12293
15665
16515
11261
15567
17662
18378
12105
9579
10815
13822
14848
11786
8755
10081
12289
10683
12492
11035
9345
8928
10990
8880
10622
10165
12595
10348
10674
11057
12337
12491
12990
12704
11811
10645
9330
8390
7682
6963
6740
6557
7068
7912
8513
7277
7143
6985
8311
7796
8985
13463
18562
15916
16566
17083
11127
13058
11702
11656
12578
13765
12380
11005
8842
7975
9350
9762
8744
11271
9903
11120
11401
17570
13423
20493
14174
13957
13313
12014
12927
8542
11461
9930
11789
10648
12905
14178
12207
12161
14872
13172
9561
10242
11272
13254
14960
18676
15558
11119
7951
8488
11905
9212
9916
10386
15444
8301
13963
12705
16982
17353
17436
13668
13935
12893
12321
12393
11617
9451
7648
9379
11433
13086
11774
8665
7884
14050
15532
11409
13291
13327
17096
11966
7835
7357
7919
8639
12113
11844
9314
7525
8294
8737
12108
13542
13280
9162
11662
14951
10112
8920
10672
12389
14905
15266
11549
14449
16164
11359
8394
7343
7288
9296
9804
7838
7443
7704
9105
17255
14006
14554
16233
12627
13159
12653
14637
12641
9367
7883
12037
13447
10918
10023
14408
13446
13680
13970
12332
8085
10246
13297
12812
20241
14140
8644
8147
9187
8378
13898
16115
15852
13916
16378
11147
12266
11872
10264
8715
8658
7935
7034
7244
8514
8627
7375
7941
9467
9663
11445
10599
8298
7432
8874
9781
10839
10469
9858
7672
8128
8345
8378
7603
9096
10481
10793
11768
12311
12198
11631
11605
10824
10501
10416
9682
8731
7676
8468
8880
8244
6881
6999
8874
7906
7748
8961
10330
10094
7293
7029
6863
9161
10083
11363
8082
10219
12046
12460
13539
12223
9259
11709
10923
12626
9372
8438
8261
7598
7552
8113
8692
10971
14071
13756
17786
17331
9740
9602
11594
11367
10927
8487
9869
11660
8791
13450
17129
17738
14083
15317
15399
15546
22674
20380
7911
8888
9960
10944
11393
8462
9038
11476
16234
17705
14974
14887
20750
16808
12961
11815
9945
8744
8747
9626
8249
8050
10890
10012
8670
10874
8703
7973
9204
10669
14558
11707
9371
7728
9799
13078
15200
12363
11641
10784
14991
12858
13427
14908
15181
17196
18998
21564
20252
14406
21083
15623
12366
11685
11455
13580
14526
10593
9329
10933
10907
10018
11268
10512
9499
9284
11387
8714
12260
14051
8381
7561
8134
8123
7358
7802
6876
7005
7030
7449
7992
8083
7432
7331
7237
8054
9083
9449
9605
10574
8033
7000
7505
8215
8673
9781
9410
9104
8104
9620
10363
11041
8109
8976
8372
7877
9294
11735
9798
10452
12863
14494
13784
14338
18508
16700
19715
16746
9550
9639
9922
13409
14210
11114
11961
10140
14449
12558
12102
12729
11212
9530
7590
7678
7722
8485
8912
10766
11188
8777
9763
8880
8733
11225
10541
9302
9618
10963
8424
7347
7466
7165
7449
7771
8349
7946
10774
11573
10798
10040
7786
7975
7613
9905
10240
9104
10950
9204
10242
10934
15758
15471
14203
13528
11553
9547
8973
8562
8651
9618
12879
16489
20031
21577
15243
13989
19064
21115
12369
9419
10339
9221
10588
10747
11430
8800
7991
8418
9204
8680
11539
14205
11263
7673
7102
7634
7295
6964
7232
8204
10782
12246
13447
11710
10482
7880
7870
7583
7677
10697
11144
11024
11559
13421
9096
6988
7255
7863
7601
7105
7093
7578
8334
9994
8691
8684
8736
11681
9828
7979
8259
9406
12366
11468
9680
8393
9744
10664
11277
8904
7531
7653
7089
7550
9487
8264
7371
7693
10547
9431
8369
8209
9432
8258
7393
8686
7988
9112
10488
10392
10151
7703
11046
8506
8070
6931
7082
7285
10247
9279
8423
9185
9339
9470
7931
7870
7711
9728
11283
8019
7241
8100
7340
7303
7102
6859
7449
7596
9958
12989
10833
8837
8288
9513
8640
10533
9375
10348
9158
8103
9869
12176
11356
12370
9380
8078
7607
9782
9545
7310
7289
8437
9722
9599
7494
7732
10060
10802
8237
7521
8579
10012
8305
8249
8599
8896
7614
7835
8033
9156
11312
13355
13776
12116
11824
10340
10548
22154
14364
13607
10300
11476
13404
10699
9358
10478
14441
9893
7657
8842
13422
9865
12467
7833
7448
7632
7684
7666
7385
7585
7558
7287
7561
7213
7446
12546
13239
10093
9908
9823
12025
11482
9119
9460
8701
9371
11650
8008
7934
7399
9207
11030
11284
12409
11319
9037
9107
8765
10642
10884
8551
8558
9049
10736
9545
10122
13201
10002
11162
12079
11274
10480
10852
12490
11134
12061
10504
10329
8600
8134
7039
7415
8260
8501
7818
8266
9427
8457
8904
10280
9546
8523
7279
7827
8240
7902
7046
8102
9145
9212
8525
8632
9710
11175
8986
9665
9694
9123
7729
10086
7841
7492
8744
10035
9873
9553
11240
9167
8107
8115
10095
13964
15652
17335
12127
11565
14935
16658
12503
16655
11622
9419
8209
11543
10182
8756
13070
19093
14191
11325
9077
12766
12745
12243
12346
10754
13816
9208
7613
8855
8325
7886
8405
9639
12447
13417
13387
13097
16188
17236
14123
16400
21245
18423
18225
19403
13977
12275
15470
12417
12991
12467
14175
9668
8576
12914
11689
10474
13067
13368
13758
12333
12932
10921
9474
11312
12726
9195
8365
11743
10540
11852
12528
11910
11607
15645
18329
13506
19865
17936
17058
16667
16261
11229
14089
14046
16796
16607
19564
14863
10658
10037
10005
7582
8086
8335
8809
12511
11126
7799
7393
9546
8959
7609
9408
7218
7298
6993
7331
7333
8307
9677
8271
9151
12340
8032
9760
8088
8231
8282
9322
7910
8547
9348
9632
8894
10010
9312
11412
11089
12818
9700
7496
7276
7013
7640
8851
7517
10092
9534
7756
6886
7030
7805
10568
10842
13507
13137
11903
11491
13098
10425
8359
9738
7429
8786
9094
9363
10295
7541
8558
8471
8265
7834
9559
8757
8438
7760
8126
9452
9915
9051
11279
10379
10101
11631
11868
8411
7422
8258
10226
10856
9065
8265
8870
11471
12145
13853
10298
8462
10531
12039
10014
15145
14252
13160
11677
11242
10379
11478
9146
13567
13630
26590
23678
12421
18044
21464
19062
9526
9036
7408
8107
7898
8668
7960
7530
7894
9190
8512
8283
7977
9162
10025
11311
12151
10632
11520
12302
13086
11178
11866
14203
11321
11761
10737
10023
10776
12889
10674
9988
11341
10415
10140
10702
19611
9859
14877
10014
8693
12750
8877
8102
9278
14483
15303
15348
16122
13723
11070
14258
14017
17845
22728
20230
13234
11412
8049
7886
7586
8027
7508
7022
7353
8667
9132
7685
8111
9353
9502
9796
8014
8739
9681
10083
13696
17637
16705
20191
14761
9427
11365
14691
10625
10648
8810
7398
8066
9688
9132
7957
7789
7552
10277
8744
7042
7060
8045
8582
8105
8609
8208
7197
8432
13365
16951
15478
14445
12428
9683
11994
12000
7915
10824
13547
14711
11094
9818
7891
9713
15517
15009
17706
15549
14839
11956
17345
13901
18701
16378
16184
11294
9165
8350
8844
13444
13523
12224
15328
15097
8709
7307
8628
7815
10691
10544
11688
13037
18277
13225
9204
11947
12209
14530
13101
12564
12798
9131
12182
8580
9388
9442
15771
14491
8971
11079
15325
15416
12934
8448
7573
9658
11028
11033
11102
10464
10431
9870
7982
11619
9743
8616
9098
8702
10707
12325
10497
10174
9135
9676
12160
9330
7812
6834
7358
9469
12675
9387
7099
7554
7445
9689
7962
7693
8289
8903
8597
8460
10432
12396
11019
10844
12779
11769
13111
12403
13746
9695
9540
7950
8710
8428
8731
8523
7155
7372
7040
6856
7112
7886
9731
9947
10239
10369
10185
9309
10813
13357
13094
12573
10313
12203
10439
9889
12829
8910
11780
14828
11733
11411
8485
8843
12657
15207
14772
24346
25894
10083
10837
9262
9792
12495
10155
8628
7230
7358
7375
7554
8790
9671
10264
11825
9214
9819
12095
9329
9261
8385
8549
7519
7515
8703
10176
7837
7365
7216
7695
10285
16718
15342
15861
14611
14276
12310
10102
11339
9785
7533
10117
11680
9828
9724
8352
11477
9693
11899
11389
11584
11301
14727
12989
12014
13648
16443
15339
14192
13867
14091
14707
15131
10504
10001
8736
7270
7634
11033
9759
9715
13741
11259
13146
9477
12395
13025
16776
14614
9098
11453
9714
8649
10770
13033
17261
11574
15251
17293
14960
17425
21766
23004
21594
18039
18439
24777
23350
24617
14832
10146
13776
9664
13397
13504
12251
11182
7983
9528
13690
15919
14843
12671
12466
10784
8235
12010
11241
11538
11109
10394
11105
11884
11347
12906
14201
11283
11720
10920
11316
14329
10634
17159
13653
12584
14860
9818
8416
8652
8035
6970
7104
7306
8096
9334
10148
9436
9410
11137
10933
7830
7720
7801
10381
15567
17870
18726
20060
13509
15057
12632
13347
10331
15884
18202
15486
12369
8355
8785
10373
10984
11598
16332
10607
9128
10211
9738
10761
13543
12649
10109
12334
14802
17514
11338
13588
17663
16230
17327
16929
11751
8564
10090
8285
8636
10809
12802
10419
12894
12581
12339
9237
13139
12837
14085
15590
11871
14840
14009
18801
12812
13901
14361
15654
16103
25261
24146
17973
10947
9142
10708
14918
14511
12904
13831
11232
10972
11815
9673
15803
13116
13077
11707
8516
8157
8241
7445
7343
8060
10351
8406
7901
9201
9206
12240
12880
13428
11670
11700
7660
7515
8510
8292
8380
8525
10946
17730
17199
16430
17813
8096
8670
14950
9447
11041
14106
21192
17428
18751
23412
22016
21313
21397
20015
20325
15980
16908
13990
17047
16346
13785
13260
10649
8092
7480
10023
9568
7862
11182
8233
8623
7306
8291
9896
11547
11231
9871
7713
7857
7131
8884
9469
10458
7717
7650
8455
11347
10608
9323
10621
12517
12258
14042
11241
12052
14960
18076
17338
18957
14997
11341
12327
10980
14333
16295
9361
11973
12557
14105
12460
11091
13328
13767
16293
17272
12534
12867
18804
14122
11207
9351
9900
13504
12325
11150
8888
8781
7593
7549
11215
8101
9032
8303
8425
10446
10198
11078
8660
9456
10068
14420
13347
8993
8560
8368
10757
8815
8917
9208
9852
10273
14102
18287
16902
15045
17947
18278
16758
9035
17752
17769
12523
8236
7487
7533
8169
10258
11632
11015
10617
9763
10523
12096
10301
8783
9060
7596
7674
7472
10658
9764
7666
7730
8786
7531
7528
8815
7461
7048
7490
7140
7823
9221
8365
7590
9599
11895
12164
13310
12476
9530
10457
9690
10783
10613
10807
9592
13618
12144
12119
12402
13919
17476
18274
16285
17166
15060
13184
12994
16311
14425
12491
17412
18348
19143
19016
18915
11321
11985
13897
13783
17371
13916
14166
11426
10955
12934
12998
11458
13700
13242
11485
13155
13362
10054
11107
9593
8420
10123
10346
7680
9165
10362
12375
10294
10898
10597
13372
11626
9836
10098
10444
12464
10899
12152
11911
7901
7466
7200
7002
8169
8951
8470
7387
6941
7238
6874
7249
7379
7314
6468
7317
6985
7449
10158
9336
8968
8976
9230
8734
9053
9818
7770
7212
6750
7473
7579
7332
7304
7044
7582
8416
8113
7960
8266
12055
10804
9648
12017
13991
13792
11690
8221
9817
7912
7930
8625
10077
8259
9351
15258
17927
10169
13917
9916
16860
16104
9861
8041
7101
7018
7532
8879
11832
9101
11750
14821
10433
9480
9063
10389
8048
7024
7299
7077
7564
9764
7541
7133
7762
8464
13566
11359
10661
10998
10193
13071
10663
10658
10427
10944
9754
11289
9927
9254
13922
15401
10884
10390
11853
15825
13532
12028
11356
15790
17166
16392
14068
17440
14267
9592
8747
9889
9252
7496
8155
8278
8325
10452
12648
16401
14027
16513
14817
15999
14510
12899
11214
14905
19123
18439
17499
19714
22179
28136
15350
10185
13322
12065
11390
14299
13103
15471
12914
10986
12377
10017
8459
8741
9742
10105
15953
18405
15855
13937
14011
14388
9279
8446
10150
9264
11266
12170
13129
10329
8022
10861
9808
11509
11199
13284
11511
11176
11880
13766
14524
17802
16661
14055
15385
14517
15958
11957
13532
12833
19854
20539
13112
13989
18800
15110
13599
12823
14577
12064
9040
12470
16758
18050
15087
12651
14933
10128
9645
10421
9330
10684
14216
13134
15815
28392
26794
20582
22778
15447
11046
10904
13843
14536
19271
16494
11768
14901
16966
16419
13389
14957
15803
13024
15000
14693
15475
14450
13195
11248
17675
20087
19785
22141
16549
14006
16597
16692
12031
9986
11515
13551
13445
15007
19781
16003
8671
8368
7664
8597
8061
8242
10928
16568
21989
18306
16195
19073
13369
11940
12797
14914
15694
8045
11306
12913
12302
11226
17589
11881
12834
19052
23696
17375
20308
23942
22948
18903
17084
20184
15897
15908
21200
17135
16254
13629
12498
11790
10938
10895
13796
16451
21927
19383
14468
16041
19123
13006
15755
15957
13414
15014
19463
18750
17232
15281
19824
20171
20723
14710
15656
16237
18193
20614
13252
8480
8636
10634
11502
15318
14457
13645
12188
15189
14073
13538
13833
15165
13856
9688
8777
9203
14769
18751
20589
23232
21381
21297
20470
23872
4481
8115
13050
8821
10275
10717
12446
12600
12364
12869
12960
15196
13954
12360
13862
12289
13590
10770
10360
10520
8712
7503
7276
7919
11680
8519
7717
9590
12201
12888
11475
8321
8257
7510
8855
7959
8123
10425
14378
15228
13943
13092
9553
9095
9525
10468
13705
13865
11490
7954
10044
12930
10087
7642
7292
6940
7275
7670
8711
9358
7253
8484
10029
11144
14866
14219
14018
15466
17922
14914
14212
10429
8281
9358
10077
11132
9392
9392
10636
8964
9745
10987
14029
13236
13168
12215
12094
11385
14165
14041
15782
18113
19716
17593
16398
19173
16468
15004
9967
14152
12600
11969
16860
15397
16899
14956
16293
16953
19047
17433
16132
10959
13324
9537
10295
16572
16470
14055
13647
23086
30183
25179
25898
24928
23591
19326
15455
23557
20860
17693
21037
21219
17948
20519
23127
25545
21896
12667
13945
17472
13994
12981
19697
17579
17069
19019
21695
17092
19400
19172
13445
22281
20077
21120
19761
22116
22674
18817
13667
15134
19266
19465
16686
14184
17813
14658
21702
21076
16854
18730
20488
17509
14357
15322
13112
17975
18528
18586
15959
14218
11897
15193
16379
20557
22726
21947
15794
19771
21138
22071
18789
20671
21713
18774
17110
19254
10882
8863
7912
9205
7629
7568
7412
7639
7330
7958
8212
8506
8148
10590
8700
12132
14355
14080
13825
11771
14597
13943
11881
13378
11870
22744
19151
12676
8644
8752
9957
9723
14312
9823
10595
11684
9176
10581
12166
11849
13026
13715
10590
8997
9525
11873
12569
9548
8191
8462
8253
8359
10110
8987
7607
7725
7902
8574
8016
10676
16215
15253
12722
9404
9841
12917
10115
12767
15122
17662
9839
14564
13926
9650
8989
9904
10744
9087
8534
11743
15137
11868
15425
12803
9753
11994
9357
8636
10038
8007
8632
8115
8222
7775
8307
8028
7754
7986
7897
8100
8249
8182
8035
8128
7771
8433
9293
8358
7545
9185
12633
10010
10946
11119
8545
8572
11939
9896
10920
9565
9554
9066
8451
11124
15062
12444
8208
10499
10385
8399
7507
8143
11481
13520
10026
9843
11957
11854
11841
12153
11232
9039
9703
10664
9919
8760
8594
8886
8895
8269
9475
13114
10282
23182
9734
