31504
24170
20763
15106
21600
19626
22179
19256
15250
19528
22693
20383
19509
18226
22522
19167
18315
19693
20407
21151
15273
18857
20014
19313
17136
14498
17662
20758
15051
16132
19293
15359
17608
19280
16262
17139
16317
17771
12077
11404
11075
12091
18101
19564
18218
12052
12085
12459
13750
10436
11457
13018
11149
13351
12419
10375
10489
12275
9646
8815
9811
7862
8143
8287
9603
10645
10564
10939
8789
8341
7991
9475
8717
9866
11838
9993
12098
9842
10286
11489
12111
10979
13606
13169
9547
9263
8132
9460
10272
10715
8589
7857
8149
8698
14179
20596
13943
15288
14584
12771
12116
13621
14319
11761
11379
13987
14479
17693
13317
17016
19001
18583
15394
11393
13051
16431
16925
13260
9981
11438
13619
12497
13481
12791
10164
10501
11903
10739
11345
10547
15355
11889
12475
11979
12387
13876
16748
13512
13004
11651
10402
9389
8482
7572
7286
7098
7741
8625
9606
7787
7421
8005
9038
8622
9131
13969
21896
18052
19029
20055
13114
16043
13475
13496
13086
14543
13709
11922
9912
9022
9691
10830
9806
12101
11537
12231
12159
18726
15058
24988
15306
16215
13721
13330
14485
9349
11724
10393
12331
10666
13589
14899
12560
13489
17714
15452
10902
11705
12939
14860
16079
20762
17774
12873
8935
9801
13508
10016
11903
12271
17080
9252
15992
12111
17737
18237
18311
14932
15966
14873
14682
10908
12923
10522
8550
10503
11857
13396
11517
10295
8547
14296
16972
11703
15580
15700
18483
12819
8327
8018
8785
9137
12439
11260
10905
8518
9260
10063
13579
11920
13912
10080
12860
15897
12460
10191
11624
13212
15521
18937
13628
16372
18002
13458
9393
7977
8010
10354
11107
8957
8092
8109
10742
18263
14790
16510
17565
14363
14239
13217
15385
14639
10614
8801
13725
15308
12222
10326
15247
15599
14564
15244
14292
8790
11761
15868
13953
24130
15597
9838
9063
10418
9478
15540
16004
18337
14981
16886
13203
13228
12329
12179
9832
9724
8702
7411
7720
9323
9965
8242
9047
10916
10173
10994
11449
9722
8446
10195
10812
12450
10942
11091
8760
8661
8868
9081
8568
9580
11410
11303
12907
11925
13772
12439
12091
11960
11801
11630
10456
9798
8859
9473
9184
9530
7602
7616
9553
9102
8503
9413
11340
11448
7911
7817
7572
9906
10495
11833
9134
10998
12132
13250
11921
12419
10831
12744
12440
12918
10650
8833
9399
8197
8228
8942
9182
11468
17228
16556
20076
21721
11016
10525
12526
12311
11411
9718
11130
12290
9978
15511
17055
20029
16207
17437
18655
17783
28101
24783
8980
9683
11046
12427
13606
9430
10094
13510
17400
19940
15759
16119
24571
19751
13263
13817
11077
10111
9724
10570
9174
9052
11882
11288
10513
10992
9900
8974
10361
11524
14304
11878
11318
8840
11077
14351
18390
14226
13386
11981
17105
15115
14474
16326
17971
15747
18835
20308
24248
15480
23040
16631
14786
13546
11915
12858
16420
12193
9909
12017
12466
11460
12778
11269
11047
10722
11987
10217
13396
15096
9375
8353
8860
8781
8023
8316
7543
8015
7497
8380
8951
9152
8228
8468
7852
9010
10249
10112
10664
11366
8946
7733
8274
9171
9547
11500
10527
9708
9139
11202
11887
11465
9346
11033
9322
9085
10585
12525
11500
11448
14309
17675
15737
15046
21619
18508
20724
18834
11284
11661
11227
14883
17318
12119
12190
11584
15384
15049
13897
13096
11749
10810
8310
8406
8568
9287
9572
11890
12267
9454
9955
9972
9789
11455
11712
10296
11452
11780
10299
8068
8348
7797
8132
8643
9211
8776
11010
12928
11480
10968
8288
8608
8343
10149
11270
10002
11522
9959
10873
11517
15356
17791
14249
14854
13106
10874
9768
9234
9540
10379
13965
17290
21523
26728
17741
16429
21402
25619
14555
10798
11855
11003
12101
12099
12265
10736
8776
9552
10790
9354
12645
14457
12167
8748
7628
8264
7971
7490
7946
8893
11772
13280
11295
12537
11671
8787
8871
8197
8264
11137
12623
12091
13060
13370
10936
7622
7727
8361
8496
7732
7586
8229
9015
9854
10201
9524
9854
13000
11449
8869
9386
10532
12260
12395
10288
9819
10427
11167
11858
9842
8465
8951
8146
8208
10076
9495
8387
8242
10948
10642
9665
8764
9869
9408
8478
9528
9070
10378
11489
10897
11187
8612
11281
9145
8829
7659
7602
8101
10225
10116
9378
10065
10425
10504
8801
8412
8055
10076
12162
9063
7638
8822
8011
8339
7581
7625
7888
8210
10238
12890
11690
9687
8860
10735
9419
11545
10688
11543
10745
9132
9565
13310
12788
13475
10587
8671
8494
10680
10952
8107
7342
9207
10182
9865
8057
8292
10544
11495
9460
7976
9376
11159
9011
8477
9402
9025
8274
8358
9031
10205
11511
14225
14854
12418
12073
10611
11841
27791
17047
15924
11775
13506
15280
12687
10918
11884
16200
11220
8666
9864
14351
11769
12905
8710
7965
8073
8163
8275
7878
8043
8081
7862
8118
7642
8316
13091
13654
11585
11077
10761
12258
13148
10061
10100
9752
10303
12646
9376
8817
8072
9921
11816
11573
13266
12456
10151
9831
9489
12034
11693
10266
9854
9107
12026
10968
11648
12203
10317
10909
12833
12660
10998
12430
13390
11519
11956
11030
11656
9338
8807
7698
8122
9025
9331
8934
9200
10003
9620
9610
11607
10751
10757
8320
8529
9540
8673
7604
8650
10486
10486
9982
9780
10883
11911
10679
10994
11142
9687
8595
10982
8970
8467
10026
10698
10798
10254
12390
9931
8991
8945
10255
15103
16649
17203
16029
13068
14283
19258
12153
19113
13419
10807
9300
11919
11704
9932
14373
21928
16640
13550
10431
14286
13652
13045
13437
12704
14720
10691
8929
9418
9301
8358
9302
10537
13854
15719
16273
15264
17136
19273
16672
18272
23176
20038
19591
19761
15608
13659
17047
13610
14807
14540
15370
10681
9421
13239
13330
11526
13288
15072
14617
13646
12685
11981
10297
11552
13179
9938
9435
11917
11606
12573
12440
12571
14382
18181
22213
16809
24621
18447
18246
18346
17988
12097
17462
17676
19960
17175
23407
17988
12663
11378
10993
8632
8996
9498
10164
13700
12063
8873
8403
9689
11370
9811
9738
8130
7969
7510
8245
8354
9197
10958
9542
9583
12464
9214
10105
9308
9432
9226
10549
9190
9261
10296
10673
10947
11251
10907
11887
11583
12926
11700
8404
7890
7781
8449
9616
8312
10720
10871
8842
7456
8078
8763
10878
11941
13305
13745
13036
13072
12417
12056
9112
10589
8627
9934
9956
10639
11060
8365
9269
9274
9174
8561
10590
10093
8936
8227
9021
10365
10854
10031
11465
10713
10544
12450
12199
9597
8454
9300
11324
11784
10291
9805
9712
11979
12906
13459
10910
9365
10265
12554
11198
16262
15564
15379
13374
11568
11302
13496
10228
15668
15658
32106
25206
13718
19814
21056
18314
11548
10562
8200
8881
8599
9476
8291
8068
8335
10091
9024
9242
8944
9385
10938
12514
12308
12290
12886
13152
14191
12547
12911
16775
13854
12566
12316
11970
11707
14828
11732
10972
11859
11101
11555
11995
21613
11707
15855
11950
9863
13709
10020
8901
10286
15111
14818
14166
15440
14652
12240
15708
14292
16571
24312
19539
13995
11767
8828
8512
7835
8686
7652
7871
8148
9662
9821
8490
9158
10868
9987
11037
8965
9764
10717
11527
14859
18023
18447
20880
15796
9941
11598
14890
11467
11328
9946
8400
8720
10459
10774
8992
8693
8368
11058
9960
8193
8074
8823
9776
9248
9693
9004
8083
9351
15136
17590
15268
17275
13925
10579
13316
12640
9236
11430
13002
14930
13092
10552
8705
10436
15270
17922
21532
17351
15476
14244
21090
14817
22232
18644
19871
13178
10752
9237
10326
14930
13737
13581
17898
17936
9567
7637
9389
8707
10752
11246
12734
15356
21532
15299
10449
13189
13797
17043
13361
13887
12278
10567
13165
9445
10539
10485
16980
15433
9825
12311
16282
14757
14893
9384
8111
10387
11537
11699
12188
12119
11489
10500
8977
12772
11090
9663
10489
9796
11168
11789
11457
10911
10314
10534
12169
10800
8530
7489
8372
10588
12974
10344
8317
8465
8307
10548
8852
8514
9145
10198
9485
9289
11187
12298
12726
12353
13188
12420
13426
13675
14038
10863
10956
8954
9766
10210
9752
9321
7836
7807
7408
7715
7474
8033
10742
10837
11195
10822
10904
10154
12097
14525
13993
14171
11659
13545
11911
10857
14669
10410
13906
17273
13505
13447
9584
10102
14860
18306
15066
30754
30039
12069
12066
10135
10914
12398
11784
9192
8225
8137
8296
8292
9668
11211
10526
12964
10465
10773
12304
10292
10702
9677
9641
8803
8015
9381
11705
8489
8310
8002
8421
11382
18286
17454
16038
15372
15987
13097
11240
11307
10391
8031
10940
12459
11271
10839
9113
12329
10918
12349
12837
11981
12601
16200
15476
13271
14469
17908
17548
14355
15395
13441
16070
17861
11850
11799
10174
8033
8677
11100
11722
11326
14588
12289
15034
10369
11773
13752
19845
17085
11173
13523
11227
9804
12685
13673
20312
12621
17177
17062
16501
19808
23266
23244
23952
19127
20322
29195
28067
28002
17726
11643
15935
10642
14345
15813
13581
12563
8963
10748
14640
15480
15560
13492
13116
11419
9190
11939
11625
12755
12047
11091
11859
11579
11288
14131
14851
12638
11999
12112
11874
14229
11119
18789
16409
14621
17392
10846
9585
9586
8633
7498
7751
7923
8801
10839
10951
10436
10049
11926
11436
8689
8098
8132
10311
13323
20751
22473
23132
12828
15039
12237
16459
12078
17486
22117
17779
14399
9254
9921
11070
12474
13463
16818
11786
9907
11426
10964
11229
13198
13650
11216
13461
15328
19321
12685
13729
21180
16933
17735
18820
14478
9901
10143
9609
9765
12148
14695
12305
14411
14034
13172
10050
14017
14991
14729
17405
13747
14940
16603
19806
14671
16021
16901
18263
20064
31618
30705
19945
12929
10327
12748
16592
13176
14878
16157
12863
11916
14369
10088
17843
13550
15448
13331
9912
9391
9375
8342
8604
9007
11479
9469
8964
10345
10221
12721
13187
14820
13295
13890
8893
8137
8749
9172
9187
9494
12750
22397
20242
16371
17207
9172
10083
16879
11538
12407
16254
24020
18357
20714
27479
23212
21815
24046
22816
23158
18620
19091
15826
19721
19062
12965
14869
12266
8863
8268
10405
10765
8564
12679
9009
9232
8227
9418
11464
12706
12432
11023
8644
8306
7842
9870
10578
11461
8844
8315
9580
10964
11200
10659
11427
12832
15123
16073
14166
14844
16530
21534
18194
23477
18328
13431
14378
12885
16521
19739
10904
13749
13509
16598
14932
12908
15836
14451
19158
20370
14780
15773
20688
15123
13015
10180
11705
13250
14479
11377
9555
9787
8768
8234
10981
9078
9966
9234
8946
10773
11527
11494
9806
10322
11141
14432
12357
10577
9109
9539
11030
10115
9939
10217
10921
11369
16537
18406
17394
14465
21978
19920
21752
11182
18917
20911
15254
10189
8208
8340
8801
11767
10946
12004
11529
10926
11707
12001
11645
10161
9844
8869
8081
8322
10339
11073
8407
8974
9258
8262
8705
9984
8388
7392
8100
8020
8615
9976
9463
8466
10438
11853
13424
12464
13164
11050
11293
10721
11216
11438
11453
11532
14818
13510
13492
14065
16897
17458
19608
14528
20263
18637
15294
13777
18223
14809
15359
16660
17887
17767
21527
21315
13541
14146
15532
16808
21931
13764
13650
12967
11321
14344
13491
12676
15274
13460
13315
14238
14701
10435
11978
10580
9192
10827
10971
8662
9672
11396
12169
11787
12486
11748
12891
13188
10995
11142
11838
12909
12229
13003
13426
8916
8147
7409
7757
9256
10041
9970
7921
7321
8167
7457
8238
7554
7823
7333
7673
7668
8052
10383
10235
9794
10230
9979
10043
9530
10771
8521
7821
7486
8008
8026
8096
8068
7831
8111
9008
9274
8959
8957
12472
11912
11101
12500
14512
14319
12935
9298
11290
8980
8753
9087
11187
9268
10769
17821
20834
11332
14758
11575
19096
19256
11902
9077
7972
8202
8335
9459
10664
10312
12199
12714
11109
10242
10563
10483
9527
7646
8093
7813
8305
10431
9504
7689
8907
9384
12413
12358
12296
11401
11754
13083
12550
11581
10847
12165
10542
12438
11353
9965
12633
16697
12536
11030
12774
17693
15734
12927
13053
15980
16532
17530
16456
19080
16562
10863
9903
10512
10703
8138
9036
9516
9087
11475
13818
16739
15287
18077
18127
18715
16512
15680
13257
16793
21099
22815
17705
20973
25361
33139
21271
11910
15406
13354
12951
14401
14111
17200
14269
11952
12753
10278
9506
9813
11046
11384
17364
16815
17029
14177
12812
15741
10912
9803
11298
10349
10919
12951
12653
12277
9178
10822
10301
13029
12946
12549
12395
12852
13168
14664
13590
18209
18112
15671
18006
16877
19297
13675
13758
14274
22633
22005
14459
16331
20798
18305
15038
14782
15221
13679
10664
14348
18698
18676
15660
14912
16259
11399
10653
11544
10729
11584
15681
15284
17765
32754
28833
21575
23268
18804
13247
12904
15414
15823
20004
16988
13702
15189
16996
18029
14957
15478
16362
14141
14904
15918
15993
15065
14284
12978
18980
20089
20782
22656
18994
15738
19127
19198
14138
11167
11995
15812
16523
16918
22857
16354
9955
9306
8643
9367
8928
9292
12850
18602
22277
18626
14963
19763
13746
13206
14397
14311
15442
9412
12071
14013
14650
13053
19037
14328
14257
21034
28573
21459
23096
27343
23483
19819
17996
21513
17367
17867
24385
18678
17636
14673
13550
12855
11812
12468
14438
16962
23390
20899
15370
17079
19799
12776
15962
15004
16426
16070
22057
20398
20122
17679
20680
21546
22965
15241
17077
17912
20040
25301
14181
9969
9417
11991
13329
15885
12723
13281
12189
14653
14771
15084
14960
13828
14595
10799
9618
10229
17153
21895
23734
22860
23346
23182
22522
26641
6138
9717
12783
9928
11570
11500
13348
13889
12706
14524
13537
14820
15824
14627
13865
12952
13552
12527
10815
12628
9620
8614
7867
8426
11872
9548
8576
10854
13812
15233
14472
9366
9265
8213
9969
8775
9224
12224
15747
17857
15677
14239
11469
10033
10620
12064
14147
15141
12420
8816
11063
13818
11304
8367
7680
7334
8128
8410
9625
10525
7908
9232
11274
12993
16840
16101
17096
16884
18453
17486
14381
11971
9214
10307
11610
12361
10466
10782
10994
10123
10768
12348
15545
14664
15478
13533
13830
13416
17061
17026
16548
19057
22115
17202
16575
19033
19410
17650
11672
16254
15055
14003
18816
16630
19905
16599
18678
18388
21178
18999
16133
12862
13508
10765
11320
20790
19928
17562
16652
27730
36804
27462
30752
27139
26517
21778
15764
24331
21302
17643
23319
23072
19648
21670
24941
28085
23003
12446
16396
20661
17083
14276
19634
18533
19805
19875
23823
18296
23243
24897
17611
24621
23091
21935
21384
25458
26957
25250
15179
15198
21733
24184
18889
15256
17531
14518
22659
21314
18976
22232
22407
19608
16579
19602
14410
17997
19888
18175
16892
15906
13425
17165
17205
24746
24747
25166
16918
18634
22121
23664
21857
23407
24402
22511
20634
23163
11604
9698
8829
10263
8114
7927
8115
8596
7825
8266
8749
9305
8907
11532
9086
12230
15746
14502
15412
13681
15085
15130
14780
14448
14050
26960
22541
14703
10335
10413
12159
11112
15957
11810
11988
12969
10897
11719
13342
14295
13404
14779
12252
10218
10906
11645
12869
11533
9435
9054
9339
8763
10985
10100
8475
8662
9003
9491
9083
12469
19202
16170
12874
11179
11922
11902
11862
12948
17088
19180
12006
15898
14364
11615
10950
11652
12669
11604
10094
12743
18495
13638
15802
14259
12097
12960
11578
10957
11116
9410
9966
9680
9385
9165
9711
9551
8995
8854
8886
9343
9450
9233
9378
9257
9136
9364
9469
9789
8860
10804
13612
12738
13100
13047
10061
10137
13622
11757
12973
11200
11527
10611
9536
11546
15223
13788
9408
11260
10771
9903
8548
9416
13646
14988
12156
11175
12899
12463
13412
12901
12778
10468
10679
11844
10731
10174
9894
10377
10384
9631
11106
14911
13107
25586
11497
