15907
14498
14031
12409
14745
13968
14847
14509
12965
14032
14526
13279
14141
13160
14612
13791
14163
13656
14184
14619
13597
13462
14079
13844
12403
12247
13437
13251
12887
12992
13656
11996
13521
14024
12977
13792
13015
12408
11306
10755
11187
12273
13274
13192
13764
11525
11327
11064
11965
10448
11015
12377
11073
12292
12090
10984
11236
11514
10703
10102
10599
9148
9448
9549
9852
11085
10543
11357
9878
9763
9270
10691
9585
10384
11029
10322
11813
9991
11250
11426
11631
11358
12180
12211
10725
10416
9234
10259
11082
11099
9697
9619
9188
9728
12011
14156
12305
11961
12439
11577
11486
12181
12130
11169
10899
11997
12840
13845
11985
12790
13869
13929
12367
10824
10936
12915
12834
12388
10719
10951
11849
11750
12400
11954
10475
10768
11682
11262
10690
12071
12590
11660
10835
11709
12433
12249
12862
11756
11931
11380
11381
10461
9861
9257
9183
8814
9349
9506
11024
9131
8964
9499
9412
10189
9753
11855
13929
13497
13687
13823
11721
12366
11316
12388
11455
12282
12775
10897
10966
9353
9990
11096
10018
11484
11166
10905
11705
13373
12610
15203
12420
12984
12444
11528
12105
10086
11836
10671
11534
10668
12163
12912
11087
12086
12954
11750
10889
10783
11559
11249
12827
14402
13281
11847
9928
9867
11092
10378
11614
10899
12133
9875
11631
11651
13049
13703
13673
12438
13104
12064
11469
11846
12215
11037
9701
10423
11584
11973
11551
10970
9309
12063
12519
11602
11829
12897
13815
12243
9548
9569
9792
9710
12180
11307
11510
9532
10017
10247
11326
11844
12945
10468
11449
13034
11788
10580
11059
11607
12726
13871
10868
12765
13601
11763
10567
8875
8984
10886
11521
9885
9624
9384
10499
13824
12633
12159
12833
11986
11910
11748
12575
13123
10881
9673
11751
12648
11611
10697
13230
12518
12122
13215
12457
10749
11098
12066
12132
14565
13100
10279
9575
10885
10092
11417
12801
13640
11968
13000
11402
12268
12032
11821
10591
10720
10033
8834
9296
9714
10684
9611
9547
11205
10303
10950
11687
10962
9887
10565
10551
11607
11089
10881
9688
9743
9777
9993
9807
10176
11249
11020
11900
11787
12468
11390
11124
10950
11247
11486
11408
9932
10239
10279
10003
10645
9156
9264
10198
9667
9656
10255
11017
11318
9229
9337
9076
10221
10716
11702
10036
10712
11366
11602
12106
12506
11117
11442
11754
11663
10940
9731
10657
9327
9298
10333
10049
11164
13519
11718
13915
14433
11251
10398
11439
11613
11248
10234
10776
12253
10555
12836
13309
14165
12993
13991
13366
13041
14906
14743
10088
10657
10930
11750
12843
10393
10737
11120
13075
13940
13081
12856
14449
14063
11992
11919
10861
10577
10154
11625
10045
9728
11716
11195
11482
11052
11086
10383
10404
10773
12757
11856
11567
9965
10597
12858
13396
12328
11942
11006
13365
12286
12573
13485
13026
13437
14118
15103
15227
13131
14198
13539
12891
11409
11019
12173
13388
11794
10199
11976
11726
11091
11175
10656
10928
11154
11534
11038
11230
12033
10300
9550
10096
9503
9156
9824
8904
9187
9018
9531
9563
10094
9507
9848
9141
10259
10620
10517
11284
11529
10096
9276
9276
9565
9593
11106
10421
10897
9864
11245
11082
11400
10181
11059
9560
9763
10180
11565
11615
11378
11922
12839
12425
12186
13929
12738
14275
13533
11406
10993
11601
12063
13170
11171
12365
11022
12901
12462
11761
11921
11609
10695
9826
9199
9938
10023
9916
11158
11824
10272
10663
10334
10393
11508
11003
10393
11893
11203
10791
9531
9374
9451
9664
9603
9654
9962
10553
12246
10936
11409
9963
9988
9683
10221
11213
10011
11445
10855
11136
11078
13010
13706
12764
12762
11751
11347
10402
10153
10018
10624
11684
13864
14351
15627
13049
12868
14510
15420
13041
11021
11101
11029
11265
11017
11412
10883
9798
10073
10904
10086
11346
12808
11677
9655
8937
9548
9284
9039
9130
9836
11418
12257
11756
11691
11219
10069
9829
9891
9567
11062
11554
11060
11630
12365
11409
9147
9343
10180
9628
9227
9237
9379
10308
10641
11066
10098
10290
11959
11763
9753
10069
10198
11553
11851
10120
10708
10658
11062
11418
10319
10065
10186
9578
9620
11259
10152
9628
9450
11030
11517
10423
10217
10265
10546
9581
10572
10113
10191
11222
11191
11439
9409
11203
10124
10137
9344
8930
9533
10575
10679
9657
10382
11649
11177
9947
9698
9221
10443
12214
10561
9239
9648
9099
9783
8981
9194
9192
9381
10272
12025
11173
10843
9456
11017
10074
11406
10501
11261
10855
9621
10348
12183
11438
12721
10909
9568
9684
11215
11813
9570
9022
9894
10109
10918
9291
9400
10441
11254
10562
9305
10461
11353
10008
9524
9864
10379
9371
9375
10128
10590
10931
12390
11909
11746
11324
10740
11593
14850
12626
12386
10872
11924
12302
11639
10667
10794
12719
10681
9669
9867
12937
11195
11459
9748
8937
9141
9213
9621
9493
9636
9412
9081
9386
9240
9373
11993
12609
11233
10752
10803
12209
11774
10365
10496
10576
10744
12344
10423
9695
9693
10690
11128
10870
12063
12239
10705
10134
9795
11725
11746
10661
10078
10242
12205
11504
10742
11819
10407
11334
11836
11641
11123
12018
11939
11071
11588
11086
11697
10409
9705
9285
9306
10659
9901
10077
9850
10964
9787
9952
11425
11669
10547
9489
9721
10651
9703
8908
9357
10074
10819
10907
10722
10582
11602
11205
10426
11431
10606
9483
11071
10730
9577
10571
11264
10585
10338
12059
10837
10696
10030
10570
12150
13053
13050
12543
11223
12115
13447
12315
13946
12366
11261
10165
11224
11104
10700
11604
14362
12976
12391
10648
11953
12793
11773
12209
11219
12479
10684
9997
9986
10435
9886
10668
11010
12080
12617
12622
12727
12786
14046
13119
13323
14530
14326
12811
14106
11778
11885
13040
12062
12591
11832
13163
11513
9959
12187
11957
11024
12132
12265
13058
11747
11784
12084
10123
11720
12442
11027
9711
11602
11473
11224
11348
11669
11800
13400
14547
12509
14794
13514
13517
13476
13716
11474
12765
12814
12979
13375
15062
13295
11120
11022
11108
9628
9858
10052
10277
12170
11773
10430
9372
9945
11649
9872
10835
8832
9057
9038
9602
9768
9725
11395
10541
10402
12566
9793
11200
10446
10261
9683
11206
10328
9656
10483
11209
10550
12396
11110
11698
10773
12155
11520
9821
9075
9096
9596
10392
9952
10280
10866
10344
9237
9002
9005
10508
11078
12123
12259
12144
11698
12001
11437
9527
10732
9824
10443
10413
10426
10923
9845
9768
10300
9637
9827
10268
11026
9915
9263
9873
10566
10833
10632
11140
10863
10786
11490
11758
10156
9469
9732
10887
12161
10633
10513
10335
11819
11728
12881
11009
10379
10324
12223
10500
13371
12743
13025
12430
11029
10883
11866
10248
11881
12062
15448
14175
12461
13914
14489
14160
11314
11089
9789
9201
9961
9987
9635
9181
9267
10280
9930
10519
10494
9847
11302
11237
12009
11551
11485
11726
12116
11439
11560
13062
12013
10980
12167
10891
10904
12540
11036
10301
11377
12043
10933
10793
14234
10740
11838
11588
10193
11940
10287
9885
10616
12204
12958
13122
13952
13123
12281
13251
12498
13403
15664
14345
12518
11727
9969
9765
9343
9475
9515
9046
9046
9758
10867
10079
9994
11074
10728
11125
9789
10844
10874
11480
11944
14361
13911
14684
12036
10526
11256
12605
11211
11083
10832
9683
9461
10389
11291
9874
10329
8912
11020
10627
9688
9231
9772
10323
10043
10809
9951
9399
9638
12477
13479
13097
13355
11599
11499
11904
12135
10438
10531
12299
13152
12115
11068
10084
10711
12695
12915
13269
13089
13492
12259
13978
11954
14351
13118
14562
11586
10535
9968
10592
12922
12143
12016
12870
13398
10499
8819
10452
9354
11139
10491
11442
12805
14325
12855
10357
12007
12098
12785
12093
11761
12181
11504
12578
10130
11207
10718
12411
13218
10909
11190
12149
13157
12874
9900
9994
10200
10986
11208
11858
11526
11197
10497
9817
11736
10768
10473
10696
9851
10765
11400
11615
11411
10547
10754
11298
10959
9726
9397
9578
10336
11976
10852
9501
9784
10108
11061
10010
9491
9528
10453
10449
10186
10925
11934
12202
11878
11919
11314
11907
11568
11931
11366
11098
10110
10362
10340
10389
10414
9542
9432
8847
9209
8858
9291
10181
10635
11090
10872
11459
10516
11018
12856
12348
12744
11236
11846
11111
10564
12401
10692
12052
12921
11660
12513
10523
10535
11854
13271
11584
15201
15119
11808
11222
10309
11076
12253
11742
10212
9482
9234
10044
9639
10125
10116
10880
11204
11701
10989
12126
10590
10728
10906
9741
10529
9243
9541
11311
9396
9384
9331
9665
10649
13832
13378
12908
12405
12447
12367
10865
11001
10619
9374
11215
11155
11145
11015
10018
11681
10734
11829
11992
11435
11480
13090
13120
11464
11822
13738
13835
12640
12122
11762
13010
13129
10907
11839
10928
9395
9753
10807
12058
11207
12706
10776
12732
10406
11526
12379
14065
13255
10889
11782
10825
10242
11240
11544
13847
11806
12423
12808
12877
13823
14619
15822
15022
13755
13664
14928
14448
15674
13439
10676
12794
10595
11999
13246
11499
11784
9821
11081
12445
13773
13014
12003
12042
11403
10706
11351
11120
11621
11656
11347
11139
11512
10966
12234
12398
11489
12170
11434
10658
12805
11559
13322
12930
11441
12132
10458
10618
10932
9507
8775
9004
9530
9521
11257
10901
10395
10687
11375
11562
10187
9714
9174
10684
13261
13977
14605
14021
12355
12817
12213
13508
10795
12484
13689
12586
12350
10323
10672
10945
11831
10495
12632
11338
10290
11497
10833
11121
12659
11975
12437
12219
12176
13967
10904
12221
13460
12622
13774
13608
12800
10544
10501
10051
10142
11238
12712
10851
12346
11982
11796
10885
11735
12107
12163
13752
11747
12277
13161
13813
12137
12419
12303
12809
13773
16891
15294
14381
12147
10492
11489
11832
12511
12044
13015
11844
11209
11974
9352
12958
12280
12908
12454
10626
10217
10255
9560
9893
9698
10854
10599
9963
10225
10042
11590
12351
13098
12094
12637
9968
9531
9517
9659
9953
9839
11792
14453
13184
12522
13880
10126
10358
13607
11242
12174
11819
14712
13999
13928
15386
14942
14771
15017
15263
14514
13843
12927
12615
13329
13571
12022
12355
11121
9731
9557
10625
11200
9598
11749
9706
9869
9903
9695
11433
11931
11172
10621
9901
9963
9751
10361
10818
11941
9743
9359
10238
11105
11931
10670
11302
11760
12811
12714
12241
11759
11796
14021
13524
14589
13670
12059
12825
11162
12322
13565
10951
10846
11502
13342
12081
11147
11669
12780
13397
14029
12166
12115
13468
13138
11650
10587
10884
12208
12263
11348
10045
10848
10039
9086
11786
10436
10185
10003
9709
10877
10950
11508
10808
10481
10834
12408
12624
10936
9688
10316
10991
10755
10785
10017
11165
10792
12139
13722
13446
13107
14307
13466
13916
10992
13903
13725
12782
10483
9644
10112
9914
11091
11186
12117
11089
10943
11141
12083
11690
9882
11209
10037
9194
9361
10650
11403
9751
9536
10582
9687
9701
11111
9731
9228
9419
8953
9757
10013
10327
9398
10393
11237
11841
11807
11969
11154
10828
10869
10800
11770
11814
10887
12896
12448
11772
12274
12675
13831
14069
13300
14177
13403
12267
11608
13828
12915
13149
13203
13825
13793
14151
14052
12517
11952
12819
12494
14012
12361
12070
12035
10873
12132
11952
12232
12462
12102
12629
11624
12526
10938
11581
10643
10273
10462
11053
9669
10349
10925
11642
11252
11620
10859
11819
11947
11248
10721
11536
12024
11244
11704
12395
9802
9312
8780
9281
9778
10195
10736
9396
8938
9316
9407
9356
8782
9242
8774
8999
9198
9044
10812
10437
9758
10856
10196
10635
10052
11238
9899
9031
8982
9208
9150
9136
9341
9112
9359
9443
10289
9739
10275
11210
11776
11160
11916
12242
12573
11952
9709
11268
10096
9770
9671
10875
9815
10713
13512
14416
10934
12553
11058
13700
13521
11447
10102
9708
9352
9577
9784
11423
10964
11056
12594
11009
10603
10869
11023
10851
9621
9807
9020
9126
11016
10783
8901
9896
9300
11941
11812
11123
11852
10822
12087
12338
11194
10853
11601
10609
12421
11929
9922
12489
13513
11545
11380
12414
12960
13076
12022
12364
12846
13721
13315
13210
13352
13978
11593
10356
10195
11005
9470
10140
10449
10070
11044
11803
12611
12740
13122
13310
13213
12710
12977
11495
11568
14269
14317
13703
14131
15287
15601
14336
11944
13829
11738
11482
11619
12368
13122
11660
11468
11472
10711
10095
10095
11064
10892
12791
13770
13360
12166
12152
13121
11430
10155
10535
10817
10933
11985
11748
11654
10286
10552
10828
12014
11362
12330
10973
11323
11751
12545
12433
13372
13526
12732
13076
13205
12721
12448
12294
12285
14143
14522
12306
11881
13613
13446
12552
12364
12617
12585
10872
11226
13443
13835
13358
12789
13063
11421
10654
10577
10931
10790
13115
12174
12834
16257
16004
14248
14820
15006
13012
12531
13255
13313
14008
14515
12298
12933
13674
15015
12610
12344
13559
12570
13531
13343
13180
12875
13182
11838
13563
14338
14916
15256
13977
12728
12400
14067
11882
10482
11902
12376
12249
12734
14551
13430
10898
9926
9503
10191
9986
10006
11103
12769
14881
14749
13511
14609
11894
11835
11954
12283
13061
10631
11333
12950
12203
10894
14437
12677
12424
14496
15847
14195
14170
15313
14339
14627
13055
14539
14131
12823
14919
13635
13464
12688
12296
12133
11073
11803
12272
13223
14576
14332
12929
13074
13861
12018
13731
13101
12218
12726
14078
14138
14467
13397
14145
14079
15006
12795
13630
13090
13893
14790
12764
10337
9960
11441
11537
12752
12581
12661
11388
12811
12489
12255
13080
12782
12770
11146
10398
10481
12520
13931
14614
14935
14849
14651
15472
16002
3415
10478
11877
10409
10592
10850
12090
12408
12154
12132
11529
12719
13095
12456
12496
11589
12323
11349
10715
11718
10376
9860
9293
9514
11357
10177
9383
10791
12112
12696
11845
9844
9880
9245
10329
9875
10150
11407
12829
12464
12718
12620
11389
10384
10383
11155
12585
13018
11800
9802
10604
12422
11426
9348
9298
8942
9363
9764
9622
11331
9198
9723
10451
11221
13553
12121
12755
13140
13651
13386
12854
11761
10162
10824
11303
11577
10653
10843
10802
11104
10944
11342
12071
13306
12829
11521
12303
11681
13101
12650
12888
14202
14695
13985
13345
14256
13762
13815
10872
12109
12479
11474
14143
12929
13984
13037
14043
13454
14245
14145
13136
11585
12176
11290
10957
13276
13386
13701
12644
15704
16983
15747
16179
16027
15650
15101
14111
15686
14972
13923
14856
15178
13823
14963
15421
16230
15415
12120
11658
14185
12706
11379
13889
14095
13725
14382
15353
13291
15130
14448
14358
15234
15032
14667
14285
15250
16028
15051
12764
13109
15651
15049
14254
13096
14064
12379
14193
14681
13735
14224
14963
14338
13074
13770
11061
13776
14001
14005
13867
13020
12233
12924
13057
14252
15106
15276
13246
14241
14780
15474
14134
14874
14853
15212
13563
14106
10526
10026
10421
10704
9418
9543
9387
9825
9045
9496
9550
10257
9672
11461
9990
11149
12747
12252
13198
11602
12846
12732
12271
11953
12382
15857
14932
12750
10653
10367
11619
10505
12680
11078
11451
11737
11234
11132
11762
12420
12148
12006
11560
10644
11085
11292
12581
11833
10356
9862
10417
10049
10872
10556
9325
9966
10083
10287
10440
11723
12835
12966
12406
11140
11382
11943
11820
12145
13629
13920
11642
12769
13052
12683
11632
12027
11998
12384
10842
11180
13021
12200
13426
12174
11621
12074
12246
12507
11985
10632
11045
10687
10563
10385
11371
10895
10013
9885
10602
10204
10214
10184
10029
10613
10212
9851
10672
11071
10005
10199
13010
11836
12138
12408
11204
10766
11581
11725
11791
11196
11331
11549
10485
11155
12888
12500
10036
10984
11463
10398
9592
9938
11290
12728
11119
10985
11338
11238
12395
12128
11877
10453
10386
11873
11415
10747
10655
10307
10773
10094
11220
12216
11142
14630
11353
