6246
8147
8855
10002
8157
9568
8313
9847
10592
8937
8094
8428
9133
9983
8924
9487
9970
9240
9104
9164
10754
9296
9386
9965
9652
10737
10698
8311
10446
10418
9884
10382
10542
10002
10350
11057
10397
9882
11717
11951
12042
12150
10341
9076
10286
11571
11523
11246
11505
12202
12028
11651
12475
11689
12227
12533
12150
11436
12326
12967
12563
13155
13145
12961
11971
12513
12006
12582
12853
12992
12455
13073
12280
12415
11580
12237
12238
11680
12395
12284
11690
12647
11258
11633
12245
12926
12878
12722
12733
12461
13112
13354
13009
12572
11203
9666
11390
10358
11117
11386
11586
11113
10997
11951
11300
10906
11334
10515
10953
9641
9600
10013
10679
11634
10830
10448
10502
11888
12279
11536
10814
11584
11707
11603
12316
12106
11919
12221
11480
13480
10339
12038
10895
12569
12107
11986
10436
10971
11550
11748
12930
12988
12889
13442
13660
13560
13469
12477
13689
13302
13126
13457
12416
13247
12161
11076
8615
10330
9566
9081
11658
10328
10249
11877
10750
11081
11681
11059
12828
12338
12125
12084
12007
11987
11640
11062
11684
9422
10976
8480
10046
10195
11040
10659
10413
12505
11835
11620
11103
12075
11026
10549
11396
11427
9042
9299
11871
11205
10819
9427
10295
9455
9710
10884
12827
12052
10803
11945
11834
10894
9626
12452
9351
12130
9774
10111
9861
11286
10728
10823
10040
13158
12065
12549
13090
12010
11996
10807
12082
12529
12309
11057
10005
12363
10352
11030
9894
12215
12680
13212
12873
11889
12020
12103
12593
12814
12978
12200
10110
11961
11352
12876
11837
10578
11656
11842
11437
10871
10613
10948
10751
10745
10578
11466
12731
12603
12635
12257
12237
12831
12974
12704
11790
9896
10792
9997
9981
10726
10877
10664
9990
11110
11757
12366
11100
10317
11705
11982
11103
10507
10048
11077
11367
13350
11315
9878
11445
7928
10411
11863
12254
12271
12386
9656
10446
9461
9906
9976
10852
11682
12109
11816
12272
12626
12860
13054
13262
12467
12702
12965
12437
12179
11778
11901
12605
13203
13100
12360
11661
12130
12561
11825
12966
12732
12641
12717
13076
12485
11954
12378
11657
12200
11502
11253
11585
11596
11712
12100
12448
12449
13234
12975
12359
12837
13706
13279
12769
12755
13265
12857
12087
12229
13264
13658
12979
12140
11755
12082
12506
11450
11540
10841
12370
12203
12896
11339
11871
10992
12173
12454
13011
12978
12889
13239
12743
11479
10173
9209
9707
9731
11738
11516
11450
11230
11580
12276
11499
11908
11924
10524
10305
9868
9498
9615
9472
9638
6806
8192
12647
13245
11912
11312
12043
12483
12402
10694
10112
9105
10454
10767
7487
9355
11293
10826
12266
12550
12470
12950
12579
12455
12573
12107
12352
11366
12935
13299
11753
11376
10938
11822
12140
12456
11352
11501
10361
10901
10979
11574
10089
10698
11312
10556
9704
10562
9553
9428
9652
10979
8567
10518
10923
10369
11307
11535
10582
11701
11863
12177
11836
12137
10963
11035
12108
12100
11809
12357
10772
9986
12337
13221
13363
12266
13100
13390
13328
13006
13706
12957
12321
13045
12887
12970
12835
12892
12106
12330
12341
12225
12748
13110
12633
12586
11935
12403
12380
12566
12635
12009
11512
11967
12720
12196
12433
12562
11590
11533
12197
11955
11252
10077
10375
10436
8533
9176
9042
9725
12740
11581
12558
10408
10224
11095
12189
11269
10913
11049
10854
11567
12375
11771
12953
12861
12747
12786
12129
12041
12129
12654
12576
12545
12244
11455
11735
11971
13146
11505
12864
13075
13112
13364
13393
12801
12646
12897
11652
11637
11944
12393
13542
13694
13308
12097
11938
11821
12117
12641
12370
11931
10550
10784
11148
10690
10783
12550
12516
12727
12642
11918
10378
10232
8950
7884
9540
9606
8125
7289
11100
11887
11471
11703
11472
10913
11155
12243
12525
12776
11962
12330
10537
10631
12201
12960
13070
13144
12954
13246
13007
12716
12034
10783
11634
11515
12189
12857
12810
12888
12935
12309
10930
11220
10689
11466
12219
13050
12966
13731
12665
13210
13331
12717
12843
12231
12784
12385
12478
11970
12589
12629
12911
11755
11460
11965
12114
12704
12271
11942
11911
12286
13757
13122
13651
12887
13687
12511
12948
12243
12415
12138
12486
13108
12132
13166
12494
12715
12818
11793
11839
12429
12461
12533
12214
12651
12949
13432
13119
12711
12376
12617
12199
12028
13420
12567
12958
13185
12782
12370
12175
12794
13146
12893
13039
13089
13259
13357
12908
12935
11529
11252
11700
12534
12132
12451
11951
11686
12081
12120
12514
12235
12599
11271
11517
11526
12112
12482
12809
12141
12928
13069
13248
12554
12015
12580
13119
12567
11955
12106
12620
13017
12378
12401
12789
12522
12517
12673
13206
12513
13116
12164
11874
11570
10091
11490
11126
11592
11962
6763
9021
9252
10793
10511
9707
11461
11768
10694
9966
11508
13040
11616
11078
11839
10313
13017
12787
12928
12825
13150
12893
13123
12852
13105
13090
13211
12582
10954
11232
11533
11265
12119
12378
11479
12395
11782
12229
11878
11790
12585
12857
13164
12517
11546
11640
11140
12032
11948
11864
11665
12498
12125
12337
12134
12829
12484
12539
11413
11521
12505
12510
11827
11190
12189
11894
11575
11678
11768
12352
12079
12695
12707
13364
13066
13085
12191
12969
12575
12759
11864
12239
12439
12725
13157
13269
12461
13142
12743
13222
12117
12272
13071
12666
12557
11697
12281
12777
11593
12644
12600
12863
12468
13302
13048
12425
12767
12142
11787
11898
12312
13157
12610
12051
10757
10066
9494
11399
10496
10676
10271
11670
10046
11819
12233
12190
11583
11830
12524
10283
9096
10615
11907
11901
10644
11516
10725
11129
11320
10337
11882
13073
12243
12968
13000
13015
12493
10921
10138
9986
11584
9758
9436
9942
9384
8782
9131
9041
9501
9943
10646
9634
11116
11077
10186
10752
12192
12034
11046
11482
11779
11196
10031
10941
10757
11113
12166
11541
12487
11754
12558
12400
11532
11946
11458
11376
11338
10684
9901
9009
10707
8203
9747
10052
9905
10808
11941
10198
9831
9270
10393
9335
10105
11394
11728
12285
12703
12508
12443
11920
11187
11877
12848
12783
11894
13318
12681
12672
12748
12882
13049
13242
13569
12302
12564
13090
12507
12202
12316
12552
12817
12864
12344
12715
12827
11931
12051
12238
11492
12085
11950
12088
11425
11227
12283
12933
12727
13216
12665
12614
13165
11731
12225
13265
13571
13269
11902
11807
11785
11294
11222
11737
11391
11926
11893
12137
12220
12780
12293
12401
11931
12128
13243
12220
12647
12329
13157
11860
12842
12363
12793
12885
12282
11709
12376
11247
11783
11920
11016
11523
12741
12887
12289
11724
12341
12104
12728
12664
11626
11373
11187
11725
12500
11239
12038
11240
10848
10223
10950
11144
11379
12116
10975
11849
9809
9087
6036
6917
11434
8914
8748
9612
12779
12825
13408
12281
13125
12869
12951
12760
12473
12880
12464
13378
13087
12082
12450
11145
12065
11817
10780
11333
11256
11200
11094
10590
11112
10922
12480
11386
11562
10775
11240
11655
11579
12935
11211
10993
9036
11101
9150
11573
12202
10576
12195
12508
11819
10248
10961
11038
10457
10315
12983
10426
10035
9549
8104
8907
11029
12521
12748
13201
13193
12720
13314
13169
13110
12094
13169
13325
12510
12876
12348
12527
12357
13052
12040
12045
10514
9269
9943
8405
10491
12058
11850
10666
11697
12081
12769
13020
12603
12238
12498
12885
13185
12657
12111
12609
13450
13184
12925
12602
12373
12871
12921
13217
11705
10897
10538
10896
10289
10297
13087
11197
11843
12761
10775
11113
10760
11943
12475
13343
11861
10731
9655
8596
10495
10999
10954
8927
10085
7500
8300
8956
10937
11854
12343
12293
10572
10414
11418
9435
10153
12818
13050
13349
12680
12417
11422
11385
10341
9318
10685
11901
11107
11134
9776
11365
10526
11874
12668
11244
12173
12251
11658
9223
11115
12661
10533
9438
10782
10697
12234
12938
11590
11287
11163
11792
11462
11662
11995
12537
11672
11823
12290
12379
11955
11470
11516
12333
12131
11990
11799
11329
12327
12836
13331
13076
11758
11373
12305
13396
12968
13334
12695
12734
13119
12455
12255
12474
12297
11584
11689
11766
11810
10875
11172
11157
10552
10898
12697
12618
13023
12941
12762
12561
12593
13500
13346
13286
13521
13159
12369
11613
11378
11683
11675
12216
12365
11049
11516
10760
11270
11603
10821
11227
11649
11025
11946
11020
9287
10613
11132
12210
12490
9991
9534
10108
6240
6467
12056
11712
12434
12337
11749
12086
12262
13463
13152
13658
13084
12151
11536
12562
11008
13437
12458
11755
12201
12126
12889
12368
13506
12734
11811
11924
12904
13164
13263
12721
11221
10289
10712
10338
11258
10111
11596
11828
11470
12344
12750
11896
11336
12191
12208
12331
11529
11555
11583
11072
11652
11034
9956
10759
10750
10453
10490
10281
11052
9916
10877
10919
9711
11498
12553
12645
13311
13330
11458
13218
11616
10809
10896
10705
12047
11529
11671
9553
10169
11979
10869
11793
12155
10741
11073
9302
12016
9505
9886
10811
9669
8316
8729
8051
9216
8565
6453
6277
7345
9321
10891
9832
11321
10363
10254
10586
11374
12605
12118
10594
10861
10156
10349
11254
11425
13064
11100
11657
11142
11643
11924
11538
11704
11416
10371
10224
11417
12083
10998
10790
10966
12086
9615
10045
10230
9126
12222
13150
12891
13051
13145
13279
13083
12418
12793
11673
11967
12307
11295
12059
13134
12757
12369
11741
11557
9046
9054
8266
11706
11070
12535
11074
11148
8998
8111
9882
10972
12718
12651
11394
11591
9769
10362
12310
12283
12019
11933
12158
11932
10749
12467
11410
10520
10100
10978
10881
9388
10752
10544
10010
11312
12327
11571
12362
12136
11433
11581
10937
11193
10776
11385
12750
10758
10345
10184
10280
10503
9793
10388
8980
10609
9729
9422
9385
8592
5937
6814
9506
12285
12430
11728
9869
11517
10394
10802
11362
11678
10662
11419
10377
11134
10555
11801
12613
12824
12858
13210
13557
12668
11504
13165
12572
11420
12640
11176
11532
11271
11038
11599
13061
12921
12459
12414
12270
11910
12058
9089
8593
10337
10117
12792
12001
10396
11907
11863
9597
8249
9561
9326
7496
8692
9012
8444
8697
7539
10010
9583
10825
10042
10165
11221
10762
11303
12421
12960
12068
12449
12878
12096
12932
12835
13241
12079
11858
11686
11347
12001
13428
13395
13888
12535
12576
12505
12782
12894
12608
11674
13015
12057
11783
11365
10883
9924
11675
10773
9396
8933
10112
8538
10775
11471
11124
11553
10142
9392
11945
10441
10810
10436
10304
10581
9559
11973
9301
9162
10673
9800
8786
10897
11503
12365
11197
11110
10853
11972
12078
13038
13230
12632
12666
13029
12304
12504
12313
12063
11690
12452
13100
11686
11518
10532
12044
12344
12231
13279
11758
12242
12841
11862
12520
11231
10297
9763
10672
11289
9378
9233
9334
11853
10100
9497
11211
12604
13180
12929
13120
11464
12096
12394
11689
11930
11396
12712
12399
11920
13161
12902
12745
12773
11536
12780
13079
13214
12890
13066
12927
13294
13272
13546
13085
13088
12821
11821
12629
12778
11734
11242
11064
11502
11317
11992
10913
11970
11826
12139
12320
11482
11052
11676
10893
11107
9710
10052
9210
10905
9218
9431
10079
10648
9733
10538
10283
9870
9441
9550
8798
8546
10974
10425
9800
9679
7818
11255
11164
11629
11661
10904
10946
12169
10506
11322
11944
10120
10727
11968
12046
12038
12973
11590
12035
12698
12290
11241
11474
12448
11427
11252
11173
11322
12258
11401
12364
11597
11407
11342
11604
12965
13070
12944
13387
12390
12233
12967
12988
13543
13275
13510
13053
13015
13018
13958
13195
13146
12782
12568
12191
11906
12992
12129
12410
12154
12242
13025
13151
13595
13234
13119
13379
13645
13525
13312
12468
13208
12922
13103
10880
11997
11935
11036
10488
11495
11394
12308
12242
12790
12897
11843
11318
12127
12054
9754
8662
12131
10947
11694
9762
9875
11791
12763
13438
13072
12986
11844
12423
13238
11010
11462
12442
12285
12494
11986
13096
13393
13615
13170
12685
12584
13616
12864
13102
11729
11611
11824
11914
12428
11530
11517
12154
11614
12032
11693
12067
12321
12491
11832
11932
10974
11471
12961
12207
9885
10939
11994
11757
10240
10336
10245
10945
9335
10998
12456
12032
11838
12309
13204
12600
12668
12228
11341
10763
9644
10745
9820
9752
9139
10102
10369
10558
8996
9130
8263
9731
9398
8414
6163
8817
12716
11552
10275
10938
10354
11343
9985
10740
11822
11253
12098
12712
12165
12247
11328
10487
10346
10568
10986
11738
10722
12487
12623
11610
12512
11794
11360
11455
11837
13019
11530
12433
12445
11079
11822
11075
10945
11431
10945
10950
10000
10267
10779
10517
10574
8558
11447
11469
11515
8278
9006
11204
10705
9113
9987
10752
10825
10976
11635
11895
9446
9690
9729
10966
10668
10166
12287
11843
11048
12172
10934
10979
10853
9557
5867
7212
8811
8015
10246
12210
11997
10324
10349
9332
10176
10813
11063
9513
10096
10245
9955
10155
10703
10637
10800
10081
10420
10879
10770
8588
8728
8706
8748
9582
10124
8565
9938
10220
11209
12486
10086
9842
10151
8527
10274
12502
12555
12350
12602
12874
12172
10637
8875
8989
10220
11210
9467
10690
11298
10395
10264
10506
13304
11300
11591
10333
10484
9832
11412
10796
8825
7033
7926
7596
7031
8181
9785
9472
8903
9995
9172
8454
9366
9558
10454
10995
11467
11434
11404
10265
10084
8228
9139
10897
10180
9794
11587
11350
10692
9670
10850
9018
9525
10027
9627
9145
9108
8612
11007
10457
9620
9230
8391
11129
12470
12031
11799
11020
10610
11890
12001
12070
10827
11688
10245
10579
10806
10838
12492
12503
11824
9144
8369
7457
8638
8327
8153
8266
7522
1349
12892
11162
11947
11393
11384
11215
10893
12090
10216
10576
10841
10454
11735
11265
10725
11246
11434
11716
11674
12317
13025
13112
12589
11419
12446
12984
12147
11077
11258
11002
12230
12410
12493
12042
12589
12557
11328
10191
9743
10299
11059
12205
12166
11708
11739
10682
10688
11352
12831
11427
11263
11960
12816
13160
13549
13024
13097
12064
12362
13171
12310
11189
10521
9944
9118
9969
10387
9922
9927
10759
11900
12374
12254
11863
11354
11775
11756
11273
13252
12167
10851
9878
11060
10224
10648
11311
10483
9521
9142
9555
9948
8494
10388
10495
9641
9579
10475
11383
10326
10959
10220
9619
10505
9420
9885
9094
9286
8769
9366
9904
11106
10789
12334
11482
8481
8972
9900
9490
6922
5704
6778
6645
7237
7228
8729
10551
8035
9112
9894
8370
8479
9037
8137
7609
7286
8416
11308
9130
9179
9553
10034
8740
9810
9265
9772
8260
9468
9090
8383
9988
8054
8701
8642
8713
7850
8122
8145
11147
10411
8971
8252
9840
10619
9951
10470
8369
8824
9483
8142
9156
9940
10007
9224
10671
9696
9752
9783
10358
10018
11336
9433
9542
7453
8171
7946
10578
10002
8884
7718
8086
8242
8190
8672
8313
7090
11401
11929
13737
12447
13116
13103
13424
13236
13224
12831
12376
12638
12313
12124
12320
10541
9936
10556
10885
10499
10101
10988
10551
10120
10663
7675
8527
11064
12177
12083
11449
11644
10248
11637
11624
11492
12504
11906
11417
11036
11448
10442
11780
12774
12568
11411
12391
12694
12891
13052
13210
13360
11793
12672
13423
13508
12845
12639
13062
11946
8790
10546
12075
12168
11953
12072
11813
11263
10691
9669
12136
10969
11613
11774
11758
11598
11455
12538
11883
11106
10254
11879
11151
11229
11343
11797
12151
11876
12602
12514
12780
12873
12591
12475
13020
13129
12904
12867
12982
12790
12646
13131
12706
12946
12678
12155
14092
12666
13013
11650
11948
11705
12106
12082
13269
12930
11548
12610
11868
12248
12213
12783
12364
12355
10685
11616
12438
11468
12916
12779
12739
12565
11377
11253
12055
12224
10984
11690
11752
11968
11929
12086
12149
12298
12525
12995
12906
12517
12828
12925
12687
11051
11415
7904
12403
