13062
11231
11220
9683
11142
10561
11130
11163
10374
11242
11480
10764
10760
10086
10992
10598
10436
10796
10913
10978
9676
10502
10719
10580
10307
9602
10328
11048
9976
10081
10714
9726
10537
10963
9594
10392
10082
10421
9464
8895
8588
9285
10245
10276
10399
9609
9487
9639
9684
9036
9183
9082
8871
9801
9496
8978
9021
9353
8900
8507
8918
8099
7958
8289
8482
9224
8942
8755
8327
8510
8263
8712
8561
8884
8893
8447
9251
8726
9074
9133
9039
8374
9800
9670
9122
8713
8010
8570
8733
9222
7983
8031
8126
8634
9593
10830
9855
10115
9456
9246
9291
9787
9811
9048
9159
9947
9358
10098
10623
9769
10156
10134
10090
9169
9441
10389
10269
9769
8964
9145
9712
9521
9697
9708
8687
9019
9229
9332
8737
8995
9992
9461
9185
9223
9677
9441
9912
9564
9667
9349
9115
8590
8682
8241
7913
7648
7904
8340
8662
7905
7753
8249
8050
8633
8042
9317
10841
10309
10400
10946
9545
10157
9695
9961
9287
9446
9786
9414
8846
8293
8683
9313
8708
8988
9367
9252
9247
10487
9633
12372
10172
10755
10020
9790
9772
8890
9398
9194
9263
8792
9819
10323
9607
9575
11319
10481
9445
9673
9870
10095
10314
10994
10559
10050
8785
8591
9316
9073
9856
9660
10210
8553
10580
9086
10242
10337
10566
9967
10192
9974
9667
8875
9492
8952
8321
9014
9095
9702
8804
9184
8469
9716
9842
9234
9774
10384
10347
9096
8105
8300
8609
8458
9370
8772
9133
8225
8214
8913
9623
8636
9908
8126
9185
9768
9430
8966
9031
9427
9660
10519
8983
10154
10472
9602
9069
7744
7701
9296
9388
8345
8179
8092
8910
10575
9711
10325
10080
10020
9528
9700
10090
10439
9197
8391
9513
10423
9579
9067
10380
10133
10138
10500
9933
8967
9447
10262
9702
11640
9867
8404
8551
9124
8757
9817
9797
10902
9860
10476
9327
9597
9085
9709
8966
8817
8468
7983
8113
8392
8788
8395
8143
9102
9004
9120
9144
8816
8375
8578
8786
9242
8518
9027
8177
8454
8306
8384
8394
8768
9377
8990
9560
9063
9922
9267
8812
8925
9459
8916
9092
8251
8482
8739
8209
8831
7875
7964
8423
8290
8305
8601
9132
9234
8104
7714
7963
8471
8871
8948
8267
9213
9209
8991
8989
9250
9178
9320
9373
9315
8795
8499
8626
8174
8107
8674
8675
9148
10439
10539
10293
10954
9432
8823
9545
9200
9234
8494
9033
9506
8963
10149
10336
11114
10551
11158
11011
10789
12314
11681
8621
8981
9351
9679
9861
9102
9001
9539
10386
11150
10413
10170
11629
11341
9607
9638
8788
8779
8610
9420
8537
8357
9235
9280
9270
8895
9021
8664
8921
9293
9716
8933
9327
8521
9215
10022
10541
9715
9851
8763
10351
9857
9919
10513
10799
9915
10625
11094
11369
10214
11008
10601
10537
9527
8966
8864
10253
9624
8728
9494
9444
8958
9333
8837
9044
9373
9006
9146
9295
10103
8529
8432
8489
8388
7773
8420
7788
7954
7867
8205
8409
8219
8208
8470
8027
8773
8688
9034
9059
9022
8540
8088
8190
8363
8172
9137
8701
8865
8616
9169
9297
9035
8317
9031
8154
8644
8614
9119
9268
9132
9626
10363
9918
9582
11634
10501
10863
10625
9047
9157
9522
9970
10772
9433
9248
9237
9932
10113
9829
9145
8930
8857
8467
8210
8479
8368
8563
9067
9378
8693
8643
8363
8631
9068
9101
8928
9212
9391
8780
8114
7828
8109
7943
8301
8337
8516
8625
9647
8941
8921
8378
8322
8315
8464
8808
8812
8913
8496
8899
9029
9831
10089
9417
10025
9879
9604
8759
8693
8498
9060
9909
10166
11059
12269
10751
10786
11431
12147
10951
9563
9370
9148
9300
9645
9233
8876
8611
8570
9000
9014
9509
9787
9593
8258
8023
8395
8279
7855
8025
8399
9515
9669
8741
9369
9061
8258
8527
8425
8267
8608
9151
9053
9377
9379
9283
8081
8397
8474
8284
7984
7930
8118
8745
8579
9020
8455
8793
9206
9428
8408
8461
8601
8956
8985
8431
9219
8691
8814
8821
8671
8401
8678
8219
8304
9031
8584
8239
8152
8780
9365
8591
8475
8563
8326
8033
8612
8409
8496
8739
9082
9073
8110
8788
8270
8321
7861
7957
8235
8860
8611
8421
8762
9344
8830
8361
8126
8063
8405
9441
8797
8204
8839
7883
8334
7642
7743
8255
8104
8889
9471
9188
8952
8255
9048
8505
9235
8667
9154
8731
8204
7977
9515
9251
9801
9042
8211
8365
9223
9330
8086
7618
8523
8300
8908
8100
8263
8685
8865
8676
8183
9061
9119
8343
8321
8358
8801
7936
8337
8760
9157
9493
9897
10134
9494
9394
9117
9784
12478
10858
10741
9481
10244
10461
9709
8941
9451
10317
9033
8259
8740
10473
9274
9520
8423
7852
7866
7996
8181
8412
8272
7930
7845
8171
8025
8356
9557
9675
9169
9080
9069
9275
9475
8713
8658
8984
8965
9452
8588
8425
8333
9176
9210
9134
9685
9505
9020
8446
8416
9248
9534
8783
8751
8502
9581
9411
8915
9228
8636
8858
9292
9799
8578
9675
9237
8942
8943
8858
9267
8691
8146
8046
8004
8999
8566
8383
8126
8750
8510
8487
9258
9276
8232
7868
8201
8827
8487
7666
8440
8400
8772
9038
8991
8884
9301
9086
8829
9376
8864
8612
8667
9002
7995
9218
9155
8868
8607
9301
8993
8720
8417
8466
10013
10228
10292
9709
9618
9187
10390
9522
10579
9851
9011
8762
9110
9068
8935
9991
11333
10165
9669
9108
9900
9680
9431
9498
9362
9887
8905
8289
8411
8951
8422
8917
9037
9964
9918
10349
10083
10170
10961
10423
10506
10947
11016
10765
10805
10045
9782
10553
10091
10263
9982
10032
9193
8601
9367
9688
9212
9624
9944
10051
9582
9254
9232
8566
9355
9491
8978
8588
9062
9328
9298
9291
9453
9620
10456
11278
10417
11174
10131
10195
10296
10406
9178
10221
10814
10478
10020
10966
10458
8959
9185
8928
8083
8285
8642
8899
9813
9234
8562
7939
8629
8698
8046
8615
7578
7818
7891
8242
8415
8220
8885
8582
8675
9343
8472
8844
8598
8579
8200
9033
8609
8361
8492
8891
8995
9668
9201
8928
8947
9479
9268
8376
8050
8021
8366
8604
8396
8721
8825
8510
7881
7700
8023
8528
9108
9361
9540
9533
9192
9001
9223
8364
8724
8393
8697
8794
8695
8688
8178
8247
8612
8445
8562
8835
9024
8353
8035
8369
8806
8960
8877
9107
8641
8935
9551
9273
8534
8176
8430
9275
9511
9056
9091
8567
9734
9654
9894
9189
8461
8998
9660
8799
10892
10678
10185
10374
9242
9357
9848
8957
10225
10409
12652
11634
9965
11184
10822
10725
9191
9017
8120
8050
8452
8556
8383
7978
8067
8536
8521
8645
8674
8320
9043
9308
9313
9314
9734
9170
9504
9344
9444
10562
9985
8984
9610
9291
8913
9954
9312
8926
9567
9525
9552
9266
10781
9422
10321
9472
8743
9832
8841
8601
9116
9883
10001
9619
10550
9864
9663
10416
9714
10171
11290
10403
9753
9121
8287
8293
7947
8020
8175
7979
7699
8430
8678
8482
8447
9050
8666
8876
8581
8794
8827
9045
9468
10870
10557
11444
9328
8748
8985
9659
9112
8946
8785
8413
8302
8759
8800
8429
8665
7838
9057
8688
8128
7907
8454
8745
8375
8875
8277
7956
8635
9985
10172
9703
10364
9705
9459
9686
9535
8613
8933
9481
9708
9869
8892
8554
9256
9928
10512
10627
10174
10156
9948
11719
10278
12050
11432
13244
9970
9186
8811
9052
10682
9682
9762
10955
10622
8870
7880
8940
8282
9224
8716
9514
10659
10722
10455
8751
9893
9840
10466
9675
9795
9246
9227
9389
8631
9363
9235
10260
9905
8770
9570
10252
10096
10222
8695
8628
8896
9217
9158
9356
9284
9363
8985
8396
9467
9126
8999
8992
8730
8889
9162
8994
9178
8928
9107
9003
8986
8286
7959
8454
8726
9234
8696
7800
8332
8686
8904
8607
8055
8311
9097
8702
8769
9303
9405
9717
9546
9544
9153
9153
9610
9411
9147
8784
8552
8729
8602
8565
8544
8039
8154
7672
8050
7755
8267
8847
8934
9091
8830
9080
8713
9181
9951
9812
9997
9208
9701
9568
8834
9919
9058
9861
10796
9766
10548
9363
9148
10143
10802
9593
12080
12366
9623
9256
8590
8760
9344
9546
8716
7886
7782
8233
8429
8730
8531
8816
9429
9460
9343
9263
8578
8984
8970
8283
8743
8339
8463
9167
8228
7814
8155
8294
9113
10605
10533
10022
9754
10325
9756
8800
8810
8607
8204
9357
8956
9025
8990
8494
9452
9255
9057
10069
8894
9623
10317
10018
9744
9725
10727
10938
10176
10026
9055
10312
10679
9193
9346
9118
8047
8223
8910
9358
9569
9997
9172
10026
8347
9017
9644
11096
10489
9116
9692
9223
8977
9747
9459
10766
9451
10158
9730
10017
11113
11415
11414
11116
11206
10805
11955
11926
12537
11278
9660
10786
9441
10112
10400
9765
9289
8426
9239
10258
10368
10064
9809
9660
9238
8893
9299
9002
9384
9526
9441
9316
8804
8949
9839
10021
9287
9550
9366
8933
9715
9245
10398
10498
9717
10593
8706
8832
8997
8143
7733
7786
8314
8506
9204
9007
8557
9175
9220
8904
8607
8190
8152
8475
9498
10712
11401
11153
8874
9402
9295
10527
9113
10278
11200
10364
10012
8570
8924
9217
9481
9288
9840
9199
8809
9254
9195
8833
9426
9573
9589
9637
9896
10765
8817
9486
10690
9751
10117
10414
9988
8870
9003
8600
8875
9440
9911
9406
9933
10031
9668
9154
9519
9770
9710
10627
9938
10009
10802
10820
10157
10620
10462
10677
11469
13631
12266
10984
9562
8952
9672
9834
9235
10330
10162
9670
9227
10081
8365
10400
9527
10463
9837
8894
8562
8565
8182
8431
8388
9223
8859
8594
8885
8510
9223
9735
9934
9868
10081
8525
8135
8215
8392
8540
8631
9394
11064
10979
9712
10035
8674
8891
10120
9211
9581
10030
11248
10732
10226
11569
11133
10904
11320
11767
11456
10838
10385
10206
10511
10497
9359
9832
9233
8549
8308
8922
8813
8225
9414
8051
8533
8441
8594
9398
9641
9187
8988
8373
8439
8553
8391
8998
9632
8338
8238
8861
8834
9093
8746
9295
9491
10373
10295
9492
9521
9609
11240
10197
11213
10821
9708
9979
9542
10094
10810
9307
9583
9154
10483
10753
9713
10185
10014
10967
11216
10032
10439
10768
10284
9416
8798
9110
9568
9925
9220
8739
8774
8469
8315
9115
8762
8439
8377
8351
8800
8994
9279
8665
8815
9115
9742
9521
8477
8220
8376
8911
8876
8771
8517
8997
8926
9772
10109
9955
9636
11202
10432
10599
8714
10084
10308
9793
8663
8076
8534
8479
8960
8909
9259
8995
8793
9401
9062
9257
8548
8760
8520
7937
8307
8857
8999
8414
8112
8699
8176
8258
8851
7942
8046
8117
7682
8158
8568
8657
8371
8811
9248
9500
8883
9097
9102
9141
8644
8389
9423
9281
9260
9875
9758
9702
9852
10232
10306
10657
9491
10884
10702
9993
9643
10731
9533
10323
9968
10165
10366
11271
11183
10048
10113
10703
10812
11967
9493
9196
9855
9121
9913
9677
9895
10345
9433
10035
9783
10049
9218
9239
9049
8668
8945
9057
8188
9029
9332
9190
8899
9351
9381
9333
9614
9211
8769
9352
9150
9611
9395
9754
8277
8113
7678
8085
8549
8460
8571
8037
7790
8074
8254
8262
7896
8122
7613
7798
8116
8068
8703
8640
8382
8657
8639
8962
8610
9067
8318
7731
7754
7999
7843
7829
7865
7944
8371
8314
8696
8218
8973
8948
9228
9229
9792
10012
9949
9881
8590
9405
8660
8324
8885
9528
8727
9277
11071
12211
8814
9558
9382
10633
10668
9153
8692
8415
8026
8301
8298
8743
8961
9231
9269
8653
8797
8942
8713
8763
8281
8142
7790
7848
8693
8716
7975
8332
8070
8953
9413
9128
8880
9156
9389
9775
9030
8708
9359
8829
9872
9365
8505
8937
10033
9474
9117
9587
10481
10312
9538
10228
9727
9935
9973
10331
10367
10343
9308
8992
8532
8958
8119
8848
8967
8780
9652
9329
9897
9757
10113
10704
10559
10388
10719
10059
10364
11199
11612
10643
10812
11570
12670
12611
10085
10484
9770
9961
9525
9571
10399
9700
9483
9280
8778
8689
8547
9203
9364
9916
9897
10154
9472
9096
9894
9355
8778
9208
8667
8715
9467
9336
9287
8691
8612
8614
9465
9624
9387
8956
9516
9629
10161
9544
10040
10338
10107
10198
10199
10563
9865
9538
9834
10966
10904
9660
9160
10634
10560
9996
9949
9745
10049
8976
10105
10771
10364
10341
10094
10113
9413
9094
9003
9256
9743
10081
9978
10674
13251
12541
10990
11280
11363
10185
9889
10343
10032
10867
11210
9874
9757
10358
11210
10146
9648
10173
10260
10037
9998
10060
9805
10193
9735
10804
10648
11217
10858
10655
10007
10339
10693
9777
9038
9332
9936
10356
10368
11083
10063
9029
8645
8518
8803
8348
8713
9652
10338
11138
10720
9676
10714
9505
9504
9662
9408
9918
8772
9726
10438
10178
9285
11053
10068
10660
11320
12194
11312
11277
12575
11046
10628
10662
10836
10507
10458
10967
10566
10354
10003
10153
9965
9153
9679
10125
10305
11276
11104
10323
10360
10168
9354
10105
9682
10662
9722
10569
10374
10498
10302
10443
10545
10985
9879
10135
9894
10347
11273
9616
8666
8496
9510
9648
9782
9028
9639
9054
9597
10092
9684
9966
9422
9889
8616
8739
8655
10423
10759
11731
10962
11183
11345
12215
12518
2682
8838
9283
8634
9146
9232
9777
10181
9659
10245
9585
9751
10666
9490
9587
9347
9655
9433
8962
9160
8706
8256
7951
8525
8908
8362
8102
9180
9591
10095
9892
8431
8565
8310
8933
8487
8343
9728
10100
10145
10113
9928
9307
8906
8945
9211
9775
10113
9548
8304
9007
9828
9281
8354
7851
7886
8292
8401
8642
9087
8080
8784
9223
9837
10639
11294
10391
10272
10336
10280
9774
9289
8869
9171
9137
9403
9071
9307
8867
8861
9130
9458
10074
10209
10435
9751
9638
9938
10955
10547
10423
10627
11222
10601
9882
10669
11067
10820
9384
10191
10022
9751
10725
10181
10814
10372
11276
10413
10833
10673
9895
9728
9621
9236
9179
11314
11076
11015
10714
12557
13030
12097
12281
12137
11837
10908
10525
11499
11615
10544
11048
10891
10622
11425
11565
12174
11572
9733
9970
10682
10648
9848
10646
10628
10603
10456
11428
10390
10981
11935
11819
11801
11404
11384
10864
11981
12028
12305
10295
10635
11880
11961
10755
10499
10909
9907
11103
11182
10865
11768
11479
10841
10511
10683
9262
10557
10695
10599
10473
10216
9880
10660
10210
11433
11357
11556
10119
10418
11105
11222
11421
11433
11565
12138
11321
12246
8961
8728
8704
8932
8307
8246
8054
8156
7938
8338
8395
8824
8408
9395
8625
9096
10229
9693
10281
9903
10006
10084
10166
10151
10169
12516
12386
10140
8679
8798
9685
9191
10357
9131
9506
9487
9194
8893
9567
9946
9511
9511
8896
8667
8628
9059
9407
9275
8534
8262
8466
8652
9023
8359
8016
8207
8477
8608
8890
9242
10446
10042
9010
8969
9343
8986
9373
9419
10080
10607
9534
9712
9766
10069
9271
9604
9383
9684
9013
8830
10472
9334
9623
9830
9317
9134
9246
9616
9009
8648
8900
8424
8401
8580
8956
8543
8028
8073
8847
8289
8136
8564
8129
8513
8118
8178
8683
8980
8380
8586
9465
9740
9661
9742
9031
9009
9141
9422
9220
8977
9154
8975
8720
8797
9641
9297
8421
8808
8848
8449
7987
8260
9001
9533
9461
8968
8986
9007
9897
9530
9191
8534
8630
9176
8905
8899
8881
8429
8835
8385
9306
10045
9488
11393
9137
