21528
18767
19421
15976
18737
18785
18940
18689
16923
18730
18915
16663
17991
16340
19293
17102
17967
17752
17709
18432
17084
17265
17699
17312
15913
15069
17577
17877
16380
16757
17685
15464
17316
18256
15856
16743
15697
16158
13729
13684
13444
15071
17157
16775
17651
14068
13922
14173
15058
13597
14415
15861
13531
15834
15763
14126
14283
14521
13345
12748
13366
12075
12066
12228
12439
14063
13482
13941
12692
12540
12137
14127
12534
12952
13457
12339
14520
12934
13760
14796
14406
13846
15153
15327
13726
13121
12348
13089
13878
14074
12358
12214
12217
12433
15098
17865
14845
15325
15394
14454
14337
15793
15485
14290
13466
14978
15875
16839
15640
15846
17343
16674
15366
13634
13919
15626
15785
16189
13363
14298
15425
14412
15877
15298
12692
13344
14529
13981
12879
15140
15993
14577
13560
15183
15343
15512
17068
14615
15758
14571
14526
13169
12744
12390
12522
12000
12035
12312
14233
12189
11831
12378
11794
13245
12339
15098
17928
16705
17148
17599
15238
15773
14406
15815
14581
15413
16061
14289
14128
12000
12632
14361
12943
14597
14254
13866
14084
17098
15689
19971
16538
17494
15844
15006
15863
13520
15575
13763
14754
13441
15531
17200
13844
15446
19787
17124
15125
15189
16113
15398
16769
19794
17996
15814
13064
12821
14326
13020
15245
14224
14941
13035
15666
14503
16880
17409
17289
16423
17382
15709
14484
15212
16050
14244
12363
13595
14182
14752
14084
13969
11790
15479
16039
14838
14926
16613
17264
15345
12000
12210
12319
11932
15683
13806
14481
12235
12911
13549
14308
14740
15935
12825
14194
16678
15146
13346
13649
14815
16051
17888
13127
15614
17128
15111
13357
12074
11766
13699
14802
12472
12328
12188
13085
17880
16040
15925
16657
15436
15564
15085
16108
17601
14466
12949
15420
16948
15307
13966
18014
16528
15881
16872
15919
13864
13983
16096
15481
20812
16765
13988
12929
14811
13892
15193
16444
18938
16216
17747
14508
15437
15027
15729
13727
13597
12777
11703
11902
12698
13589
12398
12019
14564
12835
13648
15142
13877
12911
13378
12970
14922
13874
13394
12309
12777
12036
13027
12363
13234
14526
13732
14867
14892
16334
14457
13694
13598
14446
14268
13536
12288
12910
13157
12278
13019
12002
11858
13009
12340
12555
12535
14036
15000
12222
12246
11680
12642
13072
14908
12971
13129
14622
14340
15357
15964
15030
15121
15102
14759
13827
12755
13144
11579
11514
13233
12639
14600
17318
14649
16880
18366
14325
13734
14908
14571
14952
13488
14043
15603
13671
15815
18102
18684
17185
19894
18694
18606
20204
22026
12754
14380
13524
14991
16332
13308
13963
14442
16332
18575
17146
16984
19813
18604
14997
15079
13205
13640
13125
14464
12943
12112
15168
13865
14024
13608
13911
13573
13211
13166
16474
14751
14576
12913
13199
16204
17165
15535
15055
13140
17409
15512
15942
17572
16370
16460
17266
18624
19043
16463
17876
18125
17611
14398
13533
15023
17253
15014
12386
15165
14701
14460
13864
13031
13617
13963
15121
13932
14045
15444
12945
13063
13476
12138
12254
12747
11729
12171
12640
12514
12067
13086
12550
12687
12028
13049
13014
13379
13718
14183
12920
12260
11984
12179
12207
13939
12620
13750
12625
14206
13823
14204
12360
14018
12552
12436
12475
14142
13516
13779
15060
16164
15889
15612
19840
17535
18949
17411
14404
13714
14436
15421
17463
13631
15327
13491
16198
16417
15272
14955
14382
13556
12838
11848
12341
13080
12606
13964
15045
13101
13935
13101
12772
14169
14327
13224
15048
14417
13829
12068
12189
12092
12366
12042
12125
13061
13374
15197
14418
14366
13409
13259
12643
12538
14437
12610
14977
13304
14340
14003
16213
17603
16146
16133
14874
15466
13532
13064
13141
13314
15327
19441
19624
23204
17278
17287
19444
22178
16647
14522
14088
13769
14300
14356
14228
13978
12656
13554
13768
12862
14271
16455
15251
12672
12112
12907
12198
11885
12037
12255
14622
16035
15220
14945
14268
12595
12193
12543
12170
13687
14438
13788
14692
15935
14758
11897
11985
13522
12602
12201
12113
11849
13037
13194
14139
12466
12995
15083
15098
12380
12975
12613
14076
15069
12548
13991
13792
14203
14109
13114
13335
12742
12924
12539
14918
12972
12669
11571
13885
13727
13158
12812
12798
13167
11796
13124
12510
12761
14402
14290
14560
12277
14290
12919
12838
12194
11929
12241
13429
13284
12523
13128
14499
14352
12643
12747
11783
12912
15379
13557
12069
12908
11576
12437
12076
12029
12022
12350
13277
15160
14143
13361
12285
13870
12755
14202
13377
14818
13692
12014
12615
15422
14235
16723
13740
12627
12580
14116
15261
12405
11983
12697
13132
14451
12161
12285
13653
13929
13443
12310
13106
14417
12868
12251
12870
13504
12402
12413
13911
14229
15243
17105
16205
15447
15739
14582
15480
22849
18690
18358
15351
16766
17240
15844
14410
13915
16853
13985
13139
12586
17576
15164
14714
12951
12204
12400
12560
13107
12652
12636
12777
12292
12141
12240
11949
15430
15703
13973
13668
13741
15112
14848
13080
13015
12928
13315
14756
12926
13073
12526
13283
13517
13418
15296
15602
13483
12898
12243
14942
15075
13209
12485
12226
15554
15461
13488
14967
13751
14795
15037
15034
13260
15671
15221
13492
14272
14308
14613
13567
12495
12479
12278
13187
12355
13315
12672
14012
12290
12277
14531
14692
13690
12436
12153
13511
12572
11914
11947
12321
13612
13724
13094
12812
14200
14134
12661
14203
14076
12586
13728
13816
12422
13493
14536
13778
12846
15292
13339
13352
12765
12919
14517
16437
16242
16792
13872
14719
16960
15441
17607
15906
14244
12937
14229
13844
13200
15081
18747
15975
15654
13141
15281
16314
14564
15700
14109
16012
13319
13122
12352
13535
13137
13475
14810
15957
15597
16639
16094
16541
18408
17527
16980
19731
19369
17299
18494
15896
15787
17595
15934
17244
15457
17443
14497
13089
15785
15481
14697
15556
15723
16703
15089
14904
15634
12982
15567
16374
14409
12398
14316
14840
14685
14224
14666
15141
16512
17682
15630
18743
16955
17058
17456
17892
14641
15892
16219
16334
16976
19451
16839
14111
14112
13869
12424
12689
12970
13087
15118
15059
13142
11697
11997
14719
12564
13625
11524
11898
12015
12362
12943
11986
14368
13689
13403
15708
12219
14335
13132
12985
11732
13853
13288
12249
12722
13397
13176
14531
13387
14721
13385
15268
14694
12863
11742
12290
12316
13124
12944
12771
13784
12547
12101
11902
11424
13158
14143
15347
15589
15355
14557
14870
14680
12596
13541
12463
13236
12945
13314
13736
12768
12241
13207
12729
13520
13535
14015
12331
11362
12890
13761
13633
13617
14516
13412
13634
14478
15204
13608
11958
12582
14148
15579
13531
13312
13270
15742
15499
16845
14103
13213
13409
16358
13302
17814
16853
17333
16081
14341
14580
16060
13367
16811
17308
22251
19794
17549
18439
18897
18419
14289
13929
12488
11402
12570
12596
12786
12090
12124
13181
12321
14267
13107
13007
14576
13928
15206
14638
14703
15030
14765
15393
15009
16851
15742
13957
15828
14220
13935
16633
14060
13540
14938
15865
14509
13751
18466
14377
16007
15453
13666
16072
13993
13621
13585
16525
17041
16954
18330
16696
16976
17583
15887
16925
20053
18226
16250
15224
12696
12989
11746
11745
12587
12198
11721
11926
13564
13206
12091
14619
13221
13822
12410
13283
13881
14084
15531
18661
17945
19399
15315
13068
14096
16183
14022
13837
13420
12422
11598
12579
13970
12655
13330
11966
14584
13123
12672
12054
12762
12996
12359
13137
12720
12484
11934
16039
16882
16413
17758
14412
15153
15087
15342
13216
13031
15427
16542
15795
13685
13459
14210
16611
16845
17538
16715
17767
16814
21637
16300
22448
18837
23834
16894
14783
13797
14483
17613
15237
15651
17336
17967
13990
11685
13785
12111
14417
13334
14293
16871
18771
16652
13052
15694
15916
16148
15694
15281
15728
14560
15439
13145
14531
13529
16134
17309
13970
14459
15620
17188
17834
13463
13503
13295
14502
13823
15814
14711
14933
13547
12799
15173
13962
13440
13901
12567
13762
14676
14589
14162
13380
13769
14226
14281
12703
12090
12372
12871
15211
13496
12305
12388
13086
13954
12426
12202
12105
13341
13266
12898
14007
14737
15547
15049
15276
14269
14816
15338
14727
14241
13840
13320
13632
13063
12894
12524
12777
12080
11544
12052
11649
11950
13110
13421
14104
13694
14787
13559
14164
16380
15393
16954
14498
15739
14925
12910
15754
13398
16101
17648
15036
16345
14354
13977
16270
16902
14884
21071
20767
14963
14115
12679
13228
15319
15118
12948
12066
11939
12656
12646
12830
12713
13927
14460
15185
14071
15259
13422
13168
13685
12009
13561
11915
12063
14161
11938
12039
12155
12326
13222
16874
16643
16771
16375
16606
16056
13554
14008
13801
12202
13935
14071
14472
14503
12755
14831
13634
15041
15762
14291
15352
17090
18676
15938
15855
18060
18412
17031
16347
15173
16289
16933
13425
14836
13655
11994
12344
13305
15284
14386
16553
13143
16612
13144
14406
16018
17954
16774
14178
15050
14121
13630
14221
14326
17836
14774
16829
15787
17276
18647
18831
20531
19939
18311
18059
20439
19864
22495
20065
15645
18156
14632
15990
17256
15735
15417
12853
14244
16512
18578
16643
15263
15496
14392
13940
14290
13687
14773
15418
15019
14427
14188
14080
16161
16196
14713
14787
15008
13966
17045
15552
17860
17209
15126
16090
13382
13878
13525
12513
11841
12204
12165
11867
14670
13334
12946
13462
14199
14279
13061
12501
11587
12780
16832
17959
19280
18739
15223
15885
15842
17920
14095
16614
18949
16910
16148
13707
14289
13763
15293
14193
16662
14765
12985
14300
13438
13641
15706
15353
15112
14790
15555
17873
13484
14870
17460
15716
17467
17205
16584
13339
13449
13065
12777
14155
16314
13811
16468
15544
15065
13830
14550
15918
15051
18241
15542
15767
17177
17900
16028
17866
17666
18089
19557
27593
21074
17906
14942
13558
14573
14993
15620
15330
17041
14912
13812
14978
11478
16545
15413
16784
16067
13944
12969
13029
12963
13172
12842
13324
13130
12655
12628
12697
14328
15672
16436
15122
16502
13051
12046
12420
12476
12693
12645
14785
18801
16649
15386
17270
13264
13352
16603
14209
14834
15189
18660
16836
17334
19693
19262
18637
19304
21460
19984
18168
15787
15721
17137
17103
14316
15547
14286
12620
12296
13223
13648
11712
15387
12556
12839
12558
12444
15054
14786
14321
13531
12469
12974
12884
13289
13467
14817
12971
12387
12676
13903
15208
13424
14211
14583
16498
16019
15551
15395
14679
17859
16322
18843
18232
15714
16407
14257
15863
18638
14204
14113
14490
17236
17368
15991
15704
17490
18532
18847
15935
15979
17127
16348
14861
13363
13987
15403
15770
14033
12862
13951
12915
12004
15166
13171
12813
12802
12527
13593
13636
15082
14013
13228
13457
15641
16100
13777
11742
13001
13532
13498
13467
12676
14134
13710
14601
16676
17496
16479
18525
16614
16661
13776
16430
16649
16039
13366
12352
12722
12643
13625
14501
15358
14289
13671
13962
15485
14362
12358
14212
12423
11982
11752
12663
14550
12726
12827
13320
12654
11992
14438
12649
12077
12127
11709
12069
12674
13221
12110
13360
13638
14767
14921
14811
14576
13592
13581
13354
15108
14644
13472
16467
15837
15129
15902
16649
17553
18637
16936
18732
16937
16338
14949
17638
15980
16581
16540
17386
18249
19513
19803
16986
17237
17759
17674
19984
16012
15432
16620
14406
16881
15644
16553
16321
15622
16496
15638
16805
14616
15086
14118
13336
13419
14012
12218
13444
13925
14412
14509
14677
13812
14848
15061
14699
13359
13943
15185
14742
15092
15943
12560
12288
11719
12524
12742
12309
13920
12246
11814
12586
12548
12221
12026
12171
11881
11711
12110
11685
14116
13245
12221
14351
12487
13795
12721
14009
12955
11940
12025
12343
12396
12081
12545
12348
12571
12306
13584
12672
14203
14525
14702
14682
15599
16020
17193
15754
13256
14691
13643
13186
13388
14385
13125
15178
18827
21956
13774
15265
14127
16241
16628
14392
12608
12573
12020
12668
12474
14056
14796
13893
15746
14070
13503
13696
13488
13569
12023
12710
11602
11526
13594
13532
11646
12588
11679
14745
15110
13907
14485
13440
15468
15809
14453
13618
15101
13006
15902
15197
11851
16047
17151
14175
13988
15361
16245
16861
15484
15917
16289
17000
16894
17489
16900
17835
15051
12941
12531
14200
12687
12897
13693
12972
13702
14503
16127
15882
16958
17465
17488
16805
17722
15625
15312
19667
18635
18303
19299
21796
21497
20965
15727
17950
15863
16590
15935
16375
17684
15698
14558
14413
13161
13197
12898
13908
13700
16216
17047
16626
14505
14979
15988
14316
13369
13394
13101
13375
14676
14274
14555
13020
12466
13026
16295
14143
15883
13889
14145
14978
16153
15317
16804
17127
16639
17168
17164
16467
15743
14924
15559
18039
18066
14792
15121
17306
17605
16752
16099
15488
16840
13413
14310
16773
17499
17253
16642
16924
14878
14010
13873
14419
14252
17667
15927
17334
22969
21162
18073
19145
19746
17772
17054
17402
16837
18551
19433
15881
16925
17646
20088
15788
15151
17723
16024
17247
17141
17141
16693
17181
15608
17787
18394
19842
18615
18166
16275
16522
18872
15675
13408
15498
16100
15619
16496
19104
17109
14128
13253
12822
13815
13129
13520
14377
16018
18628
18756
17608
18142
14742
14551
15360
15137
16517
14458
14999
17329
16387
13915
20188
16929
16897
19806
22082
19420
20154
21982
18371
18900
16343
18205
17789
15906
17980
17335
17445
16258
15691
15828
14384
15220
15720
16977
19228
18693
17382
15991
17048
14939
17303
16873
15520
16859
17935
17467
18245
16351
17633
17425
18773
16098
17156
15796
17273
19176
16067
13078
12336
14774
14592
15491
15912
15910
14629
16371
15967
15532
17176
16358
16683
14052
13723
13335
15581
17808
19378
19155
18876
19363
22414
23027
4807
13294
15517
13107
13629
14226
16301
16670
16344
16586
15796
16731
18731
16293
16434
14885
16119
14916
13547
15186
12900
12930
12246
12400
13997
12973
12278
14006
15403
16655
15796
13110
12968
12395
13514
12702
12705
14972
16353
16298
15580
15913
14468
12889
13616
14729
16470
16935
15101
13027
13045
16743
14569
12948
12713
12316
12566
13036
12864
14865
12787
13333
13991
15867
18556
18704
16580
16678
17356
16751
16215
15404
12983
14064
14839
14718
13740
13745
13542
14600
14525
14511
15875
17284
17160
15361
16082
15525
17755
17623
17072
18064
19045
17779
16117
18109
18799
18135
14290
15548
15505
14418
18323
16692
17473
16804
18371
17231
18702
18577
16571
15763
15905
14755
13669
17572
18266
18501
18202
23214
21837
21428
21740
21127
20887
19553
17643
20202
19454
17569
19462
19455
17903
19773
19561
20576
19569
15823
15973
18902
17093
15243
18634
18527
18224
18414
19626
17180
19822
18322
19036
19560
18929
19586
18511
18439
20057
18566
16635
17273
19406
18874
18757
18065
18766
16174
18624
19481
17792
18745
19250
19667
17217
17766
14092
17537
17486
18019
18271
16328
15526
16947
16449
18544
19402
20069
17454
18138
18546
19968
19412
19922
19879
22667
19090
20914
13620
13049
13991
13546
12325
12675
12892
12669
12272
12871
12432
13468
12597
14478
13177
13959
17157
15541
17294
15326
16684
16554
16270
15728
16408
23247
22707
17350
14753
14353
14635
14140
18000
14092
14543
14901
13566
14160
14977
16274
15523
15005
14290
13468
13727
13738
16081
14592
12607
13246
13423
13646
14311
13199
11877
12868
13001
13436
13472
15010
16320
16355
15295
13958
14004
14929
14675
14934
17232
17646
14459
15865
15772
14861
13864
13994
14471
14452
13365
13690
16588
14715
16823
15053
13753
14032
14241
14351
14423
13246
12936
13296
13026
12695
13506
13539
12940
12494
13158
12546
12761
13434
12393
13177
12203
12087
14097
13190
12876
12445
15658
14443
15317
15493
13878
14359
14462
14278
14410
14045
13888
14132
12324
14329
16533
15299
12557
12969
14609
13084
12211
12164
14121
15369
13937
13537
14339
14469
15871
15536
15292
13074
12951
15020
14408
14199
13508
13402
13962
12977
15175
16093
14121
19229
13770
