9144
10961
13776
12426
12062
13533
11617
14263
15415
13145
12184
11293
12899
11821
12224
12259
13384
13110
12210
11986
13148
12224
12247
13065
12360
13672
13231
11530
13903
13673
12982
13019
13306
13151
12153
14108
13871
12833
14163
13628
13634
14681
13298
11392
13534
14804
14127
13697
14697
15380
15410
14813
14616
15719
15750
16566
15571
14865
16495
15503
16057
15392
15520
15120
14697
15895
15122
15418
15538
15903
15198
16854
15521
15577
14159
14357
16222
14549
15694
15965
14607
14697
14979
15475
16196
15868
14975
15448
16010
16500
15583
15764
15360
15303
13625
13618
14885
13859
14168
14511
14880
15043
14262
15029
14498
14420
13471
13733
15153
11985
12695
12012
14011
15290
13511
13312
13979
15938
15824
15035
14099
15375
15463
15505
14254
15841
15275
16579
13955
18076
13821
15605
13205
16439
16145
15164
14387
14142
15395
15222
17042
16436
16358
16351
16231
15627
15409
15086
17353
15498
15514
15869
14399
16836
13868
13847
12324
13441
13235
12497
15115
13654
13247
16280
13245
13932
16511
14837
16482
14310
14595
15743
14983
14772
15756
13636
15393
12233
13909
12045
13537
14571
14634
14441
13956
15613
15517
14479
14246
13902
14788
14619
13129
14344
12959
12576
15594
14352
15359
12419
13801
12957
13867
15004
15619
14657
12995
14880
16491
14379
12442
14896
12618
14845
12355
12790
13361
15104
14724
14000
12995
16011
16486
16058
15931
14728
14784
14329
14295
16121
14970
14215
13227
15367
13235
15513
13404
15843
14784
15889
15569
13996
15632
13921
17130
15457
15781
15321
13313
13642
15768
15419
14491
14438
16051
15148
14577
13663
13426
14045
13156
14191
13466
14875
16632
14569
14837
15911
16390
15705
15907
15131
14666
13603
13903
13218
13039
14353
14025
13619
13571
15728
15954
15402
14411
14297
15484
14892
15812
14648
13518
14853
15139
17464
14509
13970
15354
12313
13903
15467
15089
15874
15185
12449
12993
14187
12977
13454
13987
14974
14821
16455
15782
16158
15800
14400
15019
14805
16064
15912
14353
16059
14515
14209
16659
17166
16835
15725
14421
14953
14722
15226
15433
15458
14755
15487
15937
15464
15271
15170
15040
14945
16260
14626
14332
14668
15566
15101
15933
14276
16304
15916
14603
16683
16340
15892
15633
15268
15978
15816
15509
15931
15768
15514
15844
14778
14474
15647
15184
14776
14319
13644
15409
15477
16937
14671
15754
14092
16138
15227
16681
14512
14770
16788
15474
14377
14517
12814
12739
13539
15585
14205
15056
14628
14582
15166
14608
15801
15721
14957
14045
13905
13504
15087
13936
13988
10261
12024
15525
16457
14499
14869
16925
16138
15708
13169
13061
12905
14019
14138
11243
14329
13955
14798
14741
15994
15445
16983
15536
14444
16105
16053
16488
14141
16598
16765
15333
14211
14762
14584
16456
15553
14279
15694
13941
14794
14990
13254
14062
13745
14686
14630
12782
12178
11490
11303
13607
14893
10741
14193
16227
13776
13821
13864
14844
15422
13905
16183
15599
15423
13699
13284
15117
15742
15202
16572
13105
12880
15116
16415
16697
14703
14912
16315
15580
15140
16308
15978
15616
16016
15894
16409
15594
16144
15182
15564
16091
15570
16127
15707
14773
15335
13773
15899
14559
16247
15495
15649
15144
15043
14875
15616
13941
15281
13701
13751
16418
14863
14172
12937
13473
12483
12997
12392
12307
12935
16737
14591
16740
13356
14703
13883
15044
14696
14215
14897
14385
14600
15820
15181
16438
15449
15685
15708
14859
15280
15583
16309
15682
15077
15429
14809
15554
15485
17254
14849
16468
16158
15243
16104
15937
15516
14359
16009
14182
15738
15076
16366
16898
16571
15995
13665
15366
14352
15674
15824
16292
15029
13244
14291
14204
14360
14492
16861
15304
15838
15243
14668
13888
11762
12660
12481
13394
13994
12108
11776
15346
15300
14756
14842
14519
13901
14074
15755
15483
15423
15348
15147
13467
14464
16067
15572
15788
16124
15340
15472
15363
15055
15359
14844
13850
15083
15018
15655
15532
16198
15075
14429
14402
14424
14455
14641
16389
15308
15835
16968
15816
16179
15451
15199
16160
14931
16614
14454
15502
15056
17043
15754
16040
13878
13453
14995
14013
17115
15241
15075
14407
15308
17250
16733
16610
15897
17757
15547
15903
14924
15113
16277
16057
15644
14109
16080
15194
16665
15922
14588
14704
15469
15871
15281
14968
15490
16112
15901
15649
15475
15441
15755
14816
15081
17636
16752
15969
16025
15034
14560
16320
16680
15769
15713
15101
16256
15126
15970
15263
15372
14233
14685
14541
16119
13849
16349
14841
15619
14936
15631
15394
14410
13600
14869
14571
16328
15317
14977
16149
15708
17630
16034
15470
15146
13776
16680
15488
15337
14463
14663
16258
15640
16108
16328
15825
15055
15224
15726
15115
15367
16494
15928
15132
15520
13230
15055
14764
14841
15255
10822
13614
13692
14642
15019
13773
15828
15043
13388
13996
14273
15303
13726
15734
15671
13233
15620
14611
15039
14804
15915
15966
15993
15492
15488
15695
15485
15548
14575
15004
14498
14685
15393
15892
14982
15210
14868
15814
15761
15931
16258
15906
15782
16066
14217
14173
14710
16257
15815
14389
14275
16441
15827
16207
14992
15183
17070
16733
14591
14227
15420
15660
16215
15067
14584
16021
14793
14497
14642
15041
16113
16248
15154
15921
15456
17187
15058
15777
14977
16239
14798
14424
16093
17298
15095
15383
15157
16845
15761
15177
14499
13967
16334
16759
16007
14075
15159
16708
13863
16630
16421
15210
15864
17721
15780
16289
16717
15147
14582
15817
15987
16711
15646
13958
13208
13050
12107
14854
13366
12524
13118
14616
13638
16115
15829
15516
14195
14791
16013
13192
12391
13675
16276
14932
13648
15477
13804
14995
14352
13513
14741
16169
14708
16646
16135
17003
16080
14870
13391
14130
15667
12337
13930
13792
12610
11704
13020
12050
12976
13013
14011
13700
15392
15778
14032
15055
16047
14700
14683
14689
15011
14343
13590
15316
14019
14060
15886
14092
16067
15820
16703
14841
13863
15732
14416
14258
14693
13741
12864
12448
13958
11612
12472
12947
13208
14404
14659
13379
13112
11681
13416
12178
13933
14136
14792
15695
15631
15005
15316
15210
14633
15408
16448
15409
14100
17301
15401
16163
14538
15409
15569
16272
16354
14872
16515
16780
15715
16369
15154
16231
16260
16106
14263
16338
16725
14322
14714
15935
15089
17258
15625
15145
13657
13875
16373
15936
15328
15631
15449
15750
16641
13689
15676
16366
16378
15486
14255
14004
14646
13746
14799
15467
14489
14319
15206
14822
15229
15711
15234
15317
14892
14329
16330
14318
16212
15211
16434
15264
17188
14967
14357
15654
15304
14788
15760
14600
14416
14635
14453
15252
16245
15774
15195
15066
17046
15666
16248
15646
15798
14788
15352
15131
15903
13844
16359
13810
15254
14594
15021
15515
13482
15660
15549
14368
13183
13740
8903
9927
15752
12920
11651
12519
16567
16418
16272
13947
16410
15360
16212
15045
14985
14935
15127
17481
16659
14594
16257
13591
15575
14957
14753
14231
14734
14976
14202
15265
14938
12998
16977
14827
14071
15015
14602
13898
15425
17471
15270
14087
11697
15177
12023
16213
15202
14489
15601
15620
15614
13325
13842
14283
14865
13470
17226
14803
12894
12399
11476
11435
14257
15930
14965
16213
15200
14977
15598
15672
15412
14562
16252
16522
15746
16839
15492
15550
15441
16515
15128
15871
13021
12850
12764
12640
13119
14666
14568
13736
14825
14576
16289
15851
14348
13848
16264
15995
17358
14747
15593
15542
16395
15493
15660
15709
14955
15959
15155
15583
13707
14612
13726
13807
14235
13123
17173
14405
15545
15786
12959
14307
13997
15434
15628
16681
15562
13840
12765
12142
13246
14700
14730
13383
13402
11941
11622
14618
14784
14561
14666
15159
14641
13789
15129
13003
13927
16239
14436
16406
15124
15533
13464
13674
14036
13065
14748
14560
15316
14942
13414
15082
13191
14978
16878
14739
15454
15982
14912
12420
15081
16339
13989
12817
14481
15851
15751
16747
14252
14911
14146
15697
15654
15432
14909
15257
15109
15338
15726
16252
14567
14248
14622
15610
16004
15579
15141
13642
15911
15936
15998
15849
14124
14111
15190
15983
16139
16670
16011
16262
15370
14003
15889
15670
15672
14553
14836
16046
15896
14628
13644
13703
13838
12978
17122
15737
16382
15788
15471
15069
15745
16118
16002
14788
15908
15249
14770
14259
14282
14632
14491
15854
15463
14279
14836
14076
15517
15214
14182
15014
14156
13878
15241
13892
13218
13501
15887
15739
15270
12616
12524
11309
8820
9614
15895
14758
14506
15059
15245
16393
15280
14924
15019
16485
15862
15176
13635
15607
13745
18349
15891
14769
15327
15460
16717
14200
17437
15520
14187
15167
14514
14983
15965
15403
13980
13129
14143
13423
14557
13571
15840
14393
14082
15793
15447
15439
14054
15746
15940
15441
14956
14472
14378
15969
13935
14810
13840
14959
13706
13200
14114
15113
15370
13958
13148
14316
13404
14202
16227
16461
15517
15863
13832
17646
15083
14496
12994
14763
14337
13742
14827
14242
13952
15022
13814
14681
15282
13522
13285
12693
14953
12246
11884
14112
14013
11532
12018
11753
12959
12015
9424
9262
11640
13668
14105
13988
15325
13837
14930
13724
15303
15150
15486
14363
14871
13601
13460
14402
14349
17027
14685
14899
14631
15606
16164
15060
14503
14421
14477
13713
14969
16148
14544
12984
14468
15981
13283
14645
13775
12279
14576
16953
16496
15076
14733
15305
15972
14547
17302
14566
14621
15626
14405
15063
16575
15573
14392
13841
14412
12367
13106
11609
14318
12965
16525
16317
14826
11619
11911
12553
15209
16382
16050
14676
16004
12129
13713
15825
15433
15496
15149
15068
14995
14277
17452
14810
12979
13554
13125
13485
12382
12843
13643
12914
16117
15014
14007
14525
14471
15001
15940
13648
15559
15059
14703
17272
13582
14428
13495
14991
14730
13077
14824
12178
14566
14502
13607
13744
13502
10590
10511
12589
15577
14693
15261
12074
13999
13823
14983
15300
15299
14624
13123
12375
13342
15131
16320
16386
15935
16353
16090
16512
15494
14707
16999
15334
14792
14846
14254
15023
15102
14864
16194
16030
15782
14661
14638
14967
14000
15622
13616
12357
12389
12705
15702
14820
13788
15461
15675
12427
11574
13120
12717
10463
12291
11875
11585
13482
11202
13018
11576
13773
13559
13550
12954
13318
13848
14820
15251
14780
15009
14465
15903
14892
15036
15990
14544
15534
15359
14436
14705
15873
16410
16631
14998
15913
16100
15421
14926
15455
14224
16397
15350
14842
13781
15506
13440
14873
13727
11281
12347
13182
12254
14976
15467
15414
14523
13518
13031
15631
13523
13203
14938
14595
13931
12685
16341
13391
13528
14432
13570
11008
14802
15655
15204
14574
13669
14270
14846
15174
16085
16570
15053
16515
16636
14450
15187
14489
14644
14356
16072
17252
14324
14146
13192
15724
15294
14151
15539
14580
15782
16042
14338
16441
14316
12966
12628
13048
13862
13438
11679
12886
15457
11955
11833
15261
15599
15630
16096
15462
14610
14894
16811
14550
14983
14978
15788
16399
14340
16962
16105
15183
15323
13574
16268
16362
15124
16353
15615
15420
17389
15939
16148
15868
14857
15286
14490
15811
15695
14880
14172
14580
13744
14537
16414
14372
15076
13968
15707
15982
14760
14703
15294
14450
14334
12920
13428
12812
13132
13380
13107
13802
12841
13178
13179
14600
12315
12431
12372
13117
12748
15431
14365
13856
13048
12049
14633
13564
15512
14610
14616
14417
16564
14057
14843
16965
13383
15020
15907
15519
15114
16334
14479
15762
15291
15385
14447
14061
15349
15166
14502
14053
14536
15889
14178
15828
14798
15063
14162
15832
15708
15851
15598
16054
15270
14381
16612
15988
15655
15688
16512
15651
15245
15999
15637
15263
15759
15052
15457
14929
14196
16013
13873
16192
14799
16366
16493
15339
15565
15728
15618
15376
15809
15978
15832
14899
16659
15540
16520
13668
15736
16145
15083
13640
16181
15317
14909
16072
16537
15525
14499
15365
14933
15659
14729
12752
14208
13341
15135
12422
13046
15097
15635
16492
15874
15923
14663
14462
17125
13622
14495
14960
15711
16042
15107
17128
16017
17083
15518
14559
15933
17711
14883
15621
13514
13744
15204
14406
15271
14359
14797
16795
15446
14720
15880
15343
17254
17427
13507
14649
14134
15397
16272
16456
13349
14320
15467
16257
12808
13497
13185
15329
12024
14882
16276
15064
13327
16142
15983
15546
16479
15712
14291
13376
11896
13990
13177
13794
12354
13473
15370
14206
12100
13493
12978
13332
13402
11985
9053
13126
17459
14827
14275
15425
12864
14568
13544
14154
14813
13610
14684
15661
15068
15489
14423
13459
12855
13719
12593
13968
14251
16305
15264
14120
16005
13521
14647
13754
14892
16422
13226
15007
16473
14372
14695
14011
14019
14531
14991
13658
12121
12899
14823
14087
14730
12115
16233
14054
15209
11338
11237
13987
12497
11970
13774
14232
15004
13422
15824
15230
12432
13166
12977
14683
14667
14505
15716
15482
14916
16095
13894
15253
14183
13312
9388
10872
12156
11042
14861
16274
16078
14264
13052
12261
14643
14565
14020
12749
15146
13643
12187
14465
14147
14075
14444
13110
14299
15100
13754
12127
11734
12412
11628
13696
14122
11496
14224
14205
14219
16046
13980
13302
13481
11931
13850
16183
15253
15335
15614
15197
15516
13752
11563
11841
14257
14572
12581
13125
14010
13228
12409
13799
16626
14166
16005
14671
12902
13827
15410
14594
12668
12097
12839
11037
10422
10912
12762
12333
11534
13901
12260
11328
12682
12730
14261
14936
15915
14479
15614
13922
13142
11349
12407
14917
13413
12123
14653
15200
13861
12977
13065
11703
12267
13723
13124
11650
11174
11699
13740
14119
13143
12501
11495
14442
15153
14624
15517
14337
13296
14802
15122
15269
13724
15162
13165
14360
13902
14899
15461
15807
14464
12268
11382
11041
11200
11401
11528
13196
11561
2461
16230
14251
14374
13898
14546
15240
15448
15664
14547
13570
13719
15625
14902
14843
14002
14212
14809
14950
15407
15277
15917
15854
15115
14284
15156
15277
15742
14837
15858
14571
14721
15175
15391
15741
15347
15677
15347
13600
12528
13608
14788
15840
15096
14715
15604
14477
14846
15287
15106
14845
15659
15559
15574
15381
15905
15753
15383
14579
16674
15482
14950
13627
14445
14031
13772
13391
13792
12844
13771
14347
16155
15599
16058
15555
15618
15371
15237
13960
17256
16120
14122
13478
15457
14961
14050
15990
14843
13891
13598
13277
13393
11669
13989
13028
12315
13523
14708
14603
13176
14261
12721
13299
13898
12967
13364
13621
12462
12351
13727
12740
15307
14487
16328
13944
12623
13528
14922
14081
10956
8892
10420
9938
10646
10754
11673
13337
10827
12261
12788
11492
11653
11869
11596
10550
10654
11634
15712
11703
13682
13540
13148
11960
13086
12502
12494
11847
12328
11730
10992
14824
10897
12158
11960
11672
10893
11625
11624
13861
12806
12611
11676
13161
14862
12431
13706
10450
11557
12208
11780
12607
13499
13741
13138
12310
12646
13034
13390
13658
13310
14584
12669
12178
10866
11000
11222
13428
12508
11659
10752
11953
11735
12324
13636
12050
11711
14004
14609
17903
16116
15874
15840
16243
16041
15468
15452
14612
16011
15309
15356
15455
12759
13760
13789
15427
14183
13733
14918
14028
13615
14207
12181
13247
13865
14976
14456
14298
14297
14449
15156
15894
14747
16234
14968
14544
16069
14772
13192
14857
15553
15420
13843
16199
17081
15699
14831
16514
16586
15033
15020
14486
15762
16108
15956
16565
15274
12603
13908
14865
15966
15558
14973
16297
14560
13918
12350
15634
12855
14142
17814
16245
15757
15827
17259
15789
13162
14239
14723
13567
14624
16156
14310
16905
18065
16624
16181
16819
16992
16751
15982
17338
16883
15522
15292
17013
15762
15676
16664
14861
16511
15207
14341
16896
16547
16034
13777
15220
15486
15375
16359
16836
15978
14292
16231
15195
15647
15617
16935
15158
14792
13468
14854
15144
13840
16372
15438
14786
14645
13533
14393
15237
14942
13406
14435
15141
14918
15424
14847
13839
15791
15751
15967
15570
14380
15640
14893
16346
14395
13837
10821
15573
