7900
11132
12977
18431
11796
14202
12027
13543
17279
12992
12116
13697
14104
16995
12785
14844
15249
14314
12988
12267
16878
15028
13676
15015
16631
18218
15581
13300
16751
16477
14983
18200
15471
14446
16931
16386
17054
17394
21677
22641
23247
20808
15461
15020
16552
20391
21234
20789
19777
22840
21979
20337
23657
20209
20468
22942
23302
21055
23668
26273
23878
28093
27309
27056
25213
22398
23377
23398
26401
26955
26577
25260
25721
24007
22655
25228
22455
24924
22746
21973
20999
23500
19746
20316
24097
25220
27915
25455
23757
22622
27738
28185
28041
25869
19786
14404
19674
18187
19282
20986
21830
19253
18911
22495
21934
18924
18375
15555
18640
16279
14882
15230
18862
21943
20407
16938
16891
19406
23525
21760
19301
20482
19906
20231
25058
22883
21765
22511
22544
21869
18206
21740
21183
21364
20199
20756
17156
19454
20110
21599
23539
25464
25923
28404
28794
29779
29264
26789
25067
28454
29048
27517
27140
25547
25623
20088
12471
16000
14544
13448
20352
17911
19247
19451
20516
18977
18999
20339
23975
27064
24668
23501
24210
22126
21866
21197
21415
15608
20212
11817
17389
16190
19223
19851
18427
24530
20749
22830
20452
23906
18935
16933
21137
20188
15022
17231
22136
21156
19368
18506
17041
14109
16363
19283
25946
24705
21153
23949
20921
20327
17501
24649
17144
21508
16273
16002
14638
18156
17766
18581
18522
22419
20384
23080
26713
23128
22247
19400
22579
23798
25916
18632
17466
22024
19236
17472
15253
21071
27302
27271
26323
24811
21374
23450
22563
26120
26141
23746
19458
22046
18935
24665
21817
17575
20966
23157
21996
20280
18129
16265
21389
16785
16120
20513
24442
28193
27559
23402
21882
25957
27215
26934
23175
14770
18668
16644
15483
19257
19656
20705
17198
18191
22455
25921
19927
17434
20871
23213
17814
17783
18043
17839
19591
24892
20849
17187
19631
11020
17774
24086
24988
22788
24471
18136
17275
15189
18015
16214
20440
19573
21899
20440
23846
23978
26032
29586
28217
25760
24657
26733
26690
22338
23695
22355
22194
24099
26878
24657
23254
21234
24445
22582
27426
26307
26561
26102
26248
24160
22086
22890
21391
21690
19222
21285
23399
22401
22017
23277
22873
25549
25952
25038
26020
24497
28774
27720
25318
27630
27548
25194
22941
22479
28192
29360
28821
25132
23945
22159
26088
22884
21207
20835
21046
20902
22785
20643
21068
20709
23305
25791
24747
28484
28159
25612
25171
21539
16311
16329
14805
14135
22413
23475
20974
21354
21851
24836
22600
20505
23432
17721
14846
14072
16402
15188
15345
15674
10038
12054
25268
24227
22152
20441
19317
23858
23228
19820
15662
13418
16388
17482
10876
13757
20119
19725
24666
23920
24142
22699
25628
25577
21682
22494
22330
22833
23602
25040
23395
21565
18327
21538
21499
25675
21968
18782
16299
19275
18988
22164
16540
18877
18672
16520
16279
16969
14372
11692
11704
16362
12756
16502
17660
20084
21961
20833
16995
21029
23527
21091
21589
22100
21029
22116
23100
22618
21664
23316
21415
17477
24826
26932
26757
26856
28710
27053
29364
28251
29175
27166
25929
26055
27022
26436
28567
25140
23597
23252
23358
22300
25591
28114
27472
26491
25434
23448
23939
23540
25543
22665
21773
21895
26926
23516
25405
25415
23685
21624
21712
22010
19652
17318
17951
18749
12551
15295
13230
15867
22849
22172
22622
18705
15698
20462
21309
21218
17769
17958
18779
20559
22957
23289
26550
27638
26701
26056
25316
21885
21465
24848
24067
24691
24579
21911
22010
23228
22725
21244
24911
27750
28497
28790
27779
27154
26314
26173
23288
20662
22162
22892
26440
26769
26597
24588
22916
23842
22370
24311
22865
22798
17151
16430
18813
17527
19365
21117
24478
25426
25373
23256
19130
15634
12897
10394
15546
15841
12163
10458
17735
22155
21707
22392
21358
21242
21119
23463
25237
25010
23255
24380
20335
18265
20495
26937
28586
26779
28190
28573
27953
26045
21267
18981
21756
21027
22411
26335
26503
26618
26989
23388
20401
21469
19867
19498
22100
27700
26913
27253
26692
27894
28779
27258
25384
23778
23907
25159
24566
21215
21928
25929
25587
23581
21599
21980
24934
23578
24071
22372
22765
25188
26901
25950
27542
26611
24107
25236
27284
26523
23551
22482
24524
26100
24143
25583
25942
24545
25746
24243
22925
23210
23174
26736
22997
26080
26126
28577
28707
27582
23887
24606
25475
24062
23325
23214
26415
27719
27382
24698
21506
24867
28229
27559
29088
28324
28552
29223
28339
27339
23100
20308
21976
23791
26089
23059
24956
21739
23899
21894
23727
25894
26780
19937
21837
19120
23509
27015
26483
22805
22754
27338
29432
26171
24649
23292
27823
26247
23100
22832
24949
27341
24944
23417
26198
26956
25600
25190
28072
26863
25775
23081
21719
18883
18057
21102
20143
22711
21666
9476
16095
16962
21383
18906
17244
20334
22875
21254
17450
23214
26890
24556
18174
21466
20211
26736
28001
27726
27642
27069
27176
27811
27912
28909
27704
28178
26577
20105
19136
21773
21846
23204
21418
20619
24561
23453
23656
22864
20541
25449
25659
27398
23388
22468
22230
19956
20709
23588
24527
24532
21812
20660
23900
24630
25833
21227
21870
22002
20101
24764
23102
21066
20263
23612
20231
20331
23140
21792
23026
22066
24687
27135
28231
27889
24562
25475
25917
25567
23813
25658
25506
22560
22723
24941
27343
26077
24964
26762
28988
26316
25876
23683
23866
23903
23010
21752
22830
23231
22405
24319
25617
23270
24311
27169
23864
23009
23247
23483
20892
23892
24812
25653
23845
18638
17083
15735
19057
19602
19043
15912
20157
15319
19538
22669
24144
21603
22176
24337
18798
12893
17546
19692
22661
18484
18788
19462
19527
21580
18063
23398
25996
24809
24661
26412
24578
23315
18335
17599
16703
18610
16663
13851
16475
15279
12193
13450
14005
14207
18373
20025
15868
18507
17863
18238
17325
22514
24799
19934
19957
21583
19900
17858
18232
19937
20104
21151
23168
21004
19641
23302
24681
21606
21891
20946
20931
20155
19641
15166
13123
18307
12030
15326
15917
15476
15855
21577
17199
15659
15097
16187
12653
16721
22436
22443
22628
26466
26323
25501
23482
19347
21390
25393
27800
25422
22874
26292
24280
28899
28165
28470
27921
27080
26399
22473
25262
24317
20069
25517
23490
24978
25179
26157
24104
25507
25341
24275
23746
23429
20638
22769
22361
22692
20046
22754
26544
27812
28437
26585
24634
26194
24160
23339
26709
28638
28709
26373
23440
21848
20126
20067
20543
21345
21408
21812
25629
24458
26150
24877
24135
23420
23739
26456
25876
25604
26257
25730
23059
23626
25447
27778
25448
23195
23139
23877
21847
23406
23457
20806
20689
25005
27336
24986
22546
20805
23541
24414
24759
20109
20601
18303
22498
25472
22501
20436
22195
16876
16892
17518
19181
22414
22621
20036
24122
17981
18026
8098
10148
18354
12987
12363
13849
22985
23716
27305
26524
26629
25469
26595
27742
27426
25125
25316
24937
25186
25150
22374
21125
20965
21440
20244
21530
20248
20674
20120
17157
19964
21024
21043
21387
22745
18446
21168
23068
20706
21463
21160
21832
13124
21752
17003
21224
24559
18741
24463
26123
23439
17824
18788
17446
15297
16816
20224
16143
17182
15746
10221
12827
19517
22078
26902
26526
28668
27668
28404
28855
28257
25492
24803
26201
25291
22981
23438
23641
25422
24700
22768
22100
19169
13905
14431
11729
18515
24519
21647
18028
21960
23169
24090
26496
26918
24262
23981
26400
26025
27565
22333
24858
27838
27879
26672
24746
26028
24932
26430
27877
25494
17874
16231
17783
16106
19211
22054
19688
21057
24374
22280
19370
18269
19623
23376
25834
22804
17471
16660
14050
17192
17456
18856
13186
18691
11492
15391
13601
20100
23220
24703
23635
17409
18532
19424
15302
16379
24693
28423
24481
26133
22413
22549
20482
17050
13712
17701
23354
19271
19414
16416
19353
18880
20470
22176
19814
23927
22620
22387
15937
17576
24030
19936
16752
17429
17503
25374
25720
24031
22165
21543
20706
21762
21847
23799
25620
20952
22933
23553
23464
25089
22639
21352
22276
22582
23496
22572
22139
23143
26645
27805
26905
24028
20669
24035
28054
27498
26159
23617
26046
27157
25991
24025
24485
25058
22162
21034
20130
20897
19359
21917
21033
19135
20073
22548
24069
25512
24430
24770
24858
25497
27986
28324
29798
28601
28657
26956
23574
22830
22192
22321
22628
23829
20944
18965
18864
18858
21525
18812
20911
22638
19218
22879
19630
15316
19436
18643
23457
23713
17612
15634
18718
8440
8599
20573
21548
24658
23400
20121
20872
24395
28131
27941
27326
26842
24160
23935
23117
20950
22008
21976
20540
24062
23514
24243
25740
25022
27187
25003
21769
27091
27719
27871
26543
21898
15338
16140
16798
18863
17275
19358
22982
22020
23531
26981
22689
21269
22395
22516
24556
20600
22183
21127
19488
21777
19633
16540
17889
19588
18776
15802
15663
18025
17977
19826
17161
15850
22149
21470
23353
27588
26813
22350
21070
21232
17648
21434
17712
23738
21166
19672
14221
16390
22679
19355
22483
24001
19824
20157
14377
21363
17297
17067
18754
13963
11227
10240
11573
13858
14205
8973
9769
8927
15555
21629
17066
22467
18235
17139
19032
20909
26313
22232
18181
15860
17206
18683
19624
21407
24259
20520
22783
20826
20492
21158
21598
22713
22249
18535
17796
21365
20729
20915
21969
18360
21971
15231
16967
18758
16606
23753
25074
24620
27696
29115
28990
27177
26360
22930
22202
24393
24202
21570
22718
26094
26922
27124
23855
18718
14448
12788
12257
20768
18544
21030
16958
21447
15134
12123
16479
19258
24267
23728
22001
20252
20052
16934
22017
24398
21823
22855
22341
19958
19557
20608
19860
18120
14550
21864
19352
14107
17193
15927
16015
18409
23774
23002
25242
24561
20559
18803
21043
19131
19191
19747
23189
19733
19277
18603
16117
19089
17670
16765
13844
18551
16699
16945
16661
13715
7837
8820
14668
20447
23007
20652
17778
19404
18083
17436
20117
21580
19339
25368
16620
18955
17091
19907
23927
25410
25866
26829
26308
25369
22203
24790
24795
23630
25855
20659
19735
18377
19605
18900
25969
27313
26116
25518
25213
24662
21169
13412
13793
18196
15520
25060
23636
16306
21917
20959
17473
11933
14262
14260
9616
11706
12320
12211
11781
11474
14591
16095
17933
15103
16003
20024
18900
21433
25756
26529
23457
24047
26597
20748
26312
25733
26639
24928
21755
20597
21287
22430
26698
26467
27755
24293
23219
21984
26047
27565
25103
22504
22021
22628
21891
20622
17988
16728
20680
19344
17676
12500
15316
12466
15844
19665
18350
20788
17368
14545
22356
19782
20105
16728
17401
19225
17048
18158
14598
13765
18225
16763
13122
17320
20593
24939
21570
19662
18631
21906
24815
24410
25951
26454
21841
24538
25357
25857
26097
23236
23369
22014
23862
23587
22875
18753
20163
24309
26288
25175
22741
24149
24276
24312
22765
22114
17999
14909
15978
18325
13132
13389
14826
22675
14534
14699
18932
25100
27366
26399
26058
22137
21958
21202
21835
23534
21722
22043
22451
24668
24141
26254
27505
27707
23697
22948
26292
26594
25098
27749
26706
23992
27416
28761
27620
28453
26921
24080
25353
26803
23070
21555
19832
20637
20861
22626
21564
23539
23573
21220
21905
22156
18554
19987
19099
19389
16514
15132
14284
17769
13633
15099
17055
20236
14690
18192
17110
15903
14523
14758
12572
12497
19331
18254
16283
16670
12830
19587
20086
20002
22593
19244
19770
19960
18183
19734
19192
19547
18031
22305
21550
23211
25051
23525
22470
26685
23877
21714
21653
23129
21232
21445
20519
20798
22601
22450
22285
21089
20915
20583
19804
25686
27691
28642
28370
25664
25381
24014
28436
29637
28689
28361
27849
29115
27913
30144
28965
28553
28396
23521
24014
24572
23917
24646
24149
24971
22441
25860
28555
29204
28068
27995
28741
28450
28444
27828
26721
25661
26008
24662
20856
21993
21649
19936
18211
18179
20105
25381
22233
25822
26291
24843
21603
25062
22411
15920
13864
22470
18337
21335
15257
14752
21696
24950
27476
27459
26257
24699
23969
23580
20915
19786
23991
23903
23755
22860
25027
28318
27420
28734
27719
23727
25314
28485
26722
25296
21251
20677
21768
22588
22208
19652
20659
21969
22535
21035
23617
20372
20977
24477
20228
16883
20925
22906
19988
15705
17435
20098
19236
17069
15890
16410
16745
14322
17499
22150
23727
24886
23428
27343
25624
24599
25118
21120
20049
17146
18741
16225
16037
15169
16965
17342
19253
16746
12958
13723
14814
13703
11923
7350
14429
20332
18563
18892
19659
18748
19790
16758
19252
20913
20787
24444
25469
25046
22855
21547
17191
15501
16703
19517
19830
17993
21934
24573
22804
24339
22924
20430
20865
21767
24523
22912
24012
20929
20318
20276
21610
20655
21165
18569
18895
15553
16159
18113
17132
17040
14865
19237
19758
18863
11821
13076
20053
20159
13865
16165
17855
18400
18357
18808
22753
18012
15164
15066
16655
17903
16819
21598
22728
22393
22848
20938
17565
18160
16324
7094
8611
13304
11064
14077
18982
19084
16926
16823
13375
14079
18422
17750
15182
13862
17373
17880
16148
18311
17457
16992
16062
17351
17366
19167
13820
12601
13075
11828
14783
17624
14689
15003
19098
22026
21377
18203
17497
17065
12213
16721
23771
25233
26064
24702
26010
24401
20344
15169
11641
13967
16937
13898
19512
20624
18962
18625
17241
25352
20335
18209
17959
20360
13596
18775
17540
12644
9144
12672
11714
8972
11042
13937
14962
12639
15430
15177
11040
14757
15559
17177
18131
18894
21323
20053
17977
16508
11012
13829
17070
16554
14487
20064
17449
17437
16059
17945
13916
14240
14803
15699
13104
13134
12216
18233
16814
16856
14357
11360
19251
24647
24852
21330
19354
17747
20024
19884
21703
18741
18163
18848
17673
18772
18194
23391
24705
23950
15342
12734
10539
11487
11975
11434
10971
9609
1920
24732
20017
24443
22197
21976
19545
18558
20678
18680
19784
18700
16941
20528
19059
20025
19560
21113
22446
21788
25144
27053
28445
26630
22205
25390
26915
23132
19802
17985
19615
25401
25023
26373
23657
25827
25686
19973
17563
17783
17672
18945
22207
23745
23500
21837
18364
17351
20716
26340
23444
18983
21957
26622
28774
28688
27416
26987
25468
22926
27720
25981
22568
20216
16876
16401
16522
16119
14944
16620
17663
21232
24567
23424
22117
20707
22594
22227
22245
24016
22593
20620
17939
17869
16811
20028
19200
19018
15174
15661
15728
13768
12406
14848
17362
14079
14088
15531
21630
17255
18299
18989
14808
16436
14159
16384
14155
14786
13128
14243
16697
20045
18818
22267
21711
14147
14443
16459
15689
9146
6258
8627
7792
8520
9519
12843
15818
9815
11265
14662
11311
11564
13244
11688
9430
8094
11034
20356
17008
13599
16433
18637
13427
14716
14514
14163
10675
15033
11562
11514
15643
10461
12077
11062
12088
9899
9858
11034
17320
16188
11357
11182
14477
16234
13925
17756
12437
12329
15447
12491
12034
13538
15984
14300
20510
14963
14403
13621
15200
16911
18662
15179
16633
10338
11214
10813
17366
14337
12016
11290
12914
12034
11735
12268
13863
11524
22834
24995
25738
24525
27494
27476
28046
27833
28911
27387
26109
24551
25603
21955
24759
20821
16895
19083
17673
19485
17148
18598
19027
18509
19014
10333
12213
17636
23120
23705
20949
22696
16274
22025
21021
19971
22654
22420
20270
18136
19231
18604
21515
24077
22760
21110
19812
21890
25786
25711
25362
25205
22080
24217
27373
26105
25180
24585
23950
21201
14497
17086
20718
22081
21632
20745
20471
19594
16553
13875
19989
17085
18153
18707
20933
19820
19100
20132
21687
20485
14952
19764
16643
18093
19946
20505
20563
19476
21109
23873
23558
23744
24452
24819
23561
24034
25760
25835
25408
26474
25227
25598
25595
25415
25962
24591
24165
23470
25270
23031
19222
20273
19786
19427
23180
23373
20022
21616
20192
22020
20928
22379
23589
22022
17025
19772
24765
22457
22590
25312
26377
25472
20313
18761
20918
22199
20366
21025
18881
19634
20334
22901
23184
20455
22798
23032
24251
24328
23299
24064
21641
17476
20559
10376
21289
