6657
8039
8655
11049
8526
9062
8429
8980
10032
8599
7994
9107
8953
10469
8701
9879
9511
9043
9172
9051
10739
9526
9460
9960
10083
11135
10202
8726
10423
10429
9825
11022
10220
9805
10713
10719
10652
10186
11752
12341
12810
12232
10258
9894
10136
11809
11723
11542
11258
12251
11657
11356
12754
11169
11642
11794
12081
11755
12146
13016
12303
13314
13161
12819
12739
12003
11855
12491
12853
12989
13114
12264
12376
12489
12063
12975
11671
12444
12175
11849
11860
12702
11204
11080
12096
12808
13518
12550
12413
11776
12921
13283
13262
12599
11462
9319
11189
10488
11201
11581
11565
10736
10758
11770
11895
10822
11118
10271
10430
10382
9704
10810
10386
11871
11361
10470
10436
10944
12273
11743
10951
11321
11075
11105
12991
11812
11861
11801
12421
11888
10402
11672
11405
11631
11603
11630
10233
11226
10922
11675
12212
12741
12605
13327
13382
13650
13345
12561
12372
13403
13441
13671
13528
12508
12788
11389
8508
10154
9409
9010
11385
10290
10873
11194
11616
11187
10463
11433
12069
13172
12861
11632
12041
11870
11395
11776
11813
9606
11445
7830
10391
10025
11300
11396
10424
12323
11286
12134
11368
12834
11081
10419
12462
11618
8949
10014
11630
11146
10652
10202
10639
9144
9827
10827
12624
12666
11586
12151
11090
11135
10564
12734
9774
12265
10161
10124
9693
10779
10213
10659
10843
12569
11028
12450
13120
12219
12231
11402
12565
12188
13133
10992
10419
12054
10722
10569
9438
11770
13084
13226
12948
13240
11754
12666
11636
12981
12821
11976
10812
12292
10885
13134
12003
10497
10859
12174
12039
11200
10725
9950
11703
10588
9968
11022
11982
13510
13402
12015
11578
12970
13227
13025
11987
9557
10914
10236
9891
11035
11283
11549
10360
10392
11676
12561
10920
10284
11509
11904
9888
10666
10377
10505
10866
12291
11500
10004
11194
7724
10487
12121
12471
11875
12295
10012
11114
9208
10434
10030
11226
11219
12099
11178
11919
12191
12712
13685
13283
13036
12102
12919
12861
11659
11939
12231
11820
11978
12730
12264
12379
11693
13102
11955
12837
13035
13194
12675
12902
12222
11707
12376
11633
11934
10764
11556
12424
11827
11376
12026
12233
13433
12718
12669
12985
12520
13512
13265
12695
12928
12868
12927
12153
11754
13114
13350
13352
12703
13008
11854
12939
12052
11768
11590
12130
11415
11738
11243
11234
11477
11895
12741
12485
13215
13640
12681
12772
11481
9734
9674
9645
9141
11517
12004
11287
11452
11819
12290
11920
11456
12109
10402
9858
9004
9676
8840
8843
9211
6952
8112
12706
12318
12310
11786
11101
12111
12142
11252
10169
8950
10100
10400
7787
8843
11732
10788
13049
12279
12403
11636
12560
13207
12059
11824
11824
12141
12170
12499
12317
11747
10996
12195
11365
12381
11993
10716
10255
10750
10779
12546
9925
10669
11008
10036
9691
11223
9954
9609
8651
10390
8927
10072
9927
11096
12178
11824
10281
11319
13204
11726
11727
11683
11684
12668
12209
11995
11775
11642
11843
10703
12737
12717
12491
13059
13457
12695
13593
13342
13110
12880
12911
12677
12911
12509
13395
12755
12425
12179
12132
12159
12583
13112
13338
13313
12820
12103
12970
12300
12871
11684
11730
12197
13210
11774
12894
13020
12641
12251
11775
11973
11179
10238
10407
10933
8478
9350
8825
10194
11720
11961
11828
10853
9441
11645
11818
11799
10671
10657
10762
11670
12131
11995
13083
13180
13039
12657
12518
11911
11794
12500
12220
12616
12271
11729
11742
12051
11604
11611
12122
12972
12996
13312
13107
12876
13111
12613
12271
11378
12123
11774
12758
12867
13105
12920
11526
12604
11832
12606
11820
12280
10778
9966
11135
10684
10792
11627
12354
12475
12654
12196
10615
10141
8798
7482
9916
9678
8315
7222
10757
11502
11633
11649
11601
11552
11829
12254
12780
12612
12011
12252
11329
10507
11431
13012
13302
12910
12988
13318
13356
12947
11806
10720
12296
11282
11907
12941
12960
12830
13321
12638
11371
11821
10949
11052
11635
13329
13070
12641
13037
13237
13271
13113
12731
12660
12176
12725
12360
11598
11708
12609
12476
12388
12130
11754
12965
12214
12425
11918
12236
12381
12667
12879
13343
12871
12053
12382
12979
12865
12152
12086
12233
13246
12770
12648
13197
12645
12866
12768
12005
11990
11636
12819
12062
12565
12784
13296
13376
12734
12349
12411
12866
12373
12191
12022
13017
12786
13328
12733
11431
12299
13327
12873
13428
12847
13548
13092
13154
13083
11940
11642
12357
12253
12869
12025
12289
11887
12349
11715
12292
12814
13655
11217
11813
10609
12139
12953
12856
11956
11687
13197
13407
12857
12501
11983
13100
13137
12367
12614
12413
13058
11998
11574
12656
12878
12606
12982
13025
12904
12397
12008
11505
10670
10504
11497
11302
11717
11503
6894
8937
9492
10955
10258
9582
10746
11978
11420
10177
12421
12958
12536
10234
11324
11205
12797
13507
13098
13249
12839
12969
13204
13198
13464
13256
13221
12595
11276
11216
11707
11903
12199
11869
11338
12387
12367
12324
11987
11346
12191
12641
13214
12373
11845
12334
10946
11544
11986
12920
12696
11723
11677
12051
12434
13318
11465
11397
11730
11798
12536
12232
11372
10791
12695
10994
11362
12237
11880
12384
11730
12565
12878
13216
13197
12507
12618
12828
12822
12224
12567
12979
11632
11784
12823
13235
13283
12536
12979
13582
12971
12984
12295
12269
12409
12556
11988
11920
12455
12071
12449
13128
12150
12088
13253
12039
11887
11984
12476
11240
12244
12610
12871
12759
11093
10321
10050
11172
11164
11654
10148
11616
9664
11336
11657
12471
11814
12161
12159
10649
8735
10370
11075
12330
10638
10933
11261
10884
11427
10613
12376
12618
12640
12423
12792
12387
11753
10399
10580
9688
10500
10300
8891
9782
9863
8608
8944
9209
9319
10641
11071
9598
10446
10471
10548
10447
11822
12346
11012
11322
11759
11101
10144
10702
11170
11689
11311
12436
11839
11062
11730
12726
11868
11466
11838
11603
11684
11002
10046
9014
10568
8293
10222
10017
9781
9935
12107
10384
9976
9555
10210
9055
10278
11874
11864
11910
12713
12694
12550
12180
11102
11794
12404
13329
13030
12275
13147
12487
13789
13322
13204
12945
12689
12874
12098
12314
12263
11088
12805
12201
12253
12492
13014
12259
12471
12847
12569
12462
11956
11468
11927
11793
12224
11944
11527
12746
13072
13432
12918
12789
12571
12748
12060
13108
13300
13562
13134
12411
11868
11470
11028
11379
11606
12039
11525
12868
12297
12685
12636
12590
12493
12544
12906
13084
12224
12578
12690
11997
12005
12959
13790
12612
12247
12298
12358
11641
12264
12290
11376
11503
12523
12764
12663
11575
11386
11915
12450
12405
10835
11354
10582
11862
12399
12164
11138
11560
9903
9910
10577
10916
12146
11562
10600
12614
10214
9617
6037
7433
10593
8803
8818
9841
12467
12236
13212
13180
13007
12957
13104
13356
13192
12735
13095
12088
12541
12645
12039
11590
11828
11494
10925
11714
11311
11422
11212
10262
10740
11806
11300
11318
12015
10291
11624
12250
11179
11590
11111
11460
9171
11066
10016
11134
12196
10715
12042
12247
11900
10545
10570
10725
10028
10028
11516
9866
10288
10012
7887
9248
10878
11953
13065
13002
13704
13336
13416
12986
13249
12851
12626
12696
12952
11832
12375
12156
12675
12482
12186
11921
11041
9234
9837
8146
10841
12725
12159
10985
12081
12507
12036
12870
13548
13099
11968
12824
12769
13123
11941
12675
13153
13321
12862
12389
13082
12485
12883
13329
12933
10479
10382
10567
9646
11049
11832
11138
11715
12696
11819
11216
10898
11431
12555
12862
11710
10747
10068
8936
10176
10396
10454
7976
10643
7890
8957
8325
10762
12513
13047
12344
10130
10858
11045
9533
10004
12299
13953
12906
13284
12474
12787
11767
10192
8931
10488
12238
10768
10803
9757
11264
11378
11626
11924
10966
12238
11696
11614
9481
10447
12169
10781
10022
10451
9980
12088
12344
12318
11725
11874
11231
11277
11165
12220
12487
11286
11811
11934
11934
12242
11900
11829
12004
12409
12311
11853
12080
11968
12715
13299
12925
12366
11544
12265
13394
12797
12463
12165
12608
13192
13114
12183
12184
12549
11914
11805
11308
11323
11054
12073
11580
10804
11499
12027
12096
12178
12294
12733
12674
12815
12992
13373
13755
13530
13294
12999
12253
11732
12206
12175
11751
12418
11492
11117
11049
10719
11459
10696
11342
12257
11120
12266
10896
9201
10994
10581
12172
12102
10485
9616
11480
6231
6466
11425
11832
12984
12913
11517
11270
12865
13622
13515
12825
12751
12521
12871
12297
11896
11995
11898
11593
12594
12103
12166
13197
12605
12986
13056
11884
13463
13213
13530
13173
12118
10030
10359
10296
10987
10091
10871
12174
12064
12000
13178
11984
11757
11410
11627
12388
11421
11985
12022
10407
12078
10984
9768
10167
10923
11195
10074
9517
10519
10295
11673
10306
9586
12088
11910
12231
13569
12960
11957
11750
11433
10341
12020
10508
12447
12063
11226
8805
9853
11814
11109
11525
12162
11072
11613
9378
11823
10645
10864
10524
9083
8156
8393
7905
9120
9158
6873
7013
7017
9050
10725
9481
11377
10509
10010
11071
10937
12831
11792
10619
10006
10382
10861
11756
12068
12116
11619
12240
11133
11453
11368
11152
12278
11945
10221
10021
11627
11796
11190
11913
10879
11405
9526
9514
10629
9719
12556
12399
12131
13120
13815
13488
13238
12934
11938
12566
12511
12205
11588
12127
12612
12957
13269
12540
11083
8908
8476
8266
11642
11438
11474
9744
11511
9575
8008
10160
10536
12386
12097
11696
11228
10860
10305
12017
12346
11737
11847
12210
11321
10925
11475
11433
10604
9569
11903
11692
9286
10816
10429
9775
10308
12339
12310
12695
12448
11576
10685
11503
10566
10573
11162
12019
11161
10848
10904
9583
10594
10712
10112
9017
10413
9761
9148
9288
8372
5453
7316
9539
11591
12413
11285
10868
11818
10563
10283
11036
11970
10385
12974
10588
11694
10081
11045
12153
12719
12687
12747
13139
12961
12119
12577
13059
12204
13032
11445
11165
10772
10791
10631
12843
13107
13050
12817
12638
12810
11558
8454
8884
11019
10117
12807
12434
10073
11839
11520
10391
8355
9615
9218
7586
8421
8656
8773
8339
7912
9617
10343
10708
9448
9920
12197
11306
11824
13298
13425
12289
12699
13660
11564
13091
13067
12975
12874
11583
11382
11655
12521
13268
13158
13428
12370
12382
11834
12936
13183
12577
12271
11848
12120
11983
11548
10398
10150
11270
10907
10499
8661
10237
8106
9612
10743
10555
11525
10300
8981
11484
10869
11568
10002
9859
10802
10017
10747
9040
8843
10699
10055
9208
10884
11308
12682
11798
11386
10562
12037
12465
12452
12746
13057
11718
12365
12714
12576
13248
12172
12015
11889
12198
12572
12095
10989
11248
11957
13233
13005
12232
12024
12350
12338
12158
11649
10765
10042
10301
11040
8755
9494
9173
11942
10368
9816
10588
12858
13198
12764
13091
12217
12040
11330
11778
12295
11610
11759
11729
12644
12445
12689
13387
13173
12621
12177
12749
13204
12687
13110
13187
12017
13114
13324
13306
13376
13126
12437
12593
12835
12005
11832
11399
11941
11529
11356
11530
12159
12597
11537
11877
11620
10659
11303
11020
10919
10067
10000
9253
10866
8801
9726
10133
11651
9469
10924
10182
9994
9988
9783
8536
8148
10548
10335
9766
9770
8266
11453
11746
11014
11881
10793
11110
11130
10402
11200
10730
10803
10334
11794
11587
11924
12521
12437
11863
12850
12323
11587
12332
12343
11540
11763
11429
11423
11987
12157
11836
11798
11373
11598
10853
12622
13052
13263
13097
12453
13023
12311
13214
13553
13133
13331
13115
13592
13010
13687
13578
13200
13131
12530
12942
12834
12297
13108
12396
12702
11862
12872
13349
13496
13217
13430
13435
13430
13174
12985
12720
12673
12813
12237
11703
12029
11508
11046
10921
10526
11079
12662
11877
12506
12819
12178
11444
12661
11627
9197
8466
12340
11355
11381
9806
9640
11795
12674
13175
12995
13033
12621
12834
12026
11517
11568
12287
12420
12006
12001
12309
13152
13139
13357
13498
12416
12645
13679
12958
12858
12105
11762
11971
12507
11787
11384
11115
11794
12308
11272
12406
11267
11744
13058
11459
10361
11352
12071
11272
10135
10448
11470
10674
10545
10086
10335
10013
9350
10329
11632
12312
13155
11841
12925
12532
12300
12249
11626
11582
10368
10986
9738
9386
9117
9907
9877
10458
9454
8727
7747
9481
8842
7958
6049
8807
11966
11085
10673
10799
10984
10981
9962
10952
11929
12051
12627
12451
12371
11918
11878
10509
10729
10472
11958
11966
10643
12020
12441
11779
12611
12375
11548
11936
11377
12943
13048
12986
11487
11743
11884
11781
11736
11547
10512
11485
10370
10134
10445
9736
10042
8925
10827
11770
11178
8508
9039
11669
11888
9139
9525
10598
10341
11404
10744
11696
10457
9596
9615
10160
10518
10043
11772
11680
11413
11656
11438
10115
10953
9851
5835
6887
9033
8275
9250
11045
11047
9992
10440
9358
9688
10786
10911
9916
9459
10563
10890
9815
10615
10717
10202
10127
10220
10577
10798
8824
9030
8805
8712
9531
10225
9094
9466
10199
11722
11810
9964
10009
10098
8570
10476
11975
12628
12728
12365
12702
12185
11055
9591
8872
9413
10481
9416
11518
11853
10865
11078
10772
12604
11702
10463
10498
11248
9346
10966
10262
8650
6843
8157
7994
6993
8561
9549
9693
9279
9820
9524
8652
9566
9913
10465
10427
10788
11321
11281
10627
10107
7980
9151
10404
10229
9830
11953
10442
10363
9750
10831
9173
9530
9559
9541
9435
9520
8602
11009
10377
9777
9391
8277
11112
12808
12571
11474
11119
10887
11650
11669
11952
11158
11011
10774
10295
11119
10389
12070
12236
12134
9648
8639
7514
8685
8377
8415
7875
7333
1344
12445
11225
12459
11813
11781
10764
10340
11482
10399
10864
11034
9836
10985
11100
11225
11219
11497
12491
11285
12514
12835
13142
12729
12179
12713
12893
12043
11240
10604
10690
12489
12173
12607
12233
12608
12542
10902
10396
10289
10523
10928
11649
12430
11906
11628
10395
10311
11513
12865
12393
10535
11585
12908
13030
13455
12926
13014
12760
11753
13138
12792
11823
10377
9680
9555
10052
10064
9929
9841
10761
11274
12181
11598
11799
10993
11720
11699
12098
12186
11417
11465
10336
10341
9841
11023
10640
10357
9317
9259
9744
9682
8547
9893
11057
9768
9179
9885
11399
10335
11051
11152
9484
10197
9594
10234
8868
9479
8822
9064
10382
10774
10750
11991
11913
8667
8755
9476
9398
6454
5614
7052
6832
7229
7360
8590
10848
8109
8684
10143
8253
8327
9238
8341
7871
7183
8346
11583
9783
8605
9339
10503
9112
9199
9461
9829
8349
9883
8915
8447
9212
7930
8595
8342
8612
7794
7786
8066
10836
10928
8605
8228
9798
10540
9944
10504
8692
8657
9598
8162
8712
9094
9902
8847
11615
9786
9287
9808
10200
10419
11309
9719
10367
7532
8355
7830
10355
9748
8796
8147
8387
8149
7937
8006
8465
7307
11960
12339
12310
12250
13015
13253
13306
13029
13394
12846
12915
12683
12752
11726
12199
11611
10216
10888
10115
10787
10202
10533
10250
10524
10518
7107
7840
10421
12294
12338
11388
11816
9923
12039
11277
11407
11975
11923
11292
10613
11250
11496
11969
12479
12750
12344
11355
11900
12999
13002
12820
13118
12127
13066
14287
13692
12801
12736
13052
11674
9103
10563
11957
11870
11665
11796
11675
11576
10581
9979
11936
11210
11568
11103
11648
11633
11242
11614
11970
11950
9832
11770
10881
11449
11441
11917
12106
11254
12040
12329
12597
12557
12736
12758
12588
12768
13308
12952
12568
12827
12591
12444
13141
12860
12998
13112
12769
12186
12856
12744
11396
11796
11825
11308
12564
12455
11921
12335
12015
12053
12059
12189
12924
12279
10844
11473
12748
12491
12628
12684
13043
13047
11961
11512
12211
12240
11736
11856
11610
11746
11300
12492
12914
12278
11999
12666
12566
12899
12717
13348
11943
10962
11942
8197
12129
