6692
9259
10400
10703
9396
10999
9917
11279
12580
10599
10239
9948
11034
10877
10333
11318
11397
11101
10983
10997
12218
10784
11280
11810
12102
12183
12119
10438
12437
12317
11834
12014
12210
12065
12122
13112
12488
11881
13987
13448
13022
13551
11839
10620
12234
13765
13433
13396
13443
14021
13850
13235
13774
13558
13740
14632
13808
13476
14587
14332
14584
14534
14565
14579
13839
14259
13711
14258
14456
14568
13966
14669
14327
14235
13272
13737
14010
13853
14128
14342
13112
13845
13279
13400
14101
14352
14302
14369
14260
14472
14818
14429
14054
14295
12801
12041
13322
12612
13029
13165
13397
13216
12914
13965
13629
12880
12540
12384
13380
11388
11277
11170
12584
13620
12932
12358
12722
13919
14378
13697
12940
13598
13468
13633
13962
14149
13916
14475
13415
15266
12734
14037
13127
14354
13661
13468
12883
12863
13600
13468
14885
14667
14468
14505
14427
14515
14542
14045
15057
14224
14302
14085
13720
14756
13767
12439
11190
12578
11852
11568
13329
12797
12762
14015
12434
12768
13556
13013
14443
13838
13730
14110
13766
13236
13805
12889
13019
10882
12079
10869
11507
11813
12861
12298
12112
13864
13550
13134
12761
13046
12415
12083
12463
12102
9744
10646
12983
12709
12673
10679
11645
10291
11190
13033
14173
13848
12101
13581
13776
12817
11300
14064
11256
13252
10959
11705
11691
13077
12965
12842
12413
13967
13848
14311
14308
13636
13025
12455
13298
14125
13777
12640
11491
14091
12038
13112
11656
13802
14107
14469
14409
13361
13432
12891
14918
14361
14352
14098
12237
12622
13370
14285
13422
12395
13742
13730
13008
12465
12250
12369
12652
12262
12379
13162
14464
14045
13933
14275
14486
14453
14314
14189
13602
11805
12340
11535
11351
11900
12146
11692
11421
12859
13602
13719
12256
11814
12927
13781
12515
12153
11398
12574
13108
14831
13201
11884
12823
9603
11942
13735
13950
13804
13639
11513
11255
11154
11574
11280
12987
13334
13509
13882
14216
14201
14443
14137
14519
13659
14164
14326
14157
14134
13568
12987
14293
14916
14923
14364
13494
13539
13558
13592
14558
14584
13868
14334
14417
13873
13758
13876
13560
13466
13504
12759
12837
13337
13450
13914
13768
13919
14895
14742
13872
14678
14601
14586
14213
14161
14701
14566
13728
14305
14370
14289
14326
13675
13208
13965
14202
13077
13151
12604
13558
13795
14471
13026
13993
12691
14300
14198
14927
14435
13980
14621
14169
13005
12702
11701
11932
11737
13783
13372
13107
12844
12918
14199
13246
13157
13618
12410
12117
11516
11143
11201
10652
11180
8021
9043
14008
14511
13645
13081
13917
14316
14436
12532
11693
11040
12045
12522
9185
11391
12566
12785
13385
14406
14181
14717
14445
13870
13937
14102
14489
13286
14974
14830
13834
12880
12360
13254
14389
14196
13161
13022
12305
12952
13104
12651
12136
12401
13159
12348
11603
11705
11011
11297
11600
13068
9923
12100
12978
12285
12642
12631
12269
13545
13101
13703
13542
13961
12896
12252
13601
14013
13297
13950
11361
11721
13862
14489
14624
13713
14063
14659
14235
14173
14914
14407
14101
14732
14156
14453
14288
14271
14190
14122
14158
13588
14432
14411
14115
13990
14029
14010
13953
14606
14468
14160
13436
13654
14180
14517
14117
14410
13421
13146
14558
13765
12723
11917
12317
11511
10196
10866
10623
11176
14571
13777
14494
12054
12133
12995
13276
13201
12564
13221
12728
12840
13568
13734
14345
13914
14029
14395
13765
13197
13610
14425
14402
14167
14241
13364
13741
13603
14791
13553
14601
14468
14203
14301
14639
14249
14055
14432
12989
13452
13578
14220
15139
15216
14648
13352
13978
13509
13757
14397
13970
13154
11725
12429
12517
12421
12918
14490
14217
14145
14369
13838
12117
10860
10246
9155
10952
11159
9521
8460
12928
13366
12962
13662
12963
12638
12791
14204
13974
14341
13637
14059
12141
12520
14033
14216
14088
14525
14305
14383
14338
14133
13338
12854
12848
13248
13690
14307
14447
14475
14036
13443
12942
13004
13084
13088
14193
14307
14344
15183
14583
14443
14335
14310
13869
13682
14762
13760
14177
13708
14621
14336
14537
13483
12911
13658
13545
14625
14026
13595
13366
14129
15210
14730
14899
14706
15126
14202
14741
14217
13705
13830
14367
14183
13537
14702
14372
14584
14291
13719
13479
13831
14314
14172
13953
14272
14589
14410
14186
14037
13861
14404
13747
13698
15100
14430
14612
14476
13989
13724
13928
14729
14690
13974
14164
14489
14346
14507
14334
14216
13174
12792
13275
14486
13872
14204
13855
13210
14027
13754
13884
14020
13312
13226
12897
13549
13695
13868
14298
13936
14587
14261
14231
14116
13376
14486
14107
14126
13351
13071
14116
14470
14313
14124
13961
13881
14173
14119
14069
13975
14468
13428
13049
12728
11327
12900
12017
13156
13363
7355
10308
10608
12055
12082
11130
12813
12847
12345
11687
12484
14177
13036
12400
13619
11666
14095
13930
14229
13865
13901
13972
14038
14017
14230
14428
14276
14079
12426
12823
13664
13526
13877
13932
13095
14245
13613
14427
14098
13799
14450
14163
14342
14086
13236
13225
13106
13976
14184
13600
13428
14146
14039
14557
14042
14431
14409
14485
13297
12830
13508
13702
13582
13345
13320
13765
13277
13082
13246
13806
14152
14495
14200
14494
14312
14875
13939
14397
14137
14601
13624
13905
14200
14765
14102
14331
14071
14864
14316
14563
13723
13470
14663
14775
14324
13132
13804
14765
13404
13973
14172
14304
13888
14920
14429
14111
14356
13754
13507
13726
13975
14809
14217
13249
12308
11621
11111
12838
12297
12090
12175
12785
11912
13832
14222
14355
13304
13781
14210
12227
11260
12447
14527
14378
12766
13719
12613
13066
12988
12345
13878
14607
13645
14554
14429
14635
14001
12804
12267
12143
12900
11040
10989
11801
11098
10193
10090
9926
10347
11278
11824
11022
12657
12587
12241
12310
13749
13912
12545
13145
13457
12734
11948
12381
12271
12438
13828
13228
13825
13436
14218
13732
12931
13769
12781
12754
13040
12360
11567
10396
12333
10141
11269
11970
11561
12389
13228
12220
12322
11340
12003
11226
11900
13365
13669
14102
14436
14116
14449
13955
13088
13550
14732
14172
13026
14918
13731
14506
14145
14035
14379
14665
14833
13934
14285
14618
14291
13884
13818
14430
14813
14602
13786
14304
14655
13809
13802
14123
13780
13891
13750
13807
12738
12510
14191
14525
14301
14637
14220
14074
14697
13097
13848
14893
14822
14100
13845
12990
13058
12659
13003
13342
13031
13118
13795
13763
13922
14477
14190
13915
13816
13559
14753
13820
14509
14226
14927
13638
14769
14142
14016
14227
13921
13290
13802
13313
13407
13351
12916
13215
14319
14177
13768
13522
13909
13964
14436
14249
13213
12856
12724
13373
13902
12435
13571
12977
12267
11869
12259
12087
12052
13213
12559
12902
10966
10171
6629
7581
12668
9993
9552
10355
14040
14477
14605
13729
14571
14158
14237
14004
13880
13982
13898
15224
14678
13666
13976
12720
13411
13274
12588
12682
12493
12886
12843
12689
13023
12502
14088
13414
12956
12780
12762
13073
13325
14791
13107
12555
10269
12899
10503
13453
13548
11791
13569
13487
13257
11328
11828
12300
12335
12093
14675
12194
11565
10556
9513
10157
12598
14084
14351
14397
14186
14129
14392
14372
14415
14099
14689
14927
14416
14591
14156
13828
14155
14610
13804
14269
11958
10786
11041
10086
12011
13617
13049
12268
13512
13233
14487
14515
13947
13237
14302
14538
14932
14277
13915
14431
14703
14304
14483
14022
13857
14334
14329
14239
13567
13195
12110
12539
12544
11937
14914
13220
13505
14420
12380
12434
12254
13880
13719
14414
13927
11727
11156
10506
11240
12215
12516
10040
11062
7901
8791
9607
11723
12448
12733
13236
11944
11755
13409
11159
11319
14291
13715
14309
13758
12956
12402
12326
12575
10955
12329
13630
12748
12828
11912
12574
12016
13054
14650
13221
13958
14460
13611
11126
12516
13811
12526
11035
12111
12331
13760
14150
12978
12675
12562
13307
13525
13636
13326
13861
13274
13490
13963
14016
13731
13164
13079
14112
13923
13775
13981
12495
14188
14492
14694
14461
13429
12589
14134
14401
14433
14900
14315
14159
14367
13818
14276
14603
14194
13183
13100
13803
13692
12937
12867
12423
12506
12112
14884
14178
14637
14935
14000
14009
14167
14855
14466
14355
14523
14183
13699
13239
13654
13487
13395
13971
14272
13033
12694
12419
13333
13611
12856
13341
13295
12427
13941
12502
11294
11866
13282
14014
13734
11561
11108
10256
7509
7394
13876
13637
13466
13465
13531
14274
13518
14567
14444
14640
14322
13936
12687
13677
12217
14837
14226
13397
14022
13609
14832
13586
14839
14352
13671
13974
14432
14478
14392
13906
12831
12495
13038
11821
12836
11576
13296
13701
13200
14007
14276
13542
12679
13877
14355
14179
13279
13122
12755
13204
12848
12572
11559
11887
11936
11338
11523
11865
12445
11517
11627
12401
11719
13584
14206
14700
14333
14656
12889
14794
13693
12674
12394
12660
13536
12779
12983
11691
12202
13889
13037
13911
14145
12894
12388
11195
13310
10938
10849
12003
11246
9696
10157
9398
10449
9731
7449
7320
8505
10200
11922
10944
12809
11600
11866
11743
13188
13871
13465
11758
12192
11668
11923
12195
12746
14460
12530
12822
13212
13262
13823
13115
13027
12733
11986
11898
12996
13415
12868
11749
12338
13910
10847
11767
11874
10888
13699
15102
14601
14063
14319
14334
14369
14045
14365
13378
13689
13841
13199
13401
14476
14179
14001
13294
12874
11200
11296
10054
13244
12528
14177
13241
13116
10591
10408
11087
13005
14345
13894
13334
13545
11681
11757
13931
14176
13913
13870
13930
13502
12876
13926
13025
11773
11988
12890
12373
11272
12266
12280
11473
13584
14056
13194
14085
13642
13179
13260
13161
13032
12381
12952
13954
12266
12028
11780
11858
12536
11118
12144
9834
12048
11173
10929
10439
9916
6458
8034
10829
14233
13917
13828
11836
12868
12553
12904
13533
13763
13404
13157
11970
12540
13096
14125
14930
14440
14454
14533
14511
14274
13425
15133
14567
13515
13951
12664
13140
12934
12990
13715
14543
14217
13874
14052
14142
13739
13766
11305
10836
11848
11714
14117
13552
12404
13909
13395
11491
9940
11249
10695
9174
10204
10668
9778
9997
8654
11364
11236
13027
11940
11964
12586
12393
13436
14452
14409
13843
14463
14321
13773
14586
13571
14963
13858
13698
13266
13363
13603
14473
14358
15108
14318
14111
13897
14511
14468
14222
13140
14636
14060
13631
13131
13325
12269
13209
12763
11384
10921
11662
10707
12632
13495
13501
13152
11959
11376
14124
11998
12257
12372
12390
12585
11594
13302
11179
11218
12548
12070
10495
12525
13207
13694
12981
12470
12964
13554
13990
14838
14732
13908
14271
14480
13863
14226
13458
13552
13242
13940
14769
13122
13209
12238
13451
14162
13659
14171
12966
14188
14477
13496
14208
13447
12190
11698
12024
12947
11494
11006
12103
13684
11936
11358
13232
13941
14803
14389
14470
13502
13372
14308
13124
13708
13454
13935
14103
13874
14931
14602
14287
14233
12995
14569
14822
14470
14309
14586
14413
15067
14503
14592
14252
14212
14409
13763
14365
14208
13709
12898
12916
12633
12906
14610
13181
13995
13724
13901
13844
13426
12579
13163
12975
13098
11618
11571
10722
12268
10995
11738
12069
11505
11386
11918
12446
11299
10710
10692
10136
9833
12680
11732
11247
10306
8923
12286
12054
12897
12885
12189
12578
13662
11915
12919
13623
11732
12615
13654
13522
13767
14643
13124
13696
14532
13781
13004
12723
13831
13366
13046
12767
13060
14156
13083
13902
13079
13009
12458
13620
14522
14535
14076
14457
14167
13874
14565
14120
14605
14349
14632
14366
13961
14439
14595
14612
14381
13903
14155
13262
13600
14254
13351
14569
13556
14298
14478
14129
14405
14221
14264
13984
14379
14108
14231
13898
14577
14348
14494
12170
13653
13867
12701
11520
12843
12714
13604
13809
14078
13884
12861
12531
13161
13221
10913
9165
13384
12570
13337
11797
11964
13941
14513
14719
14265
14136
13383
13578
15051
12748
12892
13817
13999
14307
13818
15110
14560
14574
14288
14044
14238
14794
14254
14371
13504
12627
13420
13388
13746
13274
13141
13812
13556
13683
13738
13876
13974
14496
13231
12963
12877
13544
14454
14370
11488
12782
13629
13809
11670
12071
11831
13096
11205
13159
14564
14123
12881
14400
14315
13851
14207
13875
13027
11796
10817
12161
11232
11851
10444
11583
12148
12648
10448
10655
9640
10818
10665
9390
7101
10155
13977
12414
11818
12232
11017
12024
11317
11834
13393
12566
13753
14259
13796
13953
13465
11913
11950
11867
12471
13474
12816
14549
14103
13276
14062
13197
13083
12973
13879
14514
12882
13507
14086
12588
13044
12695
12592
12902
12720
12740
11580
11640
12706
12011
12385
10887
13285
12868
13177
10256
10529
12806
11835
10599
12056
12328
12531
12135
13554
14048
11716
11659
11092
12292
12687
11983
13668
13650
12742
13602
12288
12195
11970
10390
6482
8267
9922
9180
11672
13164
13259
12266
11655
10166
11470
12660
12084
10870
11664
11798
11036
12018
12556
11801
12627
11558
12168
12859
12909
10335
10016
9907
10166
11192
11920
10318
11619
12574
12981
13642
12095
11980
11729
10109
11809
14080
14013
14043
14007
14306
13927
12355
10558
10747
12149
12503
11024
12082
12786
11625
11503
11540
14252
12522
12726
12305
12021
10814
13183
12181
9775
8179
9148
8331
7162
8846
10672
10528
10147
11690
10792
10014
11172
10853
12112
12805
12935
13030
13088
11738
11200
9661
10680
12010
11917
11544
13024
12646
12156
12002
12131
10723
10845
11655
11218
10556
10546
10083
12485
12431
11719
11288
10278
12959
14187
13762
13741
12994
12246
13224
12969
13498
12212
13422
11917
11983
11892
12449
13761
13930
13380
10641
9894
9245
9755
9479
9287
9306
7978
1510
14338
12699
13739
12753
12787
12947
12657
13412
11974
11927
11796
12085
13077
12740
12650
12627
12795
13610
13458
13735
14732
14206
14000
12720
14024
14704
13936
13017
12976
12992
13962
14139
14142
14096
14199
14659
13703
12159
11452
11724
12838
14327
13884
13277
13654
12316
12282
13044
14097
12949
12685
13333
14210
14262
13956
14064
13942
13034
13944
13773
13081
12274
11942
10742
9978
11879
12082
11464
11567
12427
13694
13946
14102
13952
13556
13703
13546
12956
15278
14047
12513
11665
12702
12077
11916
12907
11994
11176
10906
10999
11588
10021
12220
11951
11399
11067
12457
13426
11842
12968
11628
11347
12038
11323
11154
10473
10328
10182
11044
10912
12648
12405
13781
12889
9860
10524
11380
10715
7788
6478
7590
7847
8417
8248
9904
11437
9581
10129
10936
9845
9839
10574
9412
9037
8522
9760
11925
10900
10688
11157
11588
9995
11101
10551
10812
9743
10853
10368
9759
11867
9398
9997
10187
9937
9559
9423
9483
11396
10141
9771
9531
10620
11312
10606
11893
9477
10227
10537
9585
10845
11071
11964
11031
12008
11395
11604
11775
11729
11774
12705
11397
10708
9055
9774
9263
11980
11087
10533
8771
9539
9025
9175
9653
9507
7917
12656
13700
14975
14424
13986
14239
14362
14073
14148
13818
13675
14356
13568
13378
14113
11677
11397
11662
12380
12061
11287
12347
12114
11160
12071
8759
9483
12270
13592
13016
12814
12823
11373
13423
13585
13220
14332
13260
13002
13327
12834
11902
13656
14217
13842
12475
13731
14379
14012
13683
14475
14715
13506
13813
13909
14378
14248
13888
14309
13803
11051
12126
13394
14381
13872
13275
13508
13014
11790
10956
13266
12015
12898
13672
13672
13882
13746
14610
14090
13139
12781
13978
12614
13022
13392
13416
13969
14023
14283
14092
14218
14319
14044
14037
14633
14526
14242
14401
14453
14005
13701
14673
14225
14472
14250
13963
15375
14514
14396
13361
13475
13124
13644
14015
15360
14202
13535
14352
14102
14690
14637
14589
14484
13878
12309
13453
13852
13580
14521
14125
14078
14052
13139
12926
13906
13747
12865
13113
12579
13220
13704
14004
13437
13865
13794
14134
14192
13691
13921
13809
14691
12768
13110
9093
13567
