5851
9099
13086
14384
9683
12625
9844
12979
17076
11190
10769
10798
12223
14306
11421
12378
13720
13031
11452
10952
14595
13332
12118
13814
15365
17459
15043
12368
15456
15569
14683
16987
15623
13834
15243
15638
16948
16547
21408
21967
20876
19481
15091
12673
15192
21837
20297
19911
19665
23615
20539
18857
23251
19937
20479
24822
21858
20775
25585
25909
25290
29242
29255
27542
23753
23998
23089
22540
26987
28619
26192
25808
25821
24171
20458
23628
21403
22853
22668
21924
19902
22363
18638
19716
25026
25874
27379
25499
23187
23978
28713
30607
29841
25906
18509
13291
19777
16880
17779
19863
21071
19155
17501
22451
21671
18230
16957
14853
20527
14289
13049
13564
18113
22757
19589
16369
16570
20595
25053
21692
17888
21455
18910
20891
23217
23841
21063
23887
20585
24787
17150
22114
19307
21902
20911
20444
17239
18597
19187
21097
24554
25431
28170
31578
31890
31600
30289
26309
27045
31230
31194
29214
26060
27902
23955
18391
11653
15233
13400
12577
21046
17325
17880
20180
18148
17926
20136
19425
26103
25696
24314
22632
23268
21085
23053
19667
21468
13165
18732
12283
15978
15998
18111
19026
17166
24884
20987
21897
19951
21136
18678
16352
18171
20199
13952
16207
24475
21087
19841
16198
15052
12534
15546
20219
28370
24885
18750
23312
23435
20634
15255
25897
15530
21233
13907
14582
14058
17720
17187
17379
16728
22460
20185
24773
28508
22755
21340
17471
21055
24937
26531
17792
15997
21587
17015
17291
13845
20900
26011
28803
27143
23705
20307
20755
24162
28428
26899
24030
17154
19206
18723
24226
19847
16090
20988
23412
21941
18343
16752
16774
20565
17197
15085
20500
27198
28838
29448
23846
22612
27763
29720
29424
23097
13929
16939
16987
15365
18822
17681
17742
14946
18439
23427
26992
18581
16541
21199
22590
17076
16999
16248
17328
19519
27884
20594
17464
19479
10573
16481
25784
26200
24044
26657
16440
15226
16212
16604
15359
18869
18687
20308
22795
25003
25632
27090
28704
28723
24292
24227
28402
26102
23232
22896
20483
22467
27336
29573
24480
21788
20502
22403
21814
27271
26100
25735
26139
28436
23351
21314
23284
20061
20879
19867
19521
21095
20971
21675
22093
22289
24930
26852
25597
23677
26752
31738
30358
25453
27942
28360
25315
22292
22682
30402
31477
31187
23227
22143
21341
26053
21837
19256
18735
20771
20583
24403
19364
21095
18350
24175
25664
27379
27928
27719
28519
25415
19770
15618
15579
13303
14193
23176
21784
19914
20221
20759
26052
21755
21131
24658
17231
14177
13769
14831
13423
15606
13949
9295
9863
26467
24683
21631
19119
20828
24846
23381
19063
13968
12538
15466
15653
10189
13599
18112
19333
23096
24822
24389
24880
25694
25283
20910
23236
23518
21321
25201
26615
23177
19990
16726
20840
24489
27021
21735
18360
16963
19555
19644
20003
15528
17525
18054
15726
15208
14409
12520
10753
12950
17316
10633
15361
17646
17998
19572
19126
16484
21110
22220
20236
20068
21662
19245
19742
22045
22593
20600
24344
17278
15111
25059
28052
26851
26440
28530
28908
31445
29464
31447
29686
26608
27006
28516
28276
30600
26650
23851
22459
22577
22046
28283
30208
27226
25757
24659
23126
22784
25382
25605
22755
21214
21325
25039
23712
24728
26356
22032
19756
23645
21754
18265
16236
16521
16258
13255
13808
11746
14192
22813
22138
22562
16724
16912
19053
20308
20688
18738
19146
18707
19152
22357
23177
29856
28235
27775
26709
23870
21254
21150
25637
24383
24313
24514
20530
21706
23311
24069
21113
26882
30156
29695
30703
29734
27986
25306
27087
21125
20299
20854
22651
28739
28821
29343
22533
22414
23638
22073
23991
23545
21538
15338
16399
17790
17422
18765
23336
23953
26186
24967
22147
17075
15018
11786
10268
14542
15872
10348
9272
17675
22883
21055
23266
20555
19451
19342
24451
27112
25688
22662
25220
17896
16567
21432
28176
30362
28564
29055
31146
29430
26034
21504
17815
19644
19642
22316
27784
26843
29723
27841
22209
19147
19923
18740
18164
24112
29647
28706
29140
28859
32435
30036
28286
26104
23600
25285
24286
24904
20010
23145
27112
27092
22261
18991
21907
22995
26535
23084
21857
21274
25358
29467
29251
30747
27293
24763
25826
28201
26796
21822
23246
25750
26909
22954
26843
27017
25089
26510
22905
21373
22536
23685
27267
22059
25302
28005
30998
30407
28374
22578
24413
24836
23200
24600
24105
26936
28727
27942
23412
21615
27202
30084
29723
29737
30189
30466
30817
29201
28207
21512
19154
21772
24952
24932
22893
23962
21120
23404
21709
24501
25988
23939
19429
20323
19464
23978
26218
28690
22811
24866
30676
30335
25406
23102
24410
28923
28877
22259
21751
26849
29250
25732
23628
26254
26827
26076
25766
28620
27758
27534
24082
20320
18128
15967
19894
19181
21951
21837
8539
16014
17194
21165
19134
16011
20461
23310
19662
15923
22631
28437
23285
16461
22137
17328
28187
29884
28971
28764
28765
29417
30110
30524
30141
30170
30156
27213
18083
17738
20896
21635
21881
21260
20107
24586
22413
24169
23130
20972
25902
27093
27881
24045
20122
20324
18781
20334
24101
23628
23424
22400
20962
25265
24142
24976
21931
23296
20675
19182
24839
22876
20294
19821
22139
20871
19688
20899
20542
22561
23156
25113
27344
31587
29916
27572
24058
26663
24630
24113
24190
24068
22476
24123
26270
29280
27051
26522
28156
29881
25462
23209
24867
25384
24465
20937
20834
24753
21719
22879
26317
27524
22574
28272
29283
23842
23468
23747
22790
20886
23961
27108
26879
21603
17733
15641
13216
20952
18050
16268
15438
20857
14432
19846
23235
25502
20713
22176
24740
16759
12449
16788
20995
23005
17225
19014
17828
19476
19871
16142
23146
27880
24715
26887
27917
26158
23984
17824
16449
15921
19098
14198
13584
15594
13128
10995
12647
12770
12340
15874
17629
14637
17950
18220
17275
16403
23465
24309
17928
19422
21296
18212
15754
16524
17806
18742
21797
22152
21094
18817
24994
25544
19210
21576
19200
20181
19917
19217
14313
12650
17633
10622
14072
13924
13818
15375
20550
16280
14894
13661
14667
11902
16047
20628
22243
22306
28275
26606
25729
23675
18031
20381
27484
28414
22526
25752
28340
24542
29082
30284
31218
30415
29352
25384
23442
27418
24204
21632
25590
23539
27267
27021
24235
23656
27575
24253
23700
23277
22745
22303
22761
21353
20534
17885
23897
28372
27708
29894
27079
25179
28437
22132
23789
28008
31724
31310
26160
21711
20686
17695
18379
20239
19927
19206
21611
25415
23889
27690
23901
24182
22470
22152
29152
25371
25447
26388
27820
23063
25642
25117
26311
26785
23230
21410
24402
20636
22614
22057
18744
19832
27058
30415
25738
21663
22551
23745
25861
24089
20007
19163
17140
22350
25681
21220
20905
21262
15852
16619
17514
18929
21138
22051
20094
24109
16435
15906
6786
7738
17957
12456
10226
12081
23626
24882
30353
25380
27643
25964
27565
27850
27559
24022
24645
26858
26822
24416
22025
19121
20442
21095
19269
19577
18997
19485
18907
17010
20407
18945
22386
21569
21013
17822
20797
21947
20724
23188
20696
19989
11788
22031
14680
22736
25322
18988
25538
26732
24603
16232
18312
16685
15098
17278
20867
15790
16552
12686
9480
11104
19290
21809
26131
27952
28564
28227
29785
29515
29923
23928
25159
28476
26352
23098
23339
23159
25953
25500
22419
22168
17578
12437
14189
10635
16795
22749
20086
16550
21137
21353
25160
29116
26012
22374
25109
27852
27813
26981
21780
24829
30426
29779
25669
26042
26549
25153
26697
29666
23614
17030
15276
16495
16563
17257
23304
19086
20685
26691
19813
18179
16604
21772
24740
29024
22678
16046
15305
12731
15415
16909
19078
12066
16552
10049
12413
12660
20069
23752
23966
24160
16518
16482
18534
14088
15354
25939
28103
25197
26840
21545
20179
18508
16727
13127
18022
23081
19437
19156
15628
18347
17742
19584
24282
19908
25466
23189
22724
14291
17633
26583
18998
14287
16143
18363
25877
28225
22868
20874
20295
21289
22117
22310
22396
25603
19628
22422
24854
25340
24623
20485
20329
22222
22536
23801
22504
19127
24155
28338
30030
28308
22547
19038
23806
31079
29112
27915
24832
28183
28279
25250
24518
25047
25268
21681
19738
21039
20697
18073
19697
18595
17528
16817
24221
24341
27565
25575
25611
24303
25204
30705
30606
29149
30466
30157
25905
21249
21053
21581
21585
22874
24400
19835
18313
17753
18807
21483
18325
20818
22187
18009
23282
18544
14427
17759
19054
25190
26016
16757
14407
14788
7380
7363
22142
20220
24095
22571
19435
21700
24210
28597
28965
30053
28240
23662
21363
22696
18415
24951
22455
20189
23358
23421
26691
24388
28563
28296
23454
21375
27311
28925
31358
28284
20674
14851
16394
15635
17569
16286
19171
22235
20636
24803
27767
22095
19197
23260
23120
25824
20316
22341
19563
19689
19685
19582
15626
17688
18448
16881
15864
16411
17240
15987
17571
16896
14866
21636
23168
25294
30473
27804
21342
24259
21393
17154
18633
17059
23783
19376
19173
14581
16184
22803
18709
22232
24839
19090
18075
13197
20643
14602
14286
17373
13824
10019
9235
9914
12010
11592
7036
7121
8295
14653
21201
15849
22644
16543
16827
17238
21788
27075
22379
15466
15006
15310
17235
18891
20754
28215
19478
20944
19930
20669
23357
21248
21108
20366
17376
16204
20546
21794
19605
18957
16503
23323
14917
16713
18668
14496
23056
26544
25732
27618
29822
30395
28981
26925
23404
21494
23286
23629
20476
21409
29165
28614
26363
22394
17364
12582
12308
10684
19385
17136
21560
18068
21630
12927
11536
16798
19919
26960
25422
22116
21389
18070
15764
22586
24567
22627
22311
21293
19607
18080
23135
18705
16275
13694
19983
17307
13203
15331
14790
14561
19457
24777
21888
24888
24727
20201
18875
19830
17835
17380
19495
26265
18262
18397
16269
15851
18886
14522
16633
11923
17293
16401
15585
14699
13976
6953
9800
13114
21733
24846
21795
15889
18178
17347
16511
19734
21494
19575
22688
15842
18090
17131
20296
25727
26578
27724
29069
30360
27007
20595
26660
26788
22579
24395
19406
18908
18405
18291
19816
29049
29012
26476
25546
25767
24340
21138
13052
12557
15197
13850
27466
24085
15762
22675
21095
16060
9821
13541
12919
8520
10447
10877
10933
11081
9073
14496
14812
17525
15063
16297
17892
17520
20707
26335
28372
22419
23852
26544
21708
26702
26849
29089
25163
21536
20317
20178
22091
28816
29297
29147
23480
24499
22402
26927
27563
25845
20984
21929
23889
21740
18565
18602
15044
20094
18245
15042
11915
13445
11604
15762
20115
19496
21403
16351
13306
23838
18014
17820
17241
17634
18651
15661
19086
12723
12774
17686
15845
10739
17667
21861
24196
20739
17480
18324
21795
23750
25011
28845
27406
22150
26266
24265
25922
24326
21881
21620
21649
26025
22489
20797
16605
19914
24307
24180
26956
21409
24191
25802
22738
23621
20701
17368
13289
14726
16620
13281
11637
13372
23987
12965
13084
19766
26188
28980
28617
25771
21369
21181
21660
20805
22344
20749
21052
22555
23996
25585
28128
29327
28242
21475
24067
28283
27387
26037
28364
28175
26643
29917
30707
29836
29206
25946
23938
27108
27962
23130
19640
18588
18988
19574
24058
19886
22912
21688
21787
21759
22269
17358
19825
17977
18374
15434
13801
12345
15306
13711
14714
17455
17046
13413
16590
17212
13073
13150
12369
12075
11543
20287
18754
15538
15239
11798
18389
17887
20952
21864
17860
18374
20199
16207
19138
20452
17004
17081
22297
21378
23030
26163
21765
22709
26957
24443
20807
19441
22570
20257
20763
18557
19589
23112
20775
22018
19873
20432
18780
20087
27565
28954
31106
29951
25895
23393
26948
30853
31973
30527
30852
29520
29349
29938
32162
30258
30077
28003
23028
22981
23781
25070
23365
25356
23782
23484
28281
30080
31708
30352
30220
31366
31443
31620
30256
25971
28056
27343
26087
18622
22348
23123
18417
16071
18252
20097
25265
22549
27982
28052
23860
21651
24724
24138
14117
11469
23631
16291
22050
13303
14472
22143
26070
29635
29040
27984
24136
21351
24131
18759
18534
23103
23598
24722
22063
27189
30305
31200
30944
27352
23672
29791
28810
28317
23482
19067
20935
21282
21586
20627
18855
20615
21395
21315
21387
24359
21740
22984
22533
19158
16027
20777
24044
20952
14582
17243
19764
19861
15200
14683
14898
16612
12626
17034
23336
23453
21456
24469
28626
25809
27532
25582
20176
18041
14308
17116
15126
15869
13563
15542
17427
19198
14423
12421
12795
13135
12363
10791
6180
15496
24364
19801
18414
21088
17276
18697
15860
18629
19639
18988
23100
25387
24220
21839
20822
15947
13636
15602
17360
18587
17079
24427
25073
20867
24341
20976
19820
18319
21907
26924
20765
22940
20549
19209
18984
19038
18974
19284
16914
17368
13983
14898
17060
16658
16662
13301
19691
19244
19149
10750
11767
19412
18022
12450
15741
17572
18682
17245
18644
23579
16496
13666
14037
16696
17408
15593
23271
23218
21133
24073
20502
16102
18249
14386
5248
7575
10760
8589
14649
20475
20220
16291
16199
10910
12931
18287
16446
12837
14984
16899
15325
14917
18033
16039
16191
14906
15786
18011
18855
12076
10839
10972
9914
14920
16344
12935
15122
18335
21279
21432
16998
16374
15739
11207
15608
25553
26399
26687
26254
27330
26130
19977
12765
10424
13643
16303
12173
17014
19236
16967
16069
15866
26729
19458
17730
17195
18402
12339
18937
16810
10376
7370
11773
9150
6929
8550
12505
13545
10451
14472
13485
9744
13801
14081
16994
18527
20662
21627
20165
16707
15036
9200
12058
17292
14800
13158
20270
17233
16090
15277
16311
11863
12641
14073
15178
10762
11191
10751
16236
16106
14654
12731
10830
18195
25324
24671
21645
19211
16476
18685
19751
21323
16974
18392
17295
16214
16033
18559
23638
25670
23974
13881
10819
8749
8908
9953
9512
9727
7454
1898
27099
18440
23525
20960
20622
18984
17489
19479
17331
17518
17016
16424
21155
18487
18530
17820
20620
22094
21464
24743
28466
30558
26539
20159
25703
27164
22717
18474
19473
20627
25567
25896
27758
23258
26207
27242
20615
15578
16285
16023
18525
23355
23650
22159
21576
16887
16570
19808
26748
22309
18187
23100
28451
29359
31454
29207
28624
24144
25111
29211
26188
21366
19101
15221
15282
15746
15890
13609
15733
16376
22151
25181
23776
21834
20047
22743
23132
20292
25984
23280
19165
16090
17924
16934
18190
19939
19298
15423
15084
15371
13710
10713
14082
15489
12108
13729
15926
22069
16028
18002
17036
13824
15856
14051
15027
13103
12410
11657
12702
14510
20204
18285
24387
21347
12286
13268
17058
15828
7355
4482
6926
6299
7260
7399
11920
15146
8239
10938
13435
10259
11727
13110
9767
8082
6602
9882
19886
14726
13653
16679
17719
12291
13843
13952
12972
9523
13883
11513
10818
16622
9423
11097
9794
10771
8493
8770
11045
16953
14929
11935
11362
13946
17440
12687
16370
10342
11448
14126
11442
11491
13747
15313
13961
17965
12964
13239
12957
15829
15493
19711
13939
13878
9131
9204
9034
15354
12239
10326
8968
11596
9745
10255
12271
13416
11277
22488
23433
28405
25319
28926
30548
29903
29106
30563
28586
25900
26007
26030
21879
25214
18599
15828
17468
16657
18352
14996
17504
17781
16934
19019
8795
11502
21191
27599
26227
21736
23518
15022
21601
21380
19157
24302
21475
19490
18804
18446
16798
21797
24545
23849
19853
19562
25760
27851
28349
27740
27973
23142
23798
27909
28656
27445
27112
28036
21302
13298
16541
19874
23550
21990
20805
22829
19538
16722
12963
22228
17336
18932
22429
23961
21446
21692
24207
23695
20250
16672
20116
16512
18770
21349
20148
22497
23564
23991
25619
25598
26652
27532
26102
26048
26971
27943
27099
30435
27982
26590
27654
26480
27448
27365
24903
26761
25517
28007
21935
20258
22088
22838
21036
26171
25851
20106
23394
20771
22893
22884
25387
25095
22200
15655
19733
26112
20770
24231
28251
27753
26731
20466
18408
23325
22552
18468
20632
20128
19819
21334
23012
22295
22426
23925
26573
25737
25334
25460
25543
23193
19403
21574
8979
23854
