15810
17339
18115
19758
17918
17834
18154
18618
19395
18761
18539
19332
18749
19084
18229
18988
18710
18613
18552
18082
18745
19144
18415
18723
19446
19454
18298
18761
19150
18995
18719
19334
18750
18370
19177
18460
19190
19692
20465
20033
20222
19452
18621
18898
18597
20561
20722
20666
19816
20241
20145
19134
19613
19315
19182
19699
19865
19889
20252
20342
20037
20327
20152
20614
20529
19782
20402
19402
20028
20196
20710
19510
20787
20356
20148
20114
19369
20595
19968
19583
19945
19224
19214
19446
20135
20227
20935
20217
19507
19662
19567
19667
20231
20537
19108
18099
19635
19559
19161
19593
19556
19624
19486
19957
20373
19738
18570
18312
19691
19321
18487
18261
19708
19971
20353
19326
18504
19153
20216
20124
19661
19786
19120
19601
20152
19777
19867
19866
20246
18758
19463
19841
20673
19032
19233
18871
19222
19832
19422
19791
19246
19785
20098
20000
19798
20259
19920
20600
19035
20005
20148
20097
20346
19993
20738
19501
18026
18625
18410
18357
19421
19235
20095
19409
19985
19195
18984
20198
19835
20705
20278
19998
20560
19471
19690
20383
19460
18515
19081
17008
19553
19131
19272
19833
19705
20388
19558
20290
20184
20490
19446
19407
20105
19626
18659
19844
20108
20129
19835
20303
19170
18307
18631
19986
20286
20672
20103
20626
19712
20435
19294
20678
19953
19422
18690
18319
18594
19045
19207
19457
20228
19209
18913
19859
20102
20446
19367
19852
19487
19959
21025
19179
19017
19910
19269
19157
18477
18969
20556
20030
20328
20640
19125
19677
19479
20262
19895
20035
20181
19252
18777
19435
19726
18921
19784
20676
20004
20155
18879
18072
19760
18769
18408
19697
20101
20284
20293
20110
19961
20515
20286
20532
20250
18615
19246
20044
18786
19765
19612
19953
19731
19094
20184
20191
19366
19337
19717
20229
18431
19244
19698
18872
19039
19792
20051
19331
19068
17536
19054
19922
20397
19937
20364
19617
19005
18438
19480
18725
20112
19360
19444
19718
20242
20123
20210
20791
20524
20876
20160
20218
20362
19713
20564
20137
19100
19400
19909
19793
20426
19852
19638
20289
20139
20437
20489
20059
20178
20521
20104
19706
19394
18955
18958
19964
19755
19688
19930
19727
20547
20559
19861
20144
20408
19839
19959
20182
20045
20014
19884
20106
19648
19545
20145
19543
20326
20471
20305
19299
20162
20422
19698
19868
18628
19096
19581
19756
19396
19533
19858
20459
19718
20512
20716
19796
20449
20090
18963
19650
18063
17906
20191
20494
19770
20375
20376
20369
20484
19222
20126
19277
18410
17888
19361
18524
18692
18832
17052
16772
20431
19930
20564
20250
19085
20178
20444
20227
19214
18736
18910
18977
17542
18720
19739
19697
19912
19776
20192
19370
20236
20650
19375
20010
20007
20200
19835
19867
20486
20535
19114
19547
19821
20576
20470
19161
18373
19308
19836
20194
18698
19525
19236
18953
18952
19034
18885
18130
17419
19004
18166
18855
19346
20126
20282
19264
19259
20179
21166
19533
19986
20252
20429
21217
20366
20700
19619
20065
20067
19958
20571
20615
19716
20790
20193
19696
20066
19955
20167
19699
20207
19815
20352
20225
20188
20315
20158
20388
19952
19491
20159
20117
20348
20350
20736
19715
20511
19926
20206
19768
20008
19500
20207
19932
20400
20717
20497
19685
19311
19678
19299
18949
19404
19853
18103
18620
17991
19037
19527
20440
19796
19664
19252
20458
19196
20097
19000
19424
20020
19368
19278
19859
20231
20169
20146
19515
20350
19812
19249
20020
19597
19881
20268
19794
20026
20322
19192
20265
19640
19835
19918
20099
19764
20326
20416
20067
20158
19497
19813
19343
19983
19708
20117
20452
19757
20751
19252
19634
19692
19755
19067
18130
19161
19502
20302
19631
20105
20060
20038
20246
19772
18938
17535
16961
19308
19725
18466
17765
19724
20346
20338
20398
20126
20121
20453
19713
20848
19899
20366
20497
20377
19372
19284
20116
20261
20426
20295
20540
20198
20634
20080
19915
19506
19349
19607
19965
19940
20023
20599
19455
19763
20236
20050
19009
19812
20637
20719
19790
19953
20006
20335
20431
20207
19998
19571
20639
19739
18973
19654
20194
19847
20768
19332
19145
20434
20018
19607
19690
19617
20082
19637
19681
20326
20236
19035
20343
20254
20990
19359
20267
20214
20143
20369
19948
20577
19954
19978
20204
19885
19794
19237
20329
19348
20241
19776
19825
20217
20324
19921
19856
20673
20469
19216
19147
20163
19820
20605
19886
19282
19883
20300
19799
20414
19962
19967
19881
20175
20488
20605
19316
19856
19952
20840
19741
20437
19567
20067
19758
19805
20529
20233
19382
19517
18877
20060
20335
20273
20090
19155
20089
19988
20188
20369
19688
20206
20452
20350
19492
19801
20062
20494
19053
20129
20584
19734
20095
19892
20760
20190
20406
19503
18831
19598
19765
19447
19913
19964
16869
18970
19179
20346
19908
19418
19840
20216
20859
19096
20508
20081
21023
19061
19781
20382
20052
20348
20214
20624
19962
20404
19794
19964
20178
20341
19998
20438
19817
19075
20340
20467
19874
19201
19775
19925
20531
20677
20018
18975
19869
20401
20497
20210
20120
20027
19525
19201
20237
20303
20637
19034
19608
19936
20140
20171
19146
19208
20261
19750
19442
19485
19041
19844
19644
19398
19322
19640
19526
19797
19112
19770
19826
19796
20062
19928
20423
20298
20282
20004
20708
20260
19121
19425
19748
20064
20425
19666
20157
20317
21066
20226
19595
19906
19824
20413
19462
19625
20522
19447
19819
20706
19323
19692
20190
20059
19452
19845
20508
19247
20054
19732
20364
20070
19229
19051
19385
19515
20508
19688
18666
18755
18591
19580
20033
20760
20023
20232
19848
20230
18197
19221
19514
20771
20239
19049
20265
19510
20081
19793
20233
20048
20667
20104
20288
19947
19879
19828
19784
19823
18998
19292
18453
19243
19182
17355
18186
18507
17894
18789
19686
18983
19527
19217
19519
19033
19916
20648
19475
19582
19966
19557
19325
19228
19639
19677
19293
20476
19350
19144
19499
20569
19881
19683
19288
19036
19004
19434
18770
18013
19036
17922
18332
18284
18562
18331
19626
19287
19606
18464
18447
17628
18937
19873
20089
19843
20228
20366
20150
20434
19841
19826
19949
20324
20750
19046
20143
19629
20399
20504
19825
19811
20020
20508
19424
19751
20273
18612
20169
19446
19739
20048
20428
19678
19828
20776
20452
19869
20179
19460
20307
19531
20091
19803
19576
20177
20496
20239
20349
20251
20075
20546
19843
19573
19639
20077
20802
20484
20106
19215
18902
19121
19578
19286
19725
20499
19980
20311
20243
20064
20050
19835
19928
20566
20099
20284
20076
20292
19543
20421
21099
20217
20021
20363
20076
19900
20158
20166
20311
19424
20065
20315
20409
20222
19112
20379
19899
20164
19770
19707
19071
20064
20054
20849
18999
20374
18606
19225
19021
19841
20271
19570
19581
20291
19417
19768
15465
17573
19353
18517
17773
18636
19223
19440
20019
21125
19898
20100
20098
20536
20289
19642
20460
19286
19827
19862
19853
20098
18936
19699
20059
19586
18791
19760
19643
18827
19717
20105
19025
20116
19455
19304
20046
20409
19838
19069
20267
20209
18167
20151
19817
19836
20261
19902
19990
20006
20249
19551
19466
19583
19158
19258
19194
19284
19380
19292
17282
18352
19763
19113
20529
19905
20410
20184
20279
20197
20040
20715
19704
19810
20363
19518
19754
19468
20568
19607
20012
19304
19573
18832
19111
18120
18901
20524
20026
18831
20190
19616
19629
20343
20858
20861
19456
20318
20072
20211
19960
19916
19764
20217
20409
20308
20321
19933
20134
20124
21387
18779
18351
18555
18564
20119
19651
19687
19149
20151
20507
19284
19142
19570
19822
20066
20377
18992
18776
17964
18644
18731
19465
18338
19490
18032
19447
18199
19626
20417
20660
20106
19189
20013
19326
18766
18411
19801
20817
19673
20514
19736
20430
20241
19283
17865
18811
20295
19385
19304
19470
19306
19976
19310
19537
19549
20538
20018
20549
19167
18527
19710
20336
19442
18948
19186
20148
20211
20306
19972
20199
19393
19503
19918
20157
20084
19587
20373
20466
19751
20573
20134
19742
19295
19533
20390
20565
19675
19621
19863
20070
20197
20669
19735
19882
19897
20228
20488
19793
20236
20546
20866
20160
20000
20570
20474
19590
19360
19602
19821
19891
19563
20052
19839
19528
19539
20202
19974
20308
20164
20152
19947
20052
20457
19982
20024
20686
20612
20638
20332
20542
19566
20100
20494
19365
19753
19716
19985
20285
20301
20962
19937
20640
20164
19628
20329
20117
20626
20234
20656
19292
19636
17491
15911
19602
19874
20187
20031
19392
19820
20584
20097
20462
19509
20240
20323
20543
19533
20016
19434
20233
19437
19737
19884
19500
20556
19571
20201
21035
19759
20653
20453
20063
20513
20570
18525
18452
19001
18721
19477
19521
20167
20477
19978
20285
20038
20167
19720
19712
20750
19572
20513
19454
20004
19703
19775
19074
19154
20123
19373
18829
18234
18724
19214
19522
18902
19527
19988
19738
19933
20105
20299
20382
19025
20394
19576
20680
19475
20079
20186
19181
18254
19217
20498
20245
20330
20590
20774
20012
18508
19491
19539
19230
18904
18190
18044
17248
17344
18782
18298
16138
16820
15603
19177
20169
19557
20306
19495
19121
19860
19149
20437
20385
19505
18915
19180
19926
19854
20392
19793
20119
19589
19460
19805
19486
20099
19285
19732
19341
19530
19362
19514
20185
20834
19122
19486
18318
18965
19756
19403
19997
20129
19816
20430
20470
20028
20397
20676
19426
20405
20474
20056
20024
19992
19787
20320
21208
20486
18922
18318
17869
18189
19200
19080
18669
18807
20076
19467
18572
18971
19078
19902
20080
20247
19305
20348
18387
19598
20230
19925
20158
20097
19255
20170
19542
19499
19345
18317
19930
19488
18147
18717
17880
18472
19439
20080
20754
20489
20916
20165
18792
20426
18863
19700
19556
19603
19386
19608
19551
18566
19861
19497
19471
18479
19586
19540
18807
18431
18571
15616
16334
18446
19517
20226
19572
19401
18920
19554
18996
19565
19655
20175
20882
19012
19921
19518
19202
19923
20058
19908
19969
20140
20731
20265
19865
20743
20638
20261
19895
19055
19129
20000
19152
20061
20402
20705
20729
20432
21164
19414
18027
19135
18955
18900
20042
20522
18904
20007
19543
19852
17676
18940
18074
17082
17131
17638
17376
17341
18097
18630
19245
19003
18401
18656
19962
19607
20612
20912
20526
20092
20363
20783
19277
20465
20116
20221
20823
20183
19527
19988
20342
20004
19809
19825
20500
19911
19710
20409
20448
20337
19939
19053
20095
19941
20024
19183
19487
19142
19864
19646
18105
18471
17993
18024
19319
19034
19545
19121
18618
19773
20098
19541
19037
19725
20123
19431
17969
18455
18152
18959
19629
18014
19125
19182
19655
20730
19437
19806
19600
20259
19584
19617
21061
18849
19845
20137
20213
20583
20032
20210
19293
19293
20521
20400
19295
18874
19759
20607
20138
20343
20014
19966
20502
19255
20045
18996
18227
18363
18933
17736
18198
17161
19716
18563
18414
18554
19944
20086
20324
20148
20338
19764
19147
19863
20339
20172
18779
19299
20524
19500
20062
20180
20359
20654
19376
20137
20279
19957
20115
20430
19258
19701
19881
20339
20220
20352
20610
19738
20506
20370
20231
19781
19541
19320
19622
20449
20073
20064
19868
19675
20368
19137
19276
20180
19721
20023
19140
18681
19021
18672
19215
19701
20148
19072
19671
20188
19017
18832
18325
18030
18071
19900
20077
19670
19574
19585
19248
18914
19260
19950
19429
19303
19021
19580
18913
19146
19735
19498
20038
19772
20248
19807
20067
19817
20220
20431
20457
19740
19437
19894
20154
19517
19784
19902
20436
19807
19114
20040
19565
19239
20377
19881
20159
20032
20370
20437
19653
20079
20069
19770
20185
20255
20750
20170
19928
20222
19856
20671
19842
20364
20690
19619
20615
20128
20362
19961
19893
20255
20194
20093
20039
20101
19722
19973
20087
20307
19999
20365
20221
20134
19276
20067
19987
19453
18685
19548
20428
19434
20450
20310
21143
20271
20649
19941
18574
18155
19843
19539
20059
18632
18636
19694
20362
20129
20305
20120
20678
19496
19656
20287
19039
19403
19776
19436
19917
19487
20075
19810
20256
20579
19516
19359
20761
20093
20767
19360
19353
20098
19480
20296
19258
19096
19650
20065
19536
19842
18894
19425
20903
19106
18453
19851
19358
19118
19112
18914
19076
19327
19028
18349
18787
18748
18830
18801
20001
20734
20574
19769
20292
20472
20019
20580
20755
19525
19134
19155
18626
18754
19052
19379
19195
20416
19814
18048
17916
18581
17626
16645
15285
19461
19849
18942
19805
19447
19187
18866
18070
19364
20310
19908
20079
20012
20204
20096
20598
18447
18151
18795
19450
19197
19002
19952
20273
20421
19769
19941
19674
19709
19756
20308
20686
19593
18782
20052
19086
20111
20463
19637
19030
19351
18717
18789
19122
18297
18804
19639
19435
19108
19129
18445
17863
19208
19217
18197
18809
19285
19167
19304
19081
19964
20664
18889
18387
18694
19754
18525
19505
20091
20119
20017
20494
18279
19324
18779
15473
15870
17696
17724
18796
19215
19640
19790
19619
18745
19262
20100
19266
18964
18354
20163
19842
19085
19796
19508
18974
19419
19477
19732
20211
19302
18606
18252
17569
18513
19411
19185
18397
19767
20601
19209
19197
19824
18982
18228
18857
20066
20223
20500
20310
20107
20357
20795
19340
17617
18426
18639
18125
19745
19748
19656
19655
18911
19838
20666
19249
19932
20885
18740
19455
20083
18375
16889
18731
18330
16927
17842
18016
18958
17971
18843
19200
16998
18371
18914
19777
19562
19389
19718
19771
19811
18734
17624
18227
18632
19160
18226
19061
18207
18926
20044
18728
17976
17853
17671
19327
18003
18102
17795
19126
18385
18389
18173
17374
19438
20327
20650
19675
20444
18868
18757
18680
19074
18975
18663
19879
19232
19023
19004
19687
19951
20329
19468
18458
17885
17373
17200
17659
17426
16283
3245
19887
19448
20459
20468
19976
19178
19666
18873
19467
19777
19173
18346
19040
18871
19914
19245
19659
19884
19547
20499
19894
20017
20410
19869
20075
20113
20144
19525
18641
19416
20425
20527
20313
20555
20866
20127
20364
19635
19013
19839
19358
19937
20646
20252
19895
19523
19104
19771
20278
20399
19160
19893
20408
19989
20405
20281
20223
20511
19566
20618
20556
20440
19993
18555
19714
19371
19137
18208
18981
19293
19545
20572
20226
19959
19924
20337
20586
20255
19454
19946
20473
19379
19120
19745
20040
19175
20005
19603
19655
19161
18648
18439
18859
19012
18507
18868
18843
20133
19647
19637
20347
18570
19079
18669
19970
19426
19129
18689
18696
19047
20213
19392
20193
20704
18721
18528
18934
19593
16841
14450
16292
16208
16480
16862
17619
20002
17627
18352
19009
17772
17543
18895
18415
17885
16808
17876
22346
19310
17671
18932
19581
17927
18247
18540
18527
17735
19302
18096
17866
19115
17687
17980
17680
18061
17107
16831
17871
19315
20087
18352
18176
18278
19596
19293
19049
17564
17806
19424
19347
17887
18789
19537
19482
20172
18625
18375
18764
19047
19582
20126
19663
19225
17963
17232
17357
18629
18441
18218
18030
18374
18126
17111
17287
18454
18175
20090
20540
19598
20020
20159
20145
20147
19923
20276
20300
20695
19889
20673
19915
20478
20424
19239
19115
18802
20160
19463
18543
19507
19683
19839
16727
17443
18943
19618
19971
20259
20269
19005
20401
20235
20213
20138
20194
19871
19440
19442
20173
19614
20127
19819
20197
19083
19333
20251
20083
19963
20217
19723
20268
20790
20154
20311
20310
19871
19764
18993
18894
19051
20001
19917
19294
19938
19932
19020
18995
19813
18983
19160
19608
19781
20130
19475
19670
20548
20007
18923
19335
18141
19280
19784
19263
19417
19467
19483
19832
19601
19528
19859
20087
19713
19795
19869
20255
19456
19531
20142
19997
19867
19988
20111
20702
19651
20136
20180
20626
19012
19528
19685
19604
19721
19949
19423
19765
19823
19844
20307
19577
20693
19768
19274
19082
20114
20619
19471
20145
20478
20757
20300
19066
20091
20614
20128
19656
19488
19806
19693
20718
20750
19372
19408
20157
19981
19916
19925
20355
19942
19363
20142
17006
19666
