20605
19641
19108
16588
19286
17961
19202
18912
16798
18582
20622
19076
18648
17154
19041
18247
17597
18314
18618
19275
16389
18263
18734
18150
18280
16910
17766
20171
16957
17064
18250
17232
17752
18860
16841
17373
17742
17412
15866
14993
14117
15585
17672
18488
17206
16087
15834
16127
16159
14558
14887
14968
14193
15638
15367
14157
14745
15756
13654
13185
13988
12506
12333
12805
14168
14364
14652
14054
12878
12465
13129
13153
13461
14604
15007
14184
14622
14005
14576
14553
15126
13543
16768
15446
14018
13416
12946
13670
14283
14668
12076
11984
12013
13570
16058
18967
16012
17704
15548
15244
15401
16093
16666
14534
15292
16606
16385
17988
17257
18226
18254
18281
16932
14995
16790
18048
17483
15636
14564
14830
16289
15776
15819
15740
14218
14299
14734
14775
14712
13749
17159
14982
15599
14592
15321
15249
16886
16184
15591
15421
13926
13242
13041
12145
12110
11586
11682
13285
12853
11779
11713
12556
13232
13299
13251
15827
20179
18323
18369
20010
15735
17522
16881
15981
15641
16218
15763
15971
13780
13079
14331
13968
14277
14443
14999
15296
15010
17959
15974
19246
17198
17888
16154
16599
16100
14004
14655
15019
15283
14339
16655
16907
15501
15221
19352
17787
14842
15371
15923
17804
17137
18185
17531
16108
13000
13545
16066
14659
15617
16249
17789
13724
17873
14893
17733
17295
18464
16522
16685
16672
16910
13859
14593
13791
12710
14967
14728
16240
14689
13877
13750
16547
17380
13826
17271
16921
17649
14729
13225
12659
12742
14302
15137
14415
14015
12768
12905
14004
16593
14296
15641
13132
15185
16410
15240
14723
15389
16197
16768
18070
16070
17785
17543
15626
13909
12085
12435
14591
14467
12822
12789
12551
14442
17523
16215
17799
17228
16462
15626
16221
17000
15957
14591
12855
15641
16707
15116
14223
16084
16155
17005
16984
16142
12862
15366
17601
15694
20023
16345
13117
13406
14237
13570
17252
16637
18052
16630
17074
15603
15546
14511
15257
13955
13941
12875
12219
12457
13475
13623
12829
12813
14153
14341
14566
14280
13257
12594
13329
14606
14840
13866
14645
12704
12871
13488
13082
13070
13893
14808
14138
15284
14836
15843
15483
14569
14749
15523
14174
13976
13511
13325
13638
13533
13578
11690
12233
12922
12411
12468
13368
14571
14060
12368
11347
12113
13718
14671
14676
13215
15386
15081
15626
14268
14568
14025
15392
15125
15383
13854
13489
13422
12715
13068
13227
13848
15192
17617
19039
18177
18426
14884
14287
15492
15088
15365
13476
14731
14788
14409
16607
17605
18030
17798
17777
18171
17991
21375
18920
13482
13454
15156
15483
15219
14116
14067
16656
18417
19342
17619
16656
20770
18700
15585
16112
14204
13983
13844
13702
13284
13729
14543
14538
14691
14918
13640
13302
14427
15820
16111
14510
14571
13015
15504
15985
17548
16011
16365
14727
17617
15912
16193
17066
17762
16526
17574
18253
18876
16813
18956
16861
16330
16605
15481
14829
16673
15479
14828
14810
14848
14684
15530
15133
14367
14449
14791
14673
15315
17691
13627
12769
12591
13347
12183
12474
11498
12109
11558
12373
13247
12625
13029
12482
12027
13628
14082
14527
14584
14228
12989
12199
12049
13412
12908
14524
13773
13765
13411
14334
15207
14885
13478
14443
13213
13701
14601
15138
14591
14995
16493
17946
17042
16484
19621
17916
18332
17882
14156
14881
14545
16794
18049
16055
14769
15743
16440
16679
16301
14882
14490
14659
12648
13055
13197
13192
13900
15048
15045
13510
13494
13225
13267
15266
15004
14472
14202
15350
13083
12072
12008
12227
12173
12701
13308
13132
14504
14947
14656
14134
12753
12193
12466
13804
14153
14417
14470
13593
14115
14864
16845
17279
16064
16983
16229
14835
14084
13531
13288
14655
16349
18080
17949
19948
18379
18230
19381
21017
16704
14999
15438
14616
15501
15531
15653
13883
13757
13535
14486
14170
16333
16136
15312
12601
11955
12584
12179
11708
12331
13120
15302
16215
14388
15624
14316
12793
13271
12627
13126
14566
15713
15043
16198
15340
14094
12387
12713
12262
12564
12147
12030
12436
13412
14207
13637
13623
13996
15196
14138
13059
13500
14929
14899
14475
13664
14123
14146
14683
14241
13723
12290
13174
11970
13116
13273
13628
12557
13123
14290
15113
13548
13496
14313
13104
13459
13960
13190
14194
14274
14454
14112
12879
14109
13175
12849
11816
11892
12431
14363
13731
13526
14667
13714
13825
13072
12145
12310
13750
14470
13342
12432
12500
12063
12255
11770
11775
12285
12391
15016
15616
15362
13806
13364
14203
13446
15439
13749
14679
14312
13793
12951
15704
15445
15582
14551
12651
12709
14580
13925
12588
11837
13157
13313
13814
12351
13082
14579
14603
13401
12505
13501
14227
13328
12938
13309
13272
11769
12770
13063
14723
15264
15683
17070
15001
15633
14455
14932
20856
17934
17654
15091
16476
17306
15676
14475
15590
16794
14706
12654
14520
16205
14709
16072
12696
11984
11965
12616
12382
12506
12129
12184
11400
12404
12237
12960
15904
15751
15048
14997
14856
14705
15865
13639
14177
14486
14386
14804
13272
13104
12557
14681
14834
15161
15961
14863
14573
14125
14287
14720
15242
13835
13972
13709
14709
14853
14805
15560
13388
13757
15181
15983
14310
15399
14868
14793
14705
14443
14568
13344
13157
12120
12115
13838
13745
12914
13220
13615
13990
13924
14743
14220
13410
12149
13070
13409
12867
11525
13853
13685
13565
14115
14475
15133
15089
14081
15009
14877
13372
13511
14140
13591
12435
14217
14548
13802
14263
14871
14249
13528
13500
13852
16836
17034
18135
16415
16833
16501
18161
15577
18602
15922
14198
13705
14814
15029
14146
16842
19183
17268
15235
14608
17081
15740
15860
15847
15451
16774
14634
12991
13761
13702
12983
13672
13769
16416
17182
17880
16006
17172
18794
17866
17758
19048
18948
18616
17802
16804
16157
17604
16591
16449
17016
16191
14482
13405
15682
15508
14777
15627
17115
16247
15677
15513
14730
14168
14907
15498
14088
13599
15041
14794
15436
15302
15487
16688
18653
20123
17605
20252
17963
17542
18123
17388
15139
17595
18876
19432
17472
18951
17643
14755
15145
14676
12820
13082
13502
14955
15980
14814
13085
12973
14496
13981
13944
13624
11534
12288
11793
12040
12545
13318
14121
13440
14016
14749
13820
13793
13160
13337
13648
13748
12795
13715
13820
14099
14657
15542
14733
14183
14795
15459
14409
12673
12480
12244
12880
13971
12915
14967
14056
12718
12084
12082
12914
14220
15033
15276
15501
15505
15385
14739
14999
13202
13856
12929
13786
14554
14062
14108
12802
13187
13406
13107
12788
14723
13925
13656
12978
13344
14246
14714
14037
14761
14739
14549
15475
15277
13197
12544
13527
15244
15070
14243
13855
13659
15551
15296
15831
14877
13526
15119
14949
14932
16706
17078
16452
16268
14551
14823
15701
14263
17183
16864
21549
19782
15995
19092
18346
17778
14654
13821
12069
12975
12775
13270
12674
12411
12615
13610
13839
13020
13319
13895
14181
15930
15065
15199
15890
15069
15992
15451
15680
17170
16257
15366
14876
14867
14978
16276
15774
14540
15721
14170
16311
15290
18247
14921
17458
14963
13739
16350
13531
13387
14408
16130
14979
15985
17162
16851
14244
17025
17004
17011
20620
18673
15870
14220
12928
12997
12694
12710
12483
11991
11759
14081
13507
13171
13646
14304
14524
13831
13824
13562
14421
14543
15728
17796
18410
19538
16439
14410
15111
16571
14998
14664
13951
12808
13367
14458
13820
12894
12973
12684
15166
13663
12073
12237
13456
13843
13663
13798
12796
12296
14429
17092
17239
16510
17449
17645
14257
15775
14971
13685
15364
15800
16019
15871
14654
12759
14663
16462
18369
19394
17220
16261
16264
19586
16130
20438
18656
18741
15665
14081
13954
13973
16471
16109
15477
18333
17263
13289
12624
13493
13223
14879
15094
15810
17678
18892
16937
14395
16463
16058
18094
16002
16759
15235
14197
15599
13973
14155
15074
18142
16488
13720
16266
18236
16322
16301
13448
12955
13962
15091
15246
14944
14858
14443
14278
13414
15408
14832
14396
14085
14036
14682
15191
14526
14486
14693
14809
14816
14073
12575
11806
12906
14304
15343
13610
11943
12626
13051
13893
13254
12489
13361
14287
13872
13727
15127
15270
15495
15624
16215
15366
15424
16578
16162
13922
13926
13213
13457
14351
13720
14122
11963
12142
11820
12182
11993
13848
14216
14328
15023
14775
14298
14124
15549
16195
16500
15528
14907
16305
15672
14924
16387
14881
16217
18390
16515
16484
14196
14022
17319
17833
16438
21379
20867
15318
15043
13994
14154
15325
14955
14183
12222
12596
12314
13180
14249
14587
14026
15785
14428
14815
15146
14100
14523
13333
13652
12972
13281
13823
14783
13101
12430
12051
13206
15323
18152
17951
17229
15677
17289
15810
14438
14440
13768
12701
14712
15143
14358
14225
13658
15085
15178
15361
15919
14913
15870
17548
16107
15941
16367
17173
17708
16167
16544
15444
17100
18260
15430
14708
14146
12244
12790
14786
15194
15351
16404
15778
16426
14428
15099
15803
19203
17745
14746
16458
15109
13993
16836
16158
18847
15273
17414
16866
16040
18628
19563
19343
19616
18216
18644
21217
21066
20285
17962
15495
17115
14953
16702
17275
16483
14916
13123
14572
16871
16876
16434
16560
16155
15117
13515
15383
14817
15214
15082
15227
14855
14473
14762
16351
16598
15306
15167
14983
14954
15777
13820
17649
17122
16517
17580
14442
12947
13781
12453
11724
11705
12693
13251
14251
14943
14008
14025
15301
14248
12897
12666
13181
14329
15170
18503
19077
19733
14920
16001
14455
16611
15541
18509
20082
17409
15878
13213
13925
14876
15190
16344
16991
14467
14075
14680
14926
14678
15127
15989
15054
15868
17342
18054
15322
16469
19542
17445
16963
17737
16324
14475
15020
13447
13899
15833
16285
15594
16070
16602
15999
14500
16311
16575
16713
17387
16451
17049
17202
18381
16541
17566
17256
16940
18988
21282
22127
18302
15245
14484
15415
17824
15294
17199
16660
15872
15507
16748
14549
18290
16144
17202
15507
13399
13204
12856
12243
12785
13156
15557
13681
13655
14954
13373
15878
15857
16077
16168
15848
12896
12641
13233
13302
13474
13829
15614
19099
19365
16692
17042
13781
14403
17480
14768
15434
17374
19714
18400
18156
20529
18987
18708
19084
19142
19366
18569
18413
16637
18194
17777
15956
16638
15632
13622
13193
14592
14024
13963
15458
12694
13803
12267
13841
15065
15618
15494
15251
12597
12882
12268
13382
14320
14615
12705
12526
13926
14645
14219
14718
15112
15669
16860
17908
15857
16505
17830
20121
18374
20031
17787
15509
16344
16137
17299
18457
14451
16512
15739
16773
17731
16388
17962
15516
18818
19249
16952
18237
20013
16958
15626
14018
14951
16025
17115
14943
14001
13373
12783
13288
14059
13884
13386
13555
13660
14650
14727
14865
13662
14673
14928
16620
14590
13188
13515
13355
14801
13962
13634
14512
14301
14781
17264
18472
17581
16100
20182
19756
19924
14777
18817
18410
16266
13816
11948
13316
13326
14980
14651
14722
14924
14472
15399
14041
14616
13960
13429
12770
12277
12879
15106
13612
12917
13451
13900
12529
13104
13246
12411
12374
12521
11912
13312
14306
13621
12956
14512
15537
15796
15373
15384
13979
15145
14462
14308
15204
14432
15180
16323
15754
16260
16440
17772
17203
17815
15411
19508
18676
17178
16392
18319
16395
17341
17195
17725
17212
18936
19143
15708
16676
17621
17923
19955
15199
15277
15501
14784
15707
15842
15366
16489
15716
15380
16434
16755
14713
14799
14242
13520
14672
14551
12507
14008
15512
15215
14428
15207
15854
15909
15330
14331
14831
14777
14819
15919
15694
15267
12655
12198
12229
11974
13401
13691
13625
12229
11669
11835
11828
12155
12294
12058
11318
11738
12008
12682
13753
14445
14275
13378
14188
13779
14279
14345
12807
11827
11488
12091
11931
11601
11969
11822
12161
13218
12966
13373
13599
15061
14889
14841
15908
16666
16231
15823
13376
14534
12834
12882
14056
15337
14014
14597
17129
18421
14629
16438
15170
18574
18687
14637
13477
12622
12287
13056
14039
13976
13423
15677
15477
13982
14066
14014
14435
12797
12551
12320
11627
12410
13834
13231
12682
12790
13954
14933
15240
15421
14510
15172
15626
15324
14763
14336
14997
14776
15520
14948
14206
14707
16727
15579
14159
15152
18508
16760
15687
16083
16948
17295
16865
17083
18971
16392
14703
14464
14118
13661
12698
13490
12936
13902
16027
16094
17173
16542
17056
17544
18621
17501
17296
15845
18263
18136
19794
17650
17738
19135
21441
18795
14683
15662
16287
15785
15952
15596
16894
16286
15563
15506
13925
13355
13606
14841
15342
17499
17278
17384
16540
15074
16804
14178
13683
15208
14175
14449
15680
15286
14995
13802
14843
14152
14783
16292
15372
14935
16230
15771
16500
15983
17783
17618
16492
17057
17100
19152
15875
15878
16350
20553
18743
15411
16169
18815
17637
16492
16317
16592
16057
14599
17985
18454
17758
16843
16690
17009
14570
14536
15033
14252
16000
16205
16376
17828
21656
20391
18691
19380
17964
15772
15931
16853
17558
18354
17765
16807
15955
17572
17976
17441
16921
16925
17069
16227
16383
17734
16559
16628
16480
18800
18871
18466
19103
17651
16868
18990
17229
16608
15617
14632
16787
17404
17575
20302
17069
13935
13186
13204
13459
12606
13801
16280
18377
19028
17453
16174
17728
16166
15463
16605
15942
16542
13019
15896
16047
16834
15861
18542
15837
16782
18744
20738
20065
18768
20648
19830
17881
18941
19293
17897
19032
20620
18822
17752
17368
17225
15941
15106
15864
16847
17418
19361
18078
16366
18081
18033
15654
16376
16261
18774
16787
18711
18545
18274
17838
19109
19073
19810
16476
17204
17902
19176
20297
15858
13884
13575
15490
16484
17082
14632
15410
14819
15832
16433
16422
16622
15750
16244
13902
13616
14114
18788
19742
21093
19113
19249
19360
19512
19455
3963
13267
15638
13796
15257
15048
15703
15938
14967
16604
15747
15840
16490
14552
15981
15919
15806
15438
14733
14631
13719
12344
12299
13268
14909
13306
12739
14912
15544
16523
16615
13335
13340
13112
14181
13278
12810
16001
16839
17239
18003
16581
14802
14239
14767
14790
16413
16668
15481
12845
15362
16004
15096
12704
11732
11969
12538
12506
13571
14361
12295
13748
15488
16010
17334
17606
17986
17440
17744
17328
16164
14930
14113
14250
14767
15538
14458
14811
15145
13273
14347
15761
16706
16293
17185
16090
15818
16427
18093
17873
17652
18358
19498
17424
16675
17773
19596
17557
15458
17657
16938
17460
17666
17477
19169
17412
18709
18396
18761
17992
16696
15748
15851
14177
15173
19141
18337
17419
18438
20400
21780
21268
21276
20983
20824
18747
17188
19324
19207
17497
19532
19314
18795
18430
20497
20791
19041
13296
17356
19068
18119
16874
18343
17625
17982
17909
20155
17522
19134
20567
17670
20327
19522
19629
19597
21504
20449
21007
17105
17063
20142
20589
18616
17502
17800
15999
18472
18347
17695
19951
19075
18127
17730
18954
15888
17251
18111
18050
17783
17490
16897
18594
17957
21683
19507
20319
16621
17588
18764
20056
19370
19310
19403
19397
19107
21164
14888
14135
12671
13585
12729
12444
11721
11995
11546
12521
13272
13576
13536
14925
13607
15813
17138
16126
16420
16556
16999
16045
16652
17064
16580
19065
18567
16430
13846
14065
15578
14795
17078
15141
15042
15499
14499
14818
15524
16377
15605
15978
14848
13852
14245
15214
14946
14390
13550
13442
13461
13237
14617
13854
12714
12707
13491
13286
14593
14967
18533
16814
14681
14481
15314
14777
15140
15448
17188
18121
15706
16897
15846
15731
14713
15749
15411
15337
14318
14949
18701
15403
16679
16738
15306
14979
15062
14982
14402
13393
13714
12969
12977
13171
13770
13033
12674
12053
12898
12337
12744
12732
12730
12722
12474
13802
13011
13610
12675
14627
15984
15762
16026
15652
14070
14017
15861
15400
15535
14656
14931
14095
14303
14290
16567
15754
13286
14717
14177
13138
12519
12917
15684
16293
15276
14974
15400
15281
16526
15566
14933
14073
14389
14763
14254
13778
13793
13348
13478
13357
14420
16868
15945
18997
14913
