5415
4133
3245
3213
4034
3824
3588
3157
2510
3546
2865
3196
2787
3042
3359
3014
3246
3144
3367
3456
3427
2784
3252
2926
1946
2533
3190
2333
2809
2914
2575
2042
2676
2735
2852
2916
2179
1919
1348
1569
2152
2476
2994
2780
2264
1510
1746
1669
1812
1589
1906
2527
2168
2001
2156
1583
1942
1854
1375
1723
1466
1381
1273
1364
1499
1727
1592
1879
1428
1509
1627
1678
1369
1567
1867
1560
1950
1586
1812
1779
2269
2032
2165
1964
1506
1566
1376
1451
1946
1671
1281
1503
1369
1515
2553
2614
1803
1927
2597
2053
1936
1947
2221
1588
1675
2382
3257
3054
1773
2649
3026
3608
1718
1722
1800
2305
2973
1995
1513
1808
2023
1629
2334
1858
1611
1559
1873
1501
1835
2004
1779
1685
1574
2204
2404
2308
1895
2071
2098
1886
1761
1652
1505
1435
1434
1378
1332
1521
1606
1465
1346
1534
1627
1571
1571
2676
2754
2653
2597
2624
1966
2056
1778
2020
2217
2350
2255
2195
1636
1618
1794
1889
1572
2175
1704
1853
2094
3049
2257
3290
2583
2593
2578
2154
2520
1941
2523
2076
2337
2182
2812
3264
2898
2507
3224
2525
1861
1907
1982
2492
3063
3502
2960
2091
1470
1544
2080
1650
1715
1725
2504
1403
2365
2527
3163
3004
3343
2295
2239
2209
1799
2657
2265
1817
1466
1979
2256
2444
2212
1657
1500
2568
2520
2265
2217
2294
2703
2132
1466
1581
1442
1548
2303
2294
1621
1348
1589
1518
2191
2712
2316
1718
2029
2552
1849
1441
1847
2058
2595
2544
1717
2575
2805
1843
1551
1428
1362
1693
1801
1461
1441
1536
1556
3284
2484
2522
2813
2351
2422
2250
2791
2454
1815
1669
2463
2577
2018
1715
2776
2325
2407
2562
2357
1641
1754
2182
2363
3121
2440
1551
1524
1697
1531
2136
2966
2298
2190
2926
1810
2131
2378
1704
1510
1506
1437
1504
1426
1669
1762
1364
1321
1646
1571
2190
1942
1464
1512
1679
1681
2042
1922
1693
1459
1519
1587
1618
1512
1707
1787
2098
2125
2363
2179
2160
2124
2065
1813
1896
2042
1468
1420
1581
1744
1421
1348
1375
1537
1437
1372
1599
2012
1756
1466
1477
1278
1807
1833
2149
1346
1952
2200
2261
2783
2246
1759
2226
2195
2444
1722
1668
1525
1509
1414
1596
1608
2243
2139
1871
3072
2966
1606
1779
2195
2016
2142
1424
1763
2263
1726
2416
3196
3134
2710
3474
2901
2930
3569
4118
1596
1905
1836
2060
2153
1747
1585
1936
2942
2848
2911
2721
3002
2719
2209
1907
1704
1528
1592
1689
1586
1450
2099
1713
1500
1911
1550
1662
1628
1776
2866
2096
1436
1375
1527
2167
2219
1886
1841
1815
2407
1872
2277
2331
2297
3099
3295
3591
2785
2256
3069
2620
2137
1903
1920
2602
2484
1797
1628
2102
1949
1705
1829
1930
1726
1657
2059
1768
2531
2333
1600
1719
1818
1613
1583
1566
1426
1372
1578
1529
1646
1506
1588
1435
1332
1502
1577
1638
1629
2056
1453
1407
1383
1572
1511
1838
1680
1823
1323
1657
1790
1990
1485
1506
1469
1439
1468
1981
1758
1866
2297
2059
2110
2430
2638
2523
3223
2838
1729
1455
1775
2076
1942
1728
2209
1793
2475
1628
1762
2320
2087
1545
1328
1437
1472
1666
1696
1794
2108
1591
1878
1590
1565
1988
1713
1658
1757
1812
1355
1450
1322
1434
1424
1358
1462
1484
2226
2076
2148
1972
1562
1563
1526
1885
1873
1669
2146
1717
2033
2182
3242
2853
2704
2497
1980
2039
1842
1824
1661
1927
2442
3602
3601
3854
3120
2518
3492
3579
2201
1774
1811
1533
1957
2087
2059
1512
1446
1688
1718
1618
2212
2674
2102
1443
1448
1637
1337
1423
1373
1508
2053
2315
2744
2228
1980
1394
1415
1427
1438
2075
1811
1957
2010
2555
1652
1434
1393
1717
1397
1338
1399
1380
1532
2048
1412
1478
1643
2089
1746
1399
1486
1600
2359
1911
1726
1583
1854
2056
1963
1598
1528
1378
1430
1485
1934
1600
1355
1303
1987
1762
1446
1593
1812
1371
1287
1707
1474
1474
1931
1926
1973
1438
2284
1592
1341
1273
1365
1335
1915
1721
1462
1700
1800
1800
1342
1560
1458
1808
2069
1576
1377
1888
1266
1493
1346
1418
1394
1530
1912
2486
1931
1597
1329
1761
1447
2026
1615
2022
1664
1262
1841
2077
1954
2272
1658
1539
1597
1918
1857
1438
1420
1638
1913
1936
1511
1512
1942
2076
1549
1461
1655
2031
1642
1664
1810
1868
1585
1632
1964
2302
2820
3140
2766
2807
2893
2332
2736
4170
2938
2642
2027
2272
2547
2160
1653
1740
2649
1871
1501
1561
2721
1697
2509
1556
1525
1443
1585
1625
1589
1565
1561
1523
1461
1445
1554
2454
2469
1767
1744
1834
2167
2062
1707
1725
1457
1666
2181
1370
1578
1474
1623
1885
2071
2118
2063
1642
1494
1466
1827
1925
1370
1461
1751
2033
1730
1768
2724
2250
2390
2242
1867
1943
1939
2311
2063
2282
1882
1807
1631
1471
1431
1525
1529
1559
1476
1551
1775
1675
1655
1805
1726
1717
1375
1411
1532
1509
1317
1546
1633
1684
1425
1596
1610
2051
1568
1590
1813
1678
1500
1803
1538
1294
1704
1875
1766
1752
2130
1728
1524
1396
1837
2098
2505
2718
2025
1596
2683
2487
3444
2824
2063
1567
1382
2124
1740
1639
2020
2771
2245
1744
1501
2005
2201
2086
2231
1904
2326
1571
1490
1712
1644
1686
1920
2164
2513
2069
2140
2480
2886
3239
2455
2939
3754
3439
3629
3879
2867
2570
3206
2513
2555
2339
3008
2029
1737
2893
2257
2040
2447
2499
2624
2527
2781
2063
1820
2415
2679
1867
1638
2172
1854
2972
3362
2925
2056
2947
3466
2617
3299
3033
2903
2867
2914
2041
1985
1707
2729
3104
2986
2324
1881
1630
1787
1364
1518
1561
1520
2067
1941
1472
1443
1791
1759
1529
1787
1224
1326
1430
1381
1460
1544
1885
1527
1721
2431
1507
1760
1369
1378
1435
1614
1360
1517
1565
1642
1500
1777
1537
2011
1921
2313
1721
1373
1390
1380
1458
1616
1464
1850
1752
1516
1288
1413
1288
1973
2023
2427
2537
2144
1929
2448
1711
1472
1701
1319
1639
1689
1559
1786
1331
1627
1592
1480
1526
1710
1614
1657
1432
1708
1817
1898
1711
2142
1856
1998
2152
2414
1475
1403
1549
1945
2192
1545
1597
1727
2318
2557
3090
2007
1746
2175
2510
1960
3171
2737
2524
2664
2297
2322
2278
1822
2972
2712
4734
4441
2742
3997
4532
4222
2094
1785
1518
1429
1564
1746
1670
1537
1557
1752
1579
1751
1715
1894
2035
2076
2501
1882
2133
2204
2709
2150
2189
2380
1846
2101
2073
1596
1920
2215
1959
1703
2189
2050
1793
1911
3035
1621
2574
1706
1559
2136
1614
1631
1811
2668
2605
2995
3163
2478
2057
2803
2675
3727
4030
3881
2579
2298
1417
1539
1480
1557
1499
1364
1370
1345
1636
1262
1495
1761
1772
1850
1550
1633
1722
1859
2791
3570
3419
4018
2813
1755
2040
2552
1851
2003
1544
1352
1467
1771
1510
1449
1499
1433
1952
1526
1254
1377
1580
1678
1405
1544
1481
1379
1440
2278
3003
2902
2212
2084
1979
2109
2058
1569
1975
2848
2746
2046
1884
1851
2087
3331
2734
3003
3112
3015
2460
3621
3009
4245
3427
4471
2963
2433
2387
2083
2913
2830
2569
3033
3289
1900
1799
2056
1764
2593
2071
2185
2194
3226
2553
1743
2399
2262
2492
2601
2379
2595
1637
2097
1560
1734
1671
2826
2696
1695
2031
2886
3174
2189
1492
1530
1840
2095
2136
2146
1828
1820
1931
1494
2082
1649
1604
1751
1609
1942
2293
1920
1859
1658
1647
2233
1638
1461
1343
1385
1610
2264
1658
1455
1397
1442
1720
1524
1350
1541
1528
1531
1588
1902
2372
1865
1975
2257
2068
2223
2113
2347
1766
1683
1566
1621
1598
1519
1624
1305
1373
1322
1350
1502
1634
1806
1641
1742
1870
1821
1810
1860
2542
2314
2185
1880
2066
1728
1630
2014
1476
1848
2257
1968
1883
1672
1736
2050
2388
2916
3404
4626
1888
1949
1730
1780
2473
1682
1717
1434
1464
1423
1461
1726
1988
2054
2285
1941
1716
2177
1650
1705
1581
1632
1568
1520
1608
1962
1376
1380
1432
1485
1970
2760
2523
2882
2666
2478
2279
1729
2053
1731
1411
1991
2043
1720
1704
1470
2173
1713
2247
1947
2292
2124
2762
2245
2111
2496
2700
2542
2856
2742
2624
2521
2331
1821
1720
1589
1388
1488
2069
2005
1751
2378
1798
2227
1738
2424
2628
2640
2239
1479
1634
1512
1494
1784
2173
2833
2133
2674
3042
2564
3005
3805
4222
3992
3471
3690
4193
4133
4587
3348
2505
3099
2113
2646
2837
2764
2389
1695
2015
3023
3546
3225
2710
2841
2257
1833
2685
2170
2221
2224
2070
2161
2409
2399
2638
2673
2025
2327
2152
2084
2702
1998
2881
2137
2073
2151
1666
1513
1667
1615
1308
1445
1364
1487
1791
1806
1714
1859
1927
1890
1470
1480
1503
2012
3284
2649
2706
2933
2463
2727
2357
2160
1725
2429
2315
2460
2073
1523
1613
1593
1800
1561
2754
1870
1450
1735
1576
1949
2571
2257
1882
2084
2627
2910
1766
2583
3174
2896
3233
2817
1940
1507
1839
1441
1436
1926
2323
1635
2742
2421
2258
1826
2400
2206
2580
2758
2041
2907
2513
3385
2383
2688
2521
3272
2916
4620
3598
3234
1832
1785
1771
2270
2795
1888
2190
1884
1861
1605
1603
2320
2406
1922
2085
1364
1564
1473
1438
1467
1546
1719
1481
1273
1583
1848
2232
2480
2317
1931
1995
1329
1425
1653
1549
1410
1487
2134
2584
2582
2886
3318
1528
1628
2508
1548
2006
2469
3576
3350
3162
4043
4019
3984
3821
3745
3561
3019
2372
2134
2657
2379
2447
1886
1579
1492
1359
1789
1525
1292
1996
1320
1770
1392
1338
1676
2008
2004
1800
1427
1676
1629
1594
1773
2029
1426
1542
1482
2217
1969
1513
1874
2345
1911
2406
1992
2055
2275
2966
3244
2890
2622
2152
2324
2132
2606
2691
1733
2212
2526
2416
2312
2210
2600
3132
2814
3146
2617
2219
3637
3184
2311
1995
1870
2775
2008
2073
1668
1760
1544
1521
2192
1646
1732
1531
1790
1935
1914
2169
1511
1716
1774
2678
2796
1608
1570
1443
2071
1563
1608
1656
1854
1663
2234
3401
2990
2735
2696
3080
3014
1640
3326
2966
2104
1729
1258
1352
1627
1755
2180
1970
2013
1577
1849
2371
1893
1510
1755
1361
1411
1474
1844
1736
1448
1647
1715
1578
1337
1736
1345
1469
1431
1272
1452
1614
1471
1401
1619
2216
2153
2531
2446
1769
2012
1618
1816
1969
1899
1567
2424
2165
2130
2104
2256
3313
3241
3191
2833
2379
2338
2342
3023
2736
2063
3496
3575
3832
3698
3532
2008
2512
2857
3109
3402
2933
2807
2304
2399
2419
2530
2370
2414
2633
2218
2348
2276
2020
1969
1680
1640
2086
1887
1435
1751
1758
2419
1882
1863
1859
2626
2115
1811
1805
1863
2414
1936
2338
2135
1396
1438
1487
1454
1569
1661
1610
1443
1329
1466
1410
1499
1500
1427
1362
1424
1523
1556
2073
1751
1516
1693
1691
1547
1727
1674
1473
1419
1291
1581
1492
1538
1473
1390
1599
1561
1674
1599
1681
2334
2001
1817
2544
2841
3138
2306
1641
2089
1753
1710
1947
2305
1849
2056
3276
4108
2019
2936
1897
3195
2709
1520
1478
1444
1394
1655
1610
2333
1805
2190
3055
1903
1875
1617
1924
1441
1382
1492
1215
1325
1888
1508
1489
1500
1453
2755
2112
2041
2047
1850
2593
2006
2076
2000
1922
1800
2207
1756
1733
2737
2724
1668
1935
2031
2590
2119
2187
2071
2899
3142
2763
2511
2987
2268
1644
1590
1778
1516
1510
1621
1714
1610
1839
2369
2906
2536
2803
2449
2725
2526
2380
1903
2710
3401
3317
3603
3865
3742
4616
2827
1912
2484
2339
2275
2827
2635
2630
2468
2108
2533
1896
1641
1774
1783
1749
2886
3630
2785
2565
2634
2541
1485
1425
1803
1591
2059
2118
2432
1804
1572
2099
1905
2223
2048
2797
2259
2058
2294
2610
2545
3068
2711
2414
2483
2457
2326
2155
2344
2151
2908
3357
2225
2198
2699
2430
2404
2160
2592
2131
1616
1858
2876
3317
2961
2311
2990
2042
1900
2340
1961
2081
2895
2570
3102
5289
5177
4203
4445
2870
2578
2499
2647
2823
3584
3288
2116
3028
3505
3354
2418
2973
2971
2107
3099
2646
2783
2616
2450
1978
2929
3842
3949
4494
3021
2331
2525
2590
1959
1662
2351
2590
2065
2430
3160
2885
1703
1601
1636
1595
1578
1505
1823
2719
3720
3293
3275
3461
2606
2269
2611
2875
3021
1795
2263
2767
2520
2011
3491
2045
2705
3890
4442
3636
4003
5184
5091
3942
3523
4198
3017
3092
4592
3615
3250
2666
2465
2664
2081
2276
2751
3029
3523
3385
2737
2523
3440
2452
3088
3152
1971
2691
3495
3477
3206
2643
3761
3743
3523
2894
2996
3231
3176
3366
2194
1441
1488
1952
1948
2593
3001
2815
2449
2937
2637
2456
2734
3330
2787
1840
1802
1768
2770
3191
3565
4417
4180
4237
4466
5087
970
1547
2751
1642
1954
2047
2474
2495
2529
2401
2653
2950
2770
1924
2648
2317
2598
2021
1918
1900
1646
1469
1422
1673
2279
1613
1479
1735
1939
2049
1719
1373
1423
1416
1546
1423
1404
1784
2313
2403
2281
2240
1611
1661
1832
1926
2709
2819
2232
1498
1811
2585
1976
1542
1572
1534
1666
1692
1913
1942
1743
1896
1996
2299
3423
3462
2224
2744
3184
2462
2535
1799
1563
1780
1685
1984
1665
1583
1935
1610
1742
1775
2340
2265
2229
2238
2266
1978
2079
2320
2713
3156
3038
3180
2838
3312
2768
2527
1500
2201
1881
2012
3074
2641
2904
2763
3003
2993
3385
3181
3207
2241
2760
1935
1956
3119
3101
2498
2668
4316
6102
5472
5318
5241
4718
3989
3063
4792
4501
3976
4164
4212
3283
3898
4672
4870
4171
2230
2122
2986
2403
2373
3584
3136
2916
3692
4246
3348
3415
3387
2049
4415
4202
4413
4464
4782
4832
3690
2758
3339
4431
4126
3847
3104
3708
2859
3453
3775
2898
2771
3242
3102
2547
2565
2256
3188
2957
3240
2868
2633
2170
2534
3192
3438
4081
3870
2832
3878
3750
3828
3314
3837
3998
3608
3038
3802
1765
1647
1958
1761
1577
1585
1686
1612
1521
1705
1614
1819
1607
1991
1769
2456
2844
2875
2705
2249
2897
2928
2068
2650
2173
4420
3732
2701
1893
1946
2117
2061
3162
1661
1920
2217
1514
2031
2206
1846
2761
2619
1874
1687
1918
2530
2775
1819
1409
1754
1719
1875
2067
2034
1903
1684
1661
1564
1445
1771
2719
2999
2437
1519
1724
2653
1650
2263
2861
3795
2125
2747
2631
1963
1644
1588
1914
1479
1357
1860
2020
2042
3308
2287
1895
2118
1733
1709
1906
1381
1530
1522
1346
1406
1487
1548
1362
1419
1671
1323
1342
1841
1381
1374
1386
1539
2058
1553
1305
1674
2448
2023
2012
2216
1404
1518
1972
1761
1674
1594
1580
1684
1314
2184
3019
2435
1322
1904
2049
1417
1378
1353
1834
2673
1881
1706
1978
2200
2508
2404
2136
1435
1646
2083
2433
1838
1749
1685
1718
1676
1631
2174
1885
4611
1857
