16645
18702
21976
20686
19684
20915
20116
22187
23488
20359
22580
19556
21243
19981
20571
20653
21209
21294
20853
20892
20051
20687
20707
21939
22467
21638
21499
22178
21833
21515
21617
21830
21789
22057
20749
21854
22600
22086
23617
21490
20835
21839
20947
20484
22302
23168
22870
23467
22985
23348
21963
20999
21845
23307
22869
24085
22856
23706
23857
22211
23964
22196
22238
22876
22395
23874
22929
22393
22844
23144
22235
23367
23183
23281
21576
21764
23029
22185
22503
22610
21568
20980
22855
22896
24002
23384
22181
22727
22248
24287
22361
22285
21950
22339
21125
22238
23172
23038
21387
22367
22760
23020
22319
22536
22417
22506
20542
22674
24985
20671
20673
20316
23475
23487
22950
22837
22610
24075
24368
23339
22345
24163
22294
23674
22301
23805
21991
24338
21566
24080
23151
24411
22222
22375
22817
21807
23025
22432
23375
23128
23608
22927
24231
22954
22339
21999
21245
22105
23350
21390
21089
22220
21691
24228
21490
21558
22295
22403
22355
22670
22989
24355
22801
24033
21153
21800
23996
23119
23637
21854
22703
22751
22668
21710
23913
22049
22631
20616
21711
20923
21817
22778
22021
23122
21672
23259
22482
23120
21765
21423
22506
21921
20536
21577
21143
21213
23811
22911
24008
20877
21139
20665
21693
23808
22905
21801
21067
23088
25023
23047
21354
22538
21745
21701
20953
21036
21682
22155
23144
22164
21896
21175
23108
23278
22938
22399
22230
22192
22148
23975
22816
21687
21725
22795
22072
22891
21429
22380
22407
22815
22889
21946
22248
21546
24011
22461
22310
23180
21698
19793
22749
21238
22162
21619
23380
23411
22087
21664
21031
22020
21582
22353
21611
23103
24508
21629
22156
23783
23850
23351
22673
22640
22291
20685
21309
22126
20971
22655
21235
21847
20942
23321
23305
22409
21524
22046
23249
22120
21848
22013
21751
22624
22993
24105
23027
22824
21259
20966
21661
22730
22788
23709
22470
20585
20484
23118
20417
20761
21580
21576
21307
25044
23589
23825
23315
21708
22466
21833
23250
22945
21795
23331
22689
21591
22852
23596
23260
22663
22063
21491
20823
22582
22290
22724
22312
22409
23333
22635
22259
21261
22360
21865
23365
21993
21050
21873
23199
21858
23430
22187
22970
23094
21577
23667
22169
22632
21866
21825
22373
22509
22738
23116
22304
21493
22446
21417
21954
22020
22382
22807
21541
21329
20757
22312
23315
22104
22903
21302
22795
22592
23892
22221
21770
23518
22680
22247
23824
23353
21388
22580
24166
22352
22296
21572
22838
22491
22167
22789
23595
21926
21588
21236
22199
21538
22386
21297
18698
18826
22403
22774
22540
21887
23865
23782
23326
21961
21467
21967
21656
21406
20136
22221
21232
22723
22412
24041
22392
23633
22507
22091
21969
23689
24034
21792
23430
23732
23438
22460
21632
21479
24827
23047
22684
22460
22462
22751
23188
20773
22113
21811
21659
22517
21418
20335
19202
19732
21426
23042
19575
22106
23441
22049
21094
19912
22284
23580
22234
22534
22786
22126
21949
21180
22348
22707
21998
23788
20618
21867
22377
22637
22516
22426
21513
22712
21898
21387
22115
22735
22868
22137
22803
23500
21854
23306
22183
22660
22681
22290
23706
22573
21772
22667
21606
22522
22282
23826
23071
23355
22888
22677
22790
23882
22357
23720
21909
21737
24198
23139
22018
22231
21911
20204
22042
20808
19699
21130
23063
23182
23194
22237
24183
22159
22380
23031
22147
23750
22385
21425
22590
23390
23692
22232
23359
22726
21645
22218
22622
23103
22517
21672
22552
22544
22769
23251
23565
22644
23685
22259
21417
22644
22195
22471
22089
23074
21026
22718
22206
23218
23512
22358
22916
21000
23019
22258
22201
22077
23069
21971
20604
21893
21818
23211
23970
25067
22870
23246
22311
22568
21969
19897
19935
20282
21645
21959
19575
20481
24001
23807
23214
23319
22536
22439
21814
23223
22819
22148
22970
23742
21708
21882
23405
23058
22770
23084
22563
21972
22257
22334
22948
22312
20390
22089
22607
22845
22898
23356
22315
21659
22305
21901
22359
21442
24155
21999
22829
22988
22745
22597
21758
22265
22557
22046
23765
21934
22772
21993
23904
23130
22726
21869
20343
22447
21243
24546
22149
22231
21808
22709
22939
23338
22711
22521
22939
22753
23101
21808
21407
23868
23653
22470
21263
22546
22801
23220
23114
21701
21626
22386
23178
21934
21696
22442
22887
22336
22067
21797
22457
22696
22326
22977
23769
23170
23325
21505
21534
20915
23207
23839
22583
22646
21605
22994
21490
22643
22210
22179
22253
22288
23036
23594
21601
23263
21897
23283
22347
22507
23435
21892
20069
22737
22144
23284
22811
22083
22797
22468
23972
23277
21420
22201
20913
23180
22159
22747
21348
21561
23578
22277
23074
22870
22414
21875
21916
22613
21209
22782
23009
22972
21680
22043
21342
21913
21851
22038
22637
19148
21804
23040
22258
23359
21806
22433
22541
21706
21424
21904
22134
21536
22217
23271
21045
22376
20899
21143
21982
22559
22971
22326
21750
21634
22437
22158
22663
21840
21992
22484
22758
22363
22492
22774
22229
21911
23381
23203
22908
23113
23240
22315
23405
21668
21840
22908
22737
23562
22297
22306
22873
22879
23924
22558
22079
23021
23914
22112
21200
20872
21636
22404
23388
21726
23549
21742
22021
21272
21979
23415
22992
22697
22556
22195
24240
22428
22867
21793
22652
22412
22630
23474
24104
21943
21809
22110
23535
23041
21399
22108
21494
22618
24126
23584
22048
22448
23630
22098
23366
23744
22839
22422
25143
22534
22992
23181
22719
21733
22530
23066
23647
22513
20850
21823
22078
20559
22535
22373
20722
21727
22034
21775
23547
23704
23200
21424
22885
23765
21700
21189
22108
24069
22999
22102
22996
21444
23225
22503
22374
23051
22987
22079
23939
23089
24031
22919
22295
22387
23189
22193
20494
21694
22367
20103
19869
20862
19756
20590
20871
21008
21476
22607
22781
22244
21767
23673
21741
21319
22570
22555
21386
22199
22088
21957
21341
23696
21863
22811
22455
23890
22699
21165
22953
21589
21857
22035
22211
22539
20904
22394
20609
20081
21103
21212
22370
22719
22701
22608
21151
20873
20912
22428
21748
23060
22543
22516
22331
22464
23152
22480
22701
23842
22342
21935
22968
22436
22845
20766
22056
22326
22506
22961
21890
22722
23479
22308
23299
22245
22704
23218
22947
21604
22759
22751
21564
21698
23192
22703
24656
23141
21815
21237
21367
24252
23016
22210
22668
22709
23421
23448
21508
22813
22756
22784
21670
21588
21298
22053
21124
21862
22951
21603
20597
23300
22333
22713
22760
22018
22661
21856
22174
23164
21363
22993
22770
23302
22868
24179
22585
21704
22858
22566
22200
22923
22194
22073
22125
21924
22879
23578
23184
22190
22517
23803
23690
23872
22147
22960
21645
21867
23320
22716
21711
22923
21729
21797
22667
22221
23837
20960
22148
23345
21603
21072
21131
17093
17940
22323
20737
19224
19911
23082
23413
22534
21565
22911
22033
22772
22290
21549
21721
22110
23347
23372
22091
22339
21639
21783
22737
22534
21036
22034
22769
22074
22852
23476
20422
24034
23031
21604
23068
23219
21685
22142
23749
24070
22092
19543
23241
20940
24211
22077
22922
22491
22489
22538
20685
20923
21067
22384
23695
23358
22473
21218
19770
20505
19974
21994
21973
21789
22933
21692
21990
22406
21729
21789
21757
22714
23807
22421
22987
22019
22431
23460
22546
22582
22915
20232
20917
21187
20946
20202
22385
21859
21608
22296
21826
23561
23116
22315
21863
23323
22558
23634
21825
22706
22903
22643
22171
22217
23251
22681
23302
21960
22339
21892
22838
21038
21214
23148
22178
23806
22428
23140
23020
21336
21241
21565
24385
23096
22915
23231
20355
21590
20572
20118
21642
22789
21386
21070
19608
18963
20843
21700
21288
21491
21842
21485
21585
22850
21757
21196
22978
21078
22760
22102
22118
21489
21429
23908
21080
23471
22161
22866
22720
22177
22450
21748
21433
24197
22894
23508
23059
23634
21084
22126
23184
22657
21447
21555
23283
22450
23317
21513
22414
21612
23092
23142
22943
21911
22846
22253
23164
23439
23789
22512
21525
21744
22761
23436
23309
22395
21025
23214
22532
22353
22581
21678
21466
22694
21926
22601
23091
22860
22912
21751
21628
23207
23506
23202
21941
21789
23823
23506
21879
21649
21026
22422
20853
23326
23166
22976
22441
22176
22180
22781
22580
22655
21277
22073
21683
22741
22101
22547
22902
22533
22657
22899
22279
22042
22396
22870
23027
22385
24508
21995
22471
23137
22228
22911
22101
24659
23809
23332
21601
21194
19308
17738
17312
23861
22572
22425
21851
21896
24105
22850
21884
21316
22889
23049
22510
21316
21655
21817
24545
23456
22564
22239
22635
23733
21270
24319
22606
21801
22814
22231
21490
22294
22717
21766
21916
22890
21837
20972
22504
22666
22522
21701
23262
22557
22904
21746
23808
23225
22780
22507
23017
21478
24105
21173
23230
21930
21778
21200
21637
21168
22610
21833
21532
19960
21783
22525
22890
23401
23546
21853
22227
21861
24745
23381
22637
20959
22716
21723
21150
21527
23250
23074
23666
22808
23772
23782
23104
21287
21520
22051
21363
19675
21510
21635
19312
19862
19588
21060
20222
17628
18122
19125
21173
21772
21910
23092
21250
22921
21488
23443
22627
22756
21409
21846
20867
21899
22150
22271
23398
21945
21806
22391
22796
24127
22358
21278
22098
22476
21532
21882
23268
22555
20743
20862
22592
20293
22901
22259
21030
21758
23235
23507
21787
21154
21411
22761
22127
23485
22136
22298
22365
21967
22596
23291
23022
22324
20821
20584
20476
21784
20533
20763
20742
22230
24224
22985
20886
21763
21056
23330
23105
23516
23048
23829
20888
20405
22689
22915
23199
22778
21513
21986
22044
23904
22382
20896
22219
20958
21869
21414
21185
21197
21434
24397
23666
22588
22620
22151
22597
22867
22158
22572
22868
22080
23850
21318
22838
21120
22163
23198
21049
22489
19947
22296
22234
21661
20230
22771
18424
20333
20960
23120
23387
23204
21487
20818
23130
22088
23121
22530
24311
21144
21663
21628
23695
23207
23974
23169
23313
22591
23104
22895
23008
24209
22919
23150
21227
21339
22183
23067
22827
23755
23298
22677
21915
22168
22967
21907
22507
22619
21779
20028
20708
23036
22530
22199
22872
23239
20986
19944
21382
20538
19319
19980
20264
19718
20608
19128
21527
21035
22169
21694
21833
21326
22325
22812
23147
23051
21827
22910
23186
22886
21850
22861
22954
23127
23051
22697
22009
23221
22617
23265
22546
22037
22620
22999
22806
21576
23269
21716
22745
23501
23111
21676
24679
22536
22623
22452
20978
22034
20937
21963
22687
23491
24538
23072
22640
22618
23905
22343
20495
23600
24421
22907
22203
22766
21864
22709
23142
23388
20289
22694
23478
22524
22204
21324
24192
22164
22779
23417
23619
23134
22489
24052
21235
22737
21764
21944
21959
22422
23848
22486
21759
21498
21394
22162
21256
22694
22126
23257
23431
21315
23122
21988
21824
20756
21250
21123
22605
20514
23610
23502
20761
20963
23340
22899
22394
22996
22300
22512
21171
23565
22072
23101
23149
21190
23194
21782
23645
23592
21940
22596
21921
23507
23147
21669
23817
23003
21844
23424
22113
22533
22365
21396
22389
22065
23868
22851
22691
21680
22280
20826
21555
24154
22006
23166
21199
23128
23101
23205
21767
22816
22089
22655
21763
20216
20498
20259
22539
22463
23073
21082
21445
20856
23740
19545
19942
19691
20994
20575
22956
22422
22058
20844
20619
20854
19736
23614
21331
21256
21518
22732
21639
21608
23364
21187
22750
23009
22777
23124
22616
22143
23317
21811
22987
22551
21039
22171
22945
23181
21244
22663
23316
21470
22790
21501
23018
21459
23781
22738
22453
21987
22488
22501
21774
24081
22090
21826
22138
23187
22489
22046
22238
21048
21331
22285
22164
21736
22943
22131
22966
21755
23436
22427
23750
23315
21883
21432
22263
21904
21213
22226
22273
22446
22254
23130
21954
22584
21020
22898
24557
22037
21184
21925
23366
21781
23329
22870
22432
22370
23288
22351
22987
21089
19118
22301
20837
23801
21440
22275
23508
23526
23215
22799
22791
22258
20660
23143
21509
21513
22173
22261
22901
21727
24017
22243
23188
21634
21487
22170
24430
21913
22432
21206
20760
22895
21556
22553
22424
21509
23680
22370
21494
23518
22957
23878
24476
21395
20560
21992
23613
22733
23540
21308
22659
22348
23974
20474
20987
21126
22997
21323
23689
24757
23323
20965
23596
23255
23237
23458
23551
22710
21181
20331
21483
20556
22503
20835
21844
24249
23055
20586
20639
21038
20343
19933
19352
16813
22184
22920
20578
22068
22760
20083
21425
21478
22026
22785
21278
22968
22702
22294
23105
22871
21111
20561
21641
21178
21198
21833
24024
22589
22320
22728
20698
22415
21259
23445
23103
21159
22024
22393
22308
21344
21353
22407
22320
21939
21498
21189
21075
21969
21656
22681
21822
23344
22249
23501
21132
20193
21693
20206
20408
22146
21624
23351
20998
23984
23047
22750
21510
20272
22479
22397
21557
23309
23001
22601
23557
22024
21371
21673
20736
16367
18388
19411
18661
23266
22915
22759
22484
20646
19553
22009
23282
20446
20602
22893
22386
20164
21221
23105
21412
21321
21306
21872
23509
22815
20884
19674
20237
19505
21292
22362
20532
22350
23386
22428
22707
22614
22306
21469
20668
21517
23549
23068
22829
23899
22458
23189
22415
19986
19846
21337
21169
20795
21022
21892
21530
20093
21116
22632
22088
22861
23156
21035
20909
23042
22075
19682
19595
21639
18160
18651
18872
20196
20796
20047
22268
21807
19970
21340
21077
23347
23344
24190
22252
23507
21855
20995
19255
20096
21687
20917
20473
22056
22019
20866
23257
21298
20021
20782
22050
20898
20108
19847
20503
20818
21759
21678
21146
20514
22370
22912
22190
23606
22679
21433
20801
21636
21507
20855
22461
21601
21195
20578
22332
22698
22923
22665
21452
20568
20299
19067
20082
19369
20392
17960
3756
23082
21791
22044
22022
22160
22361
21560
21495
22205
20865
20604
22154
21795
22611
21573
21060
23265
21832
22941
22196
23005
21926
22578
21539
22231
21714
22726
21599
23294
24189
22704
23013
23288
23528
22819
22701
24035
21766
20679
22080
22608
23881
22953
22963
22659
21191
22414
22628
21604
22440
22139
23863
22409
21724
21835
22680
22087
21379
23742
21546
22280
21654
22524
20950
20343
22150
21767
20580
22319
21648
23653
23474
23106
22344
22902
23340
23614
22204
23456
23658
22273
21407
22550
22508
21555
22772
23342
22672
21541
20798
21130
20934
21571
20407
20456
23506
22633
23335
21563
23952
22075
20998
21556
22734
21595
21960
20256
20657
20957
20215
22874
21793
23468
22222
21002
21832
22981
22368
18371
16370
18065
18325
19190
18663
20062
21142
18498
19714
19624
20175
20316
20765
19525
18732
18529
19294
21583
21142
21868
23342
21215
20154
20587
20481
19817
19671
20368
21183
20781
23745
19329
20839
20833
20176
20540
19627
22412
21886
21465
21579
20564
20839
21902
19479
20449
18535
19372
21123
20565
20048
21275
22254
22800
20677
20338
20984
20945
21975
22785
23784
22230
20857
20671
19028
20083
21451
19858
19838
19362
20390
19336
19182
20499
20868
20213
21511
22296
23368
23624
22908
22265
21639
22008
21389
22304
22092
23443
22510
23137
23421
20425
21828
21000
22275
22635
20710
20861
22413
22164
22743
19085
20709
22198
22515
22066
22666
21747
20650
22032
22927
22107
23157
21888
22171
24192
22056
20463
22818
21914
22454
21326
21916
24092
22242
21269
22881
23351
22222
22372
21372
22038
22558
22384
23995
22732
21851
21647
21442
23778
23152
21400
24292
21676
21649
20217
23190
21259
22233
25370
23345
23442
23465
24591
23654
20965
24318
21693
21156
22602
23160
21057
23209
25101
23258
23236
23160
23148
22621
22319
23384
22535
21593
21333
23384
21728
22191
22821
21808
23005
21718
21434
22827
23564
22763
21639
22201
22707
22700
23192
23876
22200
21821
23601
22754
22568
23552
23775
22035
21248
21057
21978
22394
21269
22582
21749
21364
21338
21210
22814
23122
22149
21311
21266
22109
22585
22838
22013
21364
22070
22033
23123
22213
21357
22438
21579
22838
23511
21706
18679
22478
