15057
17082
18821
18276
17552
18403
18078
19903
19921
18667
19020
17848
18910
18311
18537
18783
19198
18649
18359
18195
18761
18915
18132
18458
19802
18667
18442
18901
19312
18875
18738
19072
19005
18496
18586
18632
19119
19416
20313
19749
18861
19347
18601
18174
19732
19899
20357
19968
20088
20315
19647
19732
19351
20008
20015
20850
19854
19782
20664
19941
20340
20184
20564
20199
19786
20205
19963
19819
20783
20434
20014
20781
20203
19799
19473
19534
20238
19903
19899
20490
19234
19591
19648
20021
20479
20357
20064
20238
19642
20528
20692
20001
20037
20233
19095
18816
19772
19273
18941
19590
19623
19748
19495
19938
19544
19523
18695
18649
20455
18290
18151
17871
19722
19875
19190
18920
18684
20439
20138
19925
19623
19718
19473
20228
19394
20228
19790
20529
19293
20608
20006
20005
19723
20009
19414
19303
20212
19338
20301
20205
20609
20485
20391
20055
19963
20163
19930
19959
20873
20126
19874
20171
19382
20616
19624
18958
18741
18628
18844
18491
20129
19440
19501
20037
18737
19146
20308
19601
20641
19849
19794
20475
20150
19886
20247
19572
19252
18428
18800
16999
19163
19042
19272
19522
19878
20125
20440
20001
19754
19418
19152
19449
18661
19662
18319
19097
20205
20070
20155
18913
18876
18246
19160
20753
20530
20058
19503
19976
20562
19683
18112
20395
18882
19141
18373
18561
18671
19524
20146
19271
19184
19328
20409
20338
20087
19479
19907
19077
19232
20527
19809
19120
18544
19930
18833
19531
19082
19570
19922
20075
20068
19488
19597
19066
20934
19793
20028
20454
18804
19113
19612
19615
19448
19289
20468
20121
19430
19339
18673
18909
18817
18706
19291
20148
20162
19894
19528
20459
20805
20072
20189
19887
19799
18431
19099
19018
19196
19421
19122
19297
19144
20156
20594
20039
19454
19477
20174
19857
19284
19074
19253
19710
19944
20801
19985
19283
19200
18304
19306
20887
20072
20333
20325
18895
18574
19431
19066
18661
19783
19708
19627
20824
20656
20394
20574
19945
20366
19786
20627
20534
19891
20597
19781
19512
20359
20897
20528
20229
19355
19636
19263
19976
20034
20054
19508
20179
20306
20022
19973
19374
19522
19144
20088
19585
18806
19322
19834
19720
20045
19596
20459
20516
19585
20426
20057
20117
20068
20140
20360
19582
19553
20757
20140
20121
19731
19086
19349
19703
20033
19170
19571
19116
19417
20158
20807
19644
20284
19443
20076
19756
20439
19851
19842
20324
20070
19490
19452
18683
18214
18804
20589
19861
19793
19937
19997
20670
19907
20328
20498
19204
18383
18680
19553
19385
19176
18975
16432
18280
20292
20908
19799
20041
20760
20540
20667
19506
18311
19228
19093
19050
18191
19007
19139
19801
19595
20428
20155
20546
20027
19872
19847
20485
20626
19591
20348
20625
20253
19141
19094
19539
20807
20229
19732
19800
19307
19722
19608
19167
19335
19546
19285
19477
18899
18499
17951
17587
18214
19068
17421
19342
20656
19626
18866
19079
19563
20459
19556
20229
20571
20254
19618
19322
20400
20445
19986
20723
19012
18966
20441
20430
21170
19876
20434
20231
19778
19962
20459
20264
19890
20576
20160
20339
19926
20408
19907
19792
19796
19946
20454
20214
19970
19736
19718
20109
19738
19940
19848
20114
19595
19745
19565
20740
20206
20009
19003
19177
19796
19744
19115
19091
19677
18612
17771
18375
18050
18810
20479
20205
20101
18859
19554
19252
19863
19460
19297
20441
19676
19369
19407
20439
20548
19846
19730
20005
19319
19572
19935
19934
20187
19938
19989
19370
19808
20094
20993
19529
20700
20138
19592
20083
20028
19956
19485
20503
19243
20222
19540
20199
20549
20419
20505
19217
20348
19551
20151
19864
20063
19251
18869
19224
19261
19755
20011
20664
20373
20058
20428
19804
19646
19291
18102
17883
19334
19751
18484
18532
20956
20733
19718
20611
19734
19858
19395
20584
20248
20380
20237
20311
19568
19693
19730
20344
20288
20146
20042
19980
19969
20014
19710
19614
19003
19711
20134
20432
20060
20459
20099
19417
19779
19363
19751
19526
20986
19914
19875
20706
20037
20010
20248
20282
20302
19572
20798
19449
19974
19854
20771
20235
19935
19426
18944
20091
19706
20592
19532
19815
19749
20193
20727
20570
20296
20343
20612
20577
20468
19587
19904
19880
20159
19871
19306
20189
19600
19810
20123
19387
19953
19697
20285
20221
19686
20299
20518
20426
20161
20172
20023
20041
20032
19650
20219
20555
20255
20422
19746
19421
20093
20658
20075
19329
19569
20028
20129
20025
19934
19767
19607
19333
19230
20324
19461
20025
19655
19725
20253
19563
20058
19776
18970
19812
19341
20237
20128
20206
20165
19532
20917
20350
20127
19713
19482
20373
20062
20040
19678
19641
20633
20147
20409
20204
20261
20084
20267
20307
20380
20048
20459
20418
19781
19836
19078
19790
19587
20038
20003
16944
18880
19402
20106
20016
19699
20387
20473
19762
19396
20150
20171
19679
19909
20659
19190
20485
20095
20546
20292
20479
19976
20202
20069
20241
19956
20053
20156
19261
19635
20297
19937
19644
19773
19882
20274
19753
20159
19949
20108
20507
20498
20086
19754
19380
19039
19888
20590
20395
20030
19706
20047
20093
20474
19989
19196
20504
20993
19709
18691
19276
19562
19687
19939
19166
20264
19487
19108
19543
19592
20186
20326
20164
20335
19866
20057
19694
20551
20192
20362
19515
19471
20054
20444
20166
20069
19479
20212
20467
20087
19602
19638
20151
20398
19969
19351
19516
20454
19091
19798
20599
19883
19759
20787
19700
19970
19770
20422
19422
20346
20218
20257
19863
19270
18826
19052
18064
20420
19553
18258
18396
19153
18759
19769
20874
20310
19537
19961
20686
19447
18579
19309
20695
20230
19363
20403
19204
19987
19798
19726
20360
20545
19553
20589
20030
20203
20637
19607
19817
20290
19871
18952
19145
20006
18575
17763
18477
17822
18015
18763
19149
18792
19526
20064
19274
19530
20575
20133
18922
19855
20049
19319
19558
19647
19468
19007
20883
19480
19883
19636
20933
20049
19110
20123
18922
18873
19413
20160
18703
18228
18883
17761
18228
18578
18759
19185
19640
19649
19816
17679
18454
18441
18856
19869
20093
20403
20164
20068
19770
20303
19393
20049
20655
19563
19245
20347
19972
20185
19982
19863
20036
19785
20670
19447
19945
20710
19655
20140
19604
20415
20693
20350
19383
20062
20480
19924
19547
19926
19905
20188
20047
19877
19157
19373
21208
20715
19918
20244
20144
19926
20468
19046
20103
20230
20209
19645
19624
19513
19779
19556
19250
19649
19355
19316
20486
20089
19924
20164
19799
19589
19851
20020
20614
19647
20245
20384
20620
19934
20557
19584
19592
20376
20307
19570
19973
19754
19702
19796
19627
19811
20510
19939
19772
19977
20377
20508
20428
20091
20280
19676
19905
20159
20178
19231
20252
19468
19325
19600
19686
19559
19833
20157
20325
19909
18561
19371
15630
16462
20289
17918
17612
18358
20034
20836
20205
19342
20112
19564
20026
20246
19968
19960
19590
20839
20038
19509
20062
19250
19382
19825
19686
19441
18692
19791
19263
19036
19960
19210
20493
20404
19602
19927
19851
19723
19694
20783
20070
19539
17902
20279
18885
20739
19954
19898
20227
20286
19731
19089
19269
19900
19548
20243
20531
19617
19381
18424
17419
18082
19113
20268
20280
20116
19806
20049
19992
20004
19822
19664
19878
20935
19463
20490
19828
20065
20225
20054
19964
19976
18885
18901
18934
17832
18490
19651
19372
19617
19589
19459
20544
20116
19610
18953
20338
19799
20468
20080
19671
20267
20403
20142
20013
19749
19658
20131
20548
20633
19493
19173
18610
18734
19697
19089
20756
19545
20041
20247
19505
19100
19351
20227
19653
20412
20296
18774
18332
17454
18735
19570
20267
18044
19140
18136
18213
19796
20034
20270
19934
20247
19716
19205
19639
19144
19201
20566
19905
20241
19810
19411
19338
19468
19897
18305
19655
19847
19526
19829
18847
19447
19363
19559
20881
19985
20138
20854
20116
18186
19369
20157
19687
18283
19105
19853
20402
20457
19728
19654
19152
20170
19950
20517
19888
20144
19881
20213
20346
20503
19721
19676
19064
20380
19864
19805
19811
19262
20697
20246
20474
19992
19583
19591
20333
20129
19983
20866
20112
20178
20344
19642
20089
20329
19631
19765
18997
20205
19904
19502
19111
19141
19595
18801
20144
20654
20463
20207
20011
19869
19829
20517
19668
20021
20248
20093
19824
19641
20304
19776
19550
20305
20117
19747
19783
19272
20730
20191
20060
20722
19760
19988
20305
20364
19633
19868
20566
20909
20525
19973
19491
18348
16544
15276
20557
19635
19518
19151
19647
20879
19922
20395
19663
20168
20103
19872
19002
19687
19120
20590
19960
19640
19784
20019
20576
19177
20899
19734
19490
20099
19859
20095
19926
19927
19330
18545
19016
18740
19440
19670
20065
20019
19588
20225
19850
19913
19221
20916
20370
20009
20054
19765
19377
20258
19465
20257
19416
19231
19260
18517
18844
19261
19198
19036
19133
19264
19301
19339
20263
20747
19814
20074
19309
20368
20718
20270
19550
19982
19590
19237
19406
19336
19812
20650
20621
20799
20553
20213
19024
18603
19561
18769
18016
19589
18604
17758
18164
18006
18427
18011
16294
16091
16606
19445
19929
19596
20177
19185
19401
19312
20538
20040
20302
19155
19830
19372
19430
19605
19724
20728
18945
19148
19890
20259
20037
20086
19262
19363
19925
19401
19498
19346
19930
19300
19632
20646
18539
19894
19050
18703
19810
20837
20715
20108
20155
20059
20162
19644
20632
19662
19933
19998
19911
19917
20680
20015
19701
18882
19336
18660
18729
17571
19107
19008
19884
20424
19852
18786
18681
18928
19750
20396
21032
19636
20093
19101
18566
20167
20087
20110
19903
19157
19594
19571
20298
19502
18505
18758
18999
19057
17848
18227
18719
18778
20677
20207
19689
20229
20299
19617
19856
20114
19717
19569
19554
20106
19340
19557
18653
19309
20077
18566
19882
18007
19709
19385
19169
18665
19186
16434
15630
18612
20409
19965
20326
18024
19287
19726
19739
19913
19422
20040
18393
18770
19541
20285
20186
21198
20166
20339
20496
20351
20092
19609
20601
20319
19642
19341
19199
19589
19838
20070
20714
20586
19907
19440
19917
20142
20017
19972
19074
18643
18235
18561
20334
19813
19488
20196
20275
18548
17642
18402
18042
16926
17873
17981
17956
18349
18247
19146
18221
19640
18867
18725
18814
19944
20320
20055
19977
19266
20312
19661
20221
20183
19730
20543
19919
20486
19872
19772
19781
19799
20006
20565
20325
19886
20177
20472
20120
20016
19432
20433
20108
19818
18992
20253
19105
19307
19429
18150
18161
18078
18297
19476
20413
19998
19327
18894
19377
20480
18995
19092
19729
19989
20031
18593
19749
18963
18567
19495
19446
17470
19127
19708
19687
19933
19101
20045
19571
19790
20486
20400
19758
20268
20206
19442
20173
19879
19606
19738
20000
20531
19854
19607
18675
19922
20514
19614
20248
19270
20461
20288
19586
19550
19739
18520
17892
18697
19091
18624
17737
17843
20299
17846
17966
20087
20330
20202
20077
19713
19447
19635
20344
20154
20010
19725
19815
20137
19582
20613
20520
20096
19723
19157
20596
20609
20087
20039
20442
19714
20860
20156
20298
20005
20031
19740
19580
20379
20052
20088
19160
19541
19140
19555
20643
19766
20585
19476
20205
20287
20074
19678
19912
20007
19806
19671
18896
18768
19052
18772
19365
19657
18815
18972
19114
20355
18581
18711
18242
18540
18406
20881
19970
19878
19026
19051
18861
18877
20283
19316
19510
19218
20247
19446
19155
20380
19338
19487
20099
19958
20494
20351
19656
20133
20221
20140
19857
18908
20117
20073
19464
18700
19939
20409
19395
19792
19515
19555
19187
20420
20517
19965
19564
20379
19881
19430
20698
20193
19853
20418
19967
20120
19872
20494
20101
20058
20252
19685
20047
19788
19712
20609
19470
20463
19471
20184
20330
20027
19897
19947
20341
20017
20235
20207
20218
19792
20761
20363
20851
19711
19800
20497
19700
19120
19016
19895
20409
20615
20450
20340
19980
20123
20006
20861
19064
18019
19128
18825
20177
18068
18385
20365
20273
20444
19796
19912
20070
19116
21051
19044
18911
19676
19878
20420
19462
21106
20300
20154
19592
19334
19922
20656
19904
20098
19396
18902
20198
19217
19469
19394
19302
20676
19475
19549
20140
19382
19904
20610
19156
19727
19085
19655
19713
20104
18452
19694
19586
20247
18540
18930
18827
19745
17925
19987
20805
19974
19383
20751
20242
20511
20874
20476
19377
19172
18486
18992
18742
19934
18373
19227
19991
20677
18298
18151
18486
18317
18190
17791
15075
19178
19902
20695
19556
19682
18457
19279
19255
19053
19760
18983
19701
20337
19941
19749
19752
18235
18181
18914
18514
19334
19154
20346
20310
19601
19607
19210
19624
19231
20270
20398
18625
19425
20167
19176
19383
19078
19587
19129
19217
18691
18296
18774
19628
19316
19387
18371
19812
18805
19300
17668
17807
19067
18786
18193
19250
19430
19777
18613
20501
20559
18985
18469
18154
19641
19957
19172
20542
20329
19343
20479
19210
19585
19055
18511
15795
16021
17540
17283
20353
20380
20285
20161
18864
18205
19824
19938
19241
18889
19730
19576
18515
19635
19829
19703
19753
19108
19489
20003
20114
18807
18187
18620
17864
19282
19638
18058
19375
20273
19757
19959
19641
19362
18917
17819
18671
20609
20340
20400
20433
20581
20733
20140
18653
17794
18955
18913
18778
18979
19016
19125
19047
18889
20711
19744
19998
19579
19475
18794
20927
20003
18360
16963
19028
17637
16440
17152
18383
18511
17697
19727
18311
17211
18303
18706
19617
19527
19784
20095
19732
18947
18500
17645
18489
19315
18501
17995
19249
19133
19000
19569
18764
17821
17982
18679
19127
17614
17226
17939
18889
19059
17970
17936
17492
20165
20319
19919
19990
19424
18734
19354
19106
19402
19010
19134
19143
19678
19126
19747
20455
19976
19877
18615
17918
17402
17490
17916
17478
17617
16878
3505
20342
19767
20162
19534
19630
20302
19972
19809
20148
19294
18695
19907
20264
19758
19117
19252
20096
19500
20417
19976
20638
19923
19874
19303
20285
20138
19942
19615
19575
20260
20408
20656
20541
20491
20428
20372
20508
19291
18490
18924
19702
20571
19671
20151
20257
19469
19695
20078
20614
19155
19549
20487
20406
20337
19975
20292
20182
19534
20882
20243
20010
19728
19598
18903
18820
19533
19027
18263
19095
19632
20667
20353
20492
20156
20158
20381
20084
19242
20632
20798
20010
19062
19835
20049
19543
19716
19851
19249
19378
18671
18568
18858
19012
18702
18838
19096
19929
20313
19034
20007
19338
19088
19106
18611
18926
19327
18657
18773
19011
18999
20708
19501
20594
19469
18752
18856
19925
19435
16963
14461
16385
16157
16631
17184
18443
19570
17751
18131
18631
17565
17913
18355
18543
17363
16875
18030
18692
18981
18885
18863
18682
17962
18572
18777
18513
17644
18920
18282
17735
21376
17602
18065
17613
18203
17191
17631
18173
20126
20222
17763
17989
19092
19546
18838
18978
17151
18108
19272
18494
18017
19219
19756
19619
18412
18574
18596
18825
19250
19710
19794
19107
18160
17614
17608
17698
19118
18163
18095
17845
18148
18120
17626
18455
18879
18166
19263
19974
20477
20216
20080
19962
20396
20281
20004
20114
19793
20300
20168
19997
20624
19140
19170
18945
19772
19904
19002
19214
20150
18834
19959
17697
18177
19583
20315
20122
20162
19704
18678
20229
20133
19969
20462
19684
19702
20181
19386
19070
20327
19832
20068
19146
19913
20545
20157
19841
20360
20661
19832
20273
20016
19774
20168
20376
20147
20378
18352
19080
19802
20421
20111
19187
20034
19266
19246
18472
19645
18899
19229
19871
19554
19986
19654
20486
20091
19371
19130
19670
18866
19276
19459
19302
19893
20390
19980
20056
19635
20173
19631
19578
20039
20600
19702
19772
19754
20044
19982
20537
19946
20153
19785
19646
20637
20449
20242
19303
19377
19689
19675
20420
20696
20354
19306
19479
19997
20318
20251
20264
19682
19606
19370
19314
19679
19197
20198
19970
20043
19649
19126
19313
19823
20169
19594
19622
19481
19829
20187
20443
19512
20256
20114
20349
20346
20279
20202
19762
21154
19523
19701
16897
19725
