18555
17369
17638
14983
17527
17008
17317
16966
15914
17049
17881
16481
16580
15408
17500
15724
15990
16538
16513
16815
15163
16105
16354
16332
15787
14826
15979
17453
15445
15578
16206
15188
15786
16556
15157
15439
15183
15264
13901
13434
13195
14105
16198
16215
16219
14269
14441
14646
14608
13468
14391
14751
13200
14931
14432
13928
13682
14518
13450
12630
13406
12282
12286
12386
12759
13933
13638
13436
12563
12426
12615
13149
13075
13107
13782
12641
13938
13103
13700
14122
14007
13004
14865
14500
13547
13034
12116
12985
13427
13908
11953
12061
11943
12845
14453
16763
14591
15180
14659
14125
14028
15078
15164
13888
13502
14447
14223
15728
14696
15086
16087
15377
14612
13432
13912
14763
14939
14995
13206
14057
14998
14517
14706
14800
12906
13338
13705
13444
13147
14003
15380
13635
14216
13812
14485
14189
15660
14608
14672
14148
13287
12805
12992
12342
12290
11836
11933
12494
13029
11987
12175
12079
12357
12913
12450
14876
16741
15651
16157
16805
14167
15802
14704
15138
14329
14593
14953
14459
13460
12763
13114
13738
13071
14011
13856
13939
13940
16465
14775
17914
15657
16522
15144
14737
15173
13319
13927
13661
14537
13391
14796
15320
13813
14263
18220
16821
14434
14571
15650
15424
15873
17343
16291
15181
12693
12737
14198
13552
14861
14504
15469
13047
16032
13745
15811
15747
15951
15153
15813
15098
14796
13653
14689
13500
12364
13738
13575
14469
13868
13634
12536
14711
15153
13689
14850
15541
16438
14372
12906
12316
12434
12709
14232
13841
14129
12510
12721
13700
14657
13832
15021
12669
13847
15432
14519
13654
13531
14382
15179
15609
13594
15374
15208
14564
13193
12065
12227
13403
14442
12332
12355
12557
13301
16026
15037
15361
16002
14966
14931
15165
15878
15375
14188
12958
15013
16162
14745
13678
16333
15684
15353
15487
14822
13065
14238
16015
14599
18800
15744
13436
12876
14118
13261
15483
15527
17646
15890
16717
14428
14642
13747
14903
13678
13407
12818
11796
12082
12786
13496
12401
12224
14114
13581
13807
14272
13486
12461
13136
13168
14223
13479
13892
12470
12631
12662
12819
12553
13466
13964
12870
14018
14269
15469
14387
13587
13965
14475
13662
13445
12758
12733
12766
12739
13252
11893
12277
12744
12152
12166
12677
13737
14093
12168
11806
11756
12838
13244
14029
12744
13892
14094
14083
13929
14105
14139
14445
14232
14309
13426
12914
13157
11950
12104
12918
13050
13810
15888
15270
15712
16837
13950
13732
14184
14142
13927
13001
13489
14747
13586
14931
16720
17077
16551
17411
17023
16310
18614
17683
12773
13612
13900
14334
14923
13328
13634
14106
15890
17300
15967
15475
18594
16780
14536
14770
13311
13322
13028
13660
12694
12457
14125
13706
13727
13461
13359
13226
13342
13853
15295
13940
14022
12977
13659
15179
15911
14728
15003
13622
15830
14921
15022
16270
15689
15353
15599
17569
17670
15706
17182
16391
16104
14762
13978
14174
16018
14495
13283
14570
14740
13835
14431
13793
13849
13684
14591
13730
14452
15393
13280
12445
12852
12249
11902
12666
11692
11991
12336
12360
12511
12513
12476
12716
12009
12623
12813
13369
13317
13733
13018
12026
11991
12491
12613
13625
12931
13406
12566
13820
13486
13626
12548
13566
12986
12921
12956
13715
13742
13360
14284
15472
15086
14779
18708
16998
17275
15910
13614
13574
13865
15229
16873
13852
14205
13758
15263
15780
15082
14239
13774
13727
12641
12047
12601
12800
12894
13740
14124
13067
13607
13118
12683
13984
14090
13483
13910
14490
13363
12162
12078
11922
12053
12150
12436
12559
13316
14520
13884
13956
12833
12541
12319
12592
14062
13004
13996
12866
13629
13663
15306
15532
14618
15460
14459
14096
12688
12737
12606
13532
14815
15364
17733
19422
16258
16772
17822
19105
15942
14443
14007
13747
14154
14395
14346
13315
13044
13377
13559
13467
14864
15577
14446
12367
11828
12766
12351
12009
12079
12627
14246
15146
14009
14322
13972
12645
12678
12439
12349
13375
14169
13869
14391
14866
14154
12226
12347
12877
12423
12233
12188
12128
12856
13353
13481
12832
13047
14231
14112
12687
13012
13216
13842
13945
12944
13787
13198
13838
13406
13110
12710
12693
12333
12704
13501
13263
12477
12284
13486
14102
13267
12662
12999
12805
12390
13189
12566
13099
13791
13637
13689
12367
13550
12928
12654
12113
12130
12310
13474
13066
12717
13083
13385
13592
12532
12458
12253
12821
14095
13525
11968
12661
11859
12268
12006
12295
12433
12356
13688
14509
14292
13349
12606
13646
13120
14108
13322
14127
13638
12318
12352
15046
13975
15183
13537
12460
12699
13832
13788
12593
12107
12711
12879
13546
12229
12587
13338
13868
13080
12432
13060
13677
12566
12581
12690
13183
12090
12328
13271
13901
14203
15196
15522
14401
14967
14053
14116
19384
17201
16755
14685
15905
16555
15070
13557
14455
15823
14043
12493
13284
15888
14200
14613
12630
12043
12374
12385
12395
12630
12531
12352
12056
12183
11990
12448
14759
14973
13633
13901
13672
13815
14410
13059
13235
13289
13557
13994
12991
12715
12255
13378
13698
13551
14673
14273
13341
13169
13287
14074
14566
13167
12910
12311
14178
14341
13713
14562
13693
13969
14408
14714
13228
14800
14315
13641
13947
13635
14015
12960
12729
12166
12129
13117
12581
12879
12472
13365
12804
12843
13827
13975
12897
12095
12553
13065
12484
11639
12893
12692
13060
13358
13137
13720
14143
13697
13442
14025
13575
12600
13492
13291
12359
13372
13723
13474
13151
14538
13213
12915
12661
12959
14930
15822
16383
14780
14954
14354
15839
14281
16172
15302
14038
13159
14179
14255
13087
14897
17009
15233
14542
13449
14974
15069
14567
15072
14273
15405
13709
12701
12831
13077
12946
13351
13793
15722
15607
16359
15327
15395
16758
16104
15950
17490
16785
16499
16913
15301
14693
17052
15425
15962
15379
15434
13976
13153
14837
14604
14286
14863
15337
15500
14932
14472
14374
13429
14440
14920
13939
13095
14048
13918
13811
13585
13501
14287
15154
15728
14045
17004
15963
15861
16010
16103
14276
15469
16067
15569
15375
16801
15834
13204
13888
13569
12380
12377
12679
13390
14649
14487
12664
11979
12869
13385
12140
13235
11749
11938
12368
12374
12465
12236
13654
13100
13343
14600
12386
13409
12960
12906
12420
13449
12786
12329
12892
13319
13129
14458
13438
13759
13467
14591
14077
12589
12295
12125
12400
13275
13048
13261
13399
12573
11881
11923
12396
13269
13580
14659
14940
14866
14231
14087
14135
12814
13402
12762
12862
13182
13065
13088
12304
12442
12758
12551
13152
13615
13398
12694
12010
12853
13514
13439
13138
14001
13660
13429
14400
14383
12938
12173
12745
13961
14517
13500
13230
12964
14994
14195
15472
13940
12900
13310
14811
13557
15929
16111
15607
15018
14212
14183
15380
13233
16058
16159
19060
18211
15681
17181
16657
16212
13512
13640
12448
12353
12892
12847
12502
12214
12070
12930
12619
13128
12967
12935
13828
14329
14075
14167
14730
14369
14771
14923
14797
15915
14953
13856
14472
14136
13995
15748
14219
13625
14490
14197
14129
14274
17090
14082
16003
14446
13280
15901
13555
13394
13843
15692
15230
15386
16400
16104
14971
16225
15761
15555
17669
16621
14878
14052
12667
12480
12094
12250
12440
11887
11938
12685
12826
12829
12655
13798
13071
13392
12665
13168
13717
13649
14759
16736
15528
17377
14712
13480
14111
15498
13599
13596
13388
12287
12409
13066
13530
12481
13122
12351
13955
13139
12372
12172
12786
12884
12804
13108
12529
11917
12719
15753
15746
15147
16551
15164
14025
14473
14274
12779
13350
14756
15076
14260
13536
12793
13497
15277
16212
16591
15692
15787
15704
17879
15166
18755
16736
17938
15255
14230
13615
13820
16065
15135
14713
16484
16099
13093
12006
13102
12594
13888
13445
14408
15946
16780
15559
13468
15037
15021
15803
14920
14585
14521
13906
14731
13225
13907
13863
15807
15531
13377
14807
16171
15879
16701
13283
13159
13512
14369
14033
14824
14074
14443
13483
12827
14775
14124
13618
13601
13191
13723
14283
13955
13917
13559
13839
13822
13798
12459
12088
12396
13183
14502
13168
12130
12452
12787
13421
12619
12353
12434
13293
13165
13276
13880
14465
14650
14450
14962
13933
14291
14972
14545
13624
13274
13164
13231
12905
12684
12962
12182
12084
11764
11966
12131
12419
13404
13736
14064
13528
14096
13053
14033
15027
14928
14994
14250
15155
14481
13298
15039
13757
14834
16838
15585
15351
13796
13404
15743
16471
15238
19278
19077
14437
14171
13153
13220
14341
14387
13437
12036
12278
12654
12324
13349
13342
13419
14244
14081
14154
14507
13324
13238
13055
12606
12968
12389
12551
14092
12412
11987
12168
12799
13629
15354
14914
15500
14838
16020
14842
13721
13602
13426
12217
13728
14142
13997
14099
12994
14162
13906
14118
15233
13847
14745
15691
15704
15332
14941
16148
17059
15704
15412
14445
15595
16336
13454
14229
13653
12325
12407
13702
14267
13720
15318
13654
15744
13235
13818
14469
16599
15825
13456
14732
13755
13570
14612
14425
16798
13884
15620
15221
15434
17216
17739
17837
17330
17446
16821
18624
18343
18813
17586
14952
16167
14331
15092
15901
15009
14154
12585
13821
15468
16140
15446
15049
14736
14190
13332
14181
13734
14656
14562
14453
14072
13517
13924
15447
15406
14465
14344
14513
14313
15436
14157
16995
16365
15308
16320
13241
13185
13202
12157
11839
11831
12383
12695
13632
13835
13364
13285
13907
13562
12916
12518
12188
13059
14931
16527
17594
17808
14252
14804
14264
15889
14312
16645
18357
15915
15249
13114
13958
13882
14662
15160
15768
13935
13093
13708
13560
13456
14238
14814
14365
14473
15262
16569
13604
14492
15748
14873
15899
16369
15602
13555
13861
12686
12846
14085
15025
14228
14973
14990
14820
14178
14737
15167
14993
16152
15612
15617
15924
17198
15629
16602
17066
17080
18592
20905
18717
16453
13886
13213
13878
15031
14619
15533
15927
14621
13921
14707
12911
15698
14603
16008
14944
13212
12797
12779
12549
12518
12600
13843
13131
12756
13458
12793
14238
14865
15481
14767
15392
12764
12323
12447
12939
12928
12797
14052
16957
16679
14902
16087
12814
13351
15243
13336
14181
15168
17328
15850
16603
17937
17027
17063
17413
18425
18266
16449
15539
14899
16320
16311
14165
15108
14381
12867
12513
13331
13272
12504
14165
12182
12841
12486
13005
14709
14473
14205
13587
12532
12747
12291
13105
13116
13913
12553
12297
12909
13371
13761
13244
14007
14106
15477
16123
14967
15010
15263
17297
15609
17516
16338
14937
15020
14108
15315
17357
13698
14596
14219
16053
16274
15457
15924
15499
17104
17524
15185
15975
15965
15221
14311
12700
13707
14168
15183
13701
12912
13353
12633
12233
14044
12797
12629
12636
12711
13396
13602
14067
12988
13237
13514
15076
14917
13263
12450
12710
13797
13155
13353
13063
13912
13741
14762
15831
15630
14871
17261
16298
14883
13370
15011
15564
14882
12780
12386
12545
12603
13727
14127
14353
13940
13815
14105
14281
13854
12694
13465
12606
12086
12159
13308
13790
12648
12623
13231
12411
12444
13404
12047
12063
12369
12063
12403
13170
12970
12415
13290
14038
14465
14479
14148
13807
13915
13694
13168
14239
13720
13738
15368
15159
14697
15180
15740
16333
16501
15780
17200
16155
15327
14791
16638
15446
15440
15508
15985
16480
17557
17806
15152
15686
16306
16473
17523
14797
14655
15115
13869
15507
14631
14891
15707
14663
15009
15331
15672
14161
14308
13784
12937
13802
13832
12131
13552
14069
13946
13638
14190
14180
14362
14566
13784
13354
13888
14146
14574
14502
15151
12859
12391
11755
12249
13109
12674
13299
12117
11636
12185
12266
12349
12261
12454
11577
11911
11969
12356
13027
13435
12910
13370
13124
13239
13104
13777
12745
12010
11908
12432
12230
12161
12221
12169
12402
12704
12777
12632
13318
14104
14008
14428
14802
15248
15556
15181
13358
14021
13068
12920
13428
14451
13423
14403
17239
17901
13579
14275
13858
15505
16106
13927
12957
12546
12428
12604
13152
12882
13787
14004
14597
13485
13344
13320
13295
13064
12225
12590
12022
12100
13428
12919
12023
12462
12592
13910
14441
13651
13562
13638
14713
14769
13948
13556
14258
13300
14636
14387
12554
14514
15682
14293
13351
14455
15843
15770
14470
15156
15255
16121
15793
15852
16508
15912
14133
13334
12631
13634
12481
12862
13079
13019
14089
14287
15792
14836
15991
16482
16486
16191
16284
15139
15782
17548
17301
16580
17095
18855
19470
16337
14013
14835
15482
15614
15146
14831
16432
15333
14141
13851
13172
13051
13056
13448
13910
15425
15878
15767
13994
14324
14847
14008
13141
13660
13239
13031
14246
14007
14171
12990
12922
13130
14208
14181
14582
14179
14566
14445
15679
14610
15451
16038
15512
15897
15930
16681
14797
14167
14924
17474
16697
14537
14316
16791
16499
15679
15395
14611
15452
13870
15388
15888
16140
15792
15633
15613
14237
13566
14079
13995
14471
15819
15327
16241
19443
19254
16693
17874
17435
15504
15552
16170
15472
16901
17327
15186
15284
16448
17604
15690
14929
16272
15430
15688
15916
15859
15729
15617
14821
16870
16846
17531
16638
16105
15634
16784
16959
15347
14028
14180
15520
15484
16165
17215
15978
13806
12829
12495
13337
12740
13186
14591
15584
17438
16756
15915
16896
14218
14387
14814
14632
15529
13285
14536
15971
15919
13980
17346
15228
15985
17191
19339
17756
17624
18792
16502
16320
15629
16248
16046
15655
16127
15849
15685
15480
15084
14741
13783
14504
15271
15929
18356
16901
16320
15566
16293
14568
15859
15739
16173
15340
16260
16227
16145
16010
16362
16311
17302
14791
15218
15058
15938
17400
15052
13306
13007
14167
14446
14960
14407
14746
13618
15103
14966
14765
15749
14839
15367
13356
13227
13109
15644
17360
17714
17443
17781
17832
18750
18755
3597
12976
14645
13251
14148
14181
15358
15636
14722
15735
15133
15618
16940
14765
14868
14419
15257
14661
13652
14343
13236
12546
12295
12469
13887
13057
12352
13566
14622
15776
15092
12764
12986
12235
13371
12677
12504
14501
15409
15500
15742
15010
14092
13154
13749
14007
15384
15563
14500
12694
13539
14931
14153
12523
12277
12037
12718
12538
13046
13907
12416
12941
14118
15361
16356
16661
15788
15539
16192
15599
15526
14124
12983
13961
14096
14641
13618
13956
13437
13356
14170
14490
15516
15208
15977
14777
14902
15372
17098
17166
16497
16462
17407
16033
14941
16282
16965
16485
14023
15376
15349
15179
16559
15554
16596
15641
17239
16205
16815
17208
15938
14868
15187
13928
14150
16977
16961
16856
17492
19808
18490
18309
17954
17976
17830
16532
15008
17002
17283
15348
17223
17150
16404
17251
17381
18056
17241
14148
16131
17639
16703
15453
17218
16920
16287
15701
16981
15300
16399
15919
14963
16554
16292
17007
16372
16134
16740
16098
14960
15001
16175
15653
15872
15182
16127
15103
17945
18066
16051
17343
17664
17034
16294
16588
14459
16272
16624
16453
16282
15897
15040
16116
15526
17747
17064
17770
15745
16114
17012
17731
17772
17455
17907
19064
17452
18162
13907
12980
12792
12810
12477
12254
12229
12323
12065
12471
12687
13035
12724
13866
13028
13721
15679
14889
15645
14950
15815
15083
15219
15298
15575
19361
18399
15050
13935
13580
14405
14124
16615
13903
14431
14244
13706
13744
14171
15581
14805
14535
13930
13141
13240
13630
14779
13670
12836
12772
12809
12897
15630
13117
12093
12676
12675
13153
14099
14111
16258
15218
14428
13374
13659
14017
14038
14004
15433
15162
13874
14772
14428
14908
14031
14018
14080
13778
13301
13628
15785
13691
14845
14704
14195
13788
13888
14320
13871
13365
13229
13130
12999
12971
13142
13286
12717
12709
12850
12399
13045
13092
12519
12895
12619
12897
13452
13270
12839
13080
14531
13746
13986
14748
13343
13317
13998
13728
14079
13726
13632
13585
12989
13704
15148
14625
12847
13188
13942
12974
12200
12227
13827
14574
13495
13848
14362
13961
15109
14624
14393
13298
13112
14561
13714
13366
13053
12954
13186
12866
14206
15143
13611
17750
13560
