25382
24324
23700
19452
24201
22937
24763
23821
21111
23442
24916
22275
23210
21032
24376
22494
22869
22735
23547
23632
21586
21844
22803
22683
20769
19479
22057
22909
20861
21358
22824
19616
21737
22793
21226
21911
21070
20878
17589
16916
17183
18792
21719
21531
22416
18117
17400
17554
18982
16880
17210
19486
16986
19567
18849
17161
17052
18156
16608
15177
16668
14114
14602
14738
15227
17496
16524
17747
15239
14881
14130
16111
15055
16153
17132
16129
18258
15783
17314
17623
18162
17637
19103
19210
16418
15740
14125
15987
16903
17366
15224
14426
14489
15012
19008
23361
19354
19596
19692
18342
18371
19453
19416
17946
17406
18682
20060
22134
19561
20379
22618
21985
20170
17336
17410
20542
20503
20059
16426
17277
19048
18763
19125
18937
16035
17040
18262
17014
16789
18358
20378
18056
17452
18192
19058
18991
21289
18801
19263
17935
17503
16039
14987
14068
13920
13482
14048
14433
16647
14344
13965
14658
14468
15596
15319
18816
24092
21472
22824
22985
18695
20186
18404
19468
18601
19665
20118
17286
16834
14426
15774
17185
16034
18015
17981
17376
18234
21734
19806
24114
20030
20727
19760
18609
19313
15667
18294
16454
18165
16563
19102
20514
17010
18553
20543
18865
17097
16915
18740
18402
20507
23499
21610
19225
15217
15640
17735
16036
18617
17608
20245
15530
19498
18221
20903
22282
22027
20266
21278
19617
19090
18086
19470
17402
14911
15927
18031
18735
17999
16906
14581
19380
20641
18278
19244
20652
22725
19106
14224
14534
14803
14975
18747
17526
17902
15018
15368
16269
18008
18255
20394
16352
17825
21154
18242
16628
17472
18622
20555
22117
17715
20225
21798
19019
16286
14077
14026
16521
17880
15245
14432
14590
16442
22460
20039
20188
21008
19097
19134
18541
20299
20655
17219
15041
18565
20143
18352
17016
21400
20413
19603
20826
19544
16019
17543
19930
19253
25272
21024
16195
15385
16803
15845
18966
20524
22792
19397
21332
18277
19093
18555
18967
16615
16368
15090
13415
13901
14962
16229
14761
14842
17835
16191
17481
18452
16652
14844
16190
16456
18109
17079
16920
14968
15037
14951
15507
15210
15952
17775
17056
18256
18296
20036
17979
17501
17342
17767
17547
17438
15416
15534
15711
15327
16418
14068
14028
16205
15000
15093
15840
17270
17946
14155
14137
13845
15806
16274
18219
15743
16568
18338
18571
18663
19500
17557
18291
18255
18399
17259
15107
16089
13968
13919
15734
15453
17459
22104
19636
22635
23536
17829
16279
18215
18447
17874
16407
16922
19138
16503
20024
21792
23143
20781
22508
22282
21472
24607
23708
15321
16339
17124
18355
19867
16189
16788
18069
21194
23681
20886
20775
25083
22773
19235
19424
16815
16629
16197
17817
15501
15318
18144
17526
17597
17195
17112
15950
16491
17141
20484
18423
18481
15361
16682
20698
22437
20007
19510
17110
21733
20103
19784
21868
21156
20834
22560
24662
25254
21161
23865
21863
21223
18708
17218
18883
21869
18494
15567
18664
18519
17612
18082
16591
17029
17308
18483
16874
17552
19919
16095
14568
15071
14443
14431
15035
13886
14235
13542
14604
15018
15786
14679
15339
14138
15714
16600
16615
17306
18148
15934
13988
14364
14804
15447
16796
16216
16778
15475
17444
17253
17986
14992
16980
14966
14859
16243
17878
18132
17516
19103
20945
20016
19626
24003
21732
23951
21824
17909
17163
17733
19611
22158
18115
19060
17669
20760
20522
19267
18768
18120
17202
15056
14349
15270
15423
15552
17720
18422
16059
16546
16212
16173
17886
17639
16669
18279
18049
16626
14643
14528
14120
14867
14642
15035
15442
16498
19180
17471
17442
14807
15278
14698
15790
17835
15618
17931
16788
17142
17043
20010
21596
19866
20298
18528
17963
16140
15555
15542
16229
18572
20912
23484
25929
21210
20932
23232
26380
20649
17201
17704
17304
17543
17653
17849
17443
15377
15881
16971
15539
18052
20451
18592
14879
14086
14590
14183
13929
14319
15054
17857
19282
18481
18618
18120
15560
15251
15117
14805
17064
18628
17892
18859
19886
17787
14229
14375
15037
15115
14278
14063
14483
15909
16594
17232
15741
15950
18916
18234
15234
15644
16140
18036
18815
15835
16596
16513
17514
17910
16017
15287
15441
14499
14544
17098
15635
14834
14784
16918
17311
15931
15441
16004
16296
14719
16048
15718
16171
17335
17275
17690
14858
17558
15547
15703
14246
14060
14531
16589
16464
15359
15984
17626
17462
15278
14958
14596
16418
18919
16075
14357
14415
14369
14353
14010
13937
14193
14501
15928
18708
17515
16703
14969
17347
15936
17562
16585
17750
16848
15153
15252
19342
17638
20125
16896
14792
14946
17123
17764
14493
13787
15447
16107
17129
14437
14497
16520
17495
16326
14339
15582
17489
15409
14496
15440
15799
14602
14324
15137
15797
16936
19358
19329
18129
17849
16784
17033
24005
20895
20176
17395
19284
20121
18557
17080
17445
20837
16829
15215
15581
20395
18367
18294
15058
14171
14359
14656
14844
14437
14639
14605
14117
14281
14345
14725
19052
19657
17736
17180
16809
18968
18904
16279
16539
16423
16714
19080
16152
15186
14773
16425
17800
17260
19266
19077
16490
15833
15392
18416
18306
16909
15833
15415
18826
18072
17097
18604
16093
17501
18825
18540
17151
18808
18905
16918
18168
17542
18427
16247
14996
14250
14302
16248
15305
15748
15583
17114
15115
15487
17849
17634
16410
14603
14889
16264
14912
13934
14333
15515
16679
16795
16438
16577
17947
17389
16412
17466
16453
14712
17177
16610
14691
16418
17207
17030
16242
18820
16775
16296
15752
16719
19933
21313
21357
19984
17897
19241
21859
19108
22361
19845
17775
15918
17847
17344
16463
19131
24125
20830
19649
16784
19326
20485
18740
19871
17730
20143
16855
15244
15520
15900
15173
15746
16877
19233
20151
20574
20247
21266
23247
21424
21098
24163
23393
21282
22732
18869
18514
20751
19122
20132
19253
20546
17778
15640
18838
18919
17300
18833
19785
20446
18476
18555
18927
16192
18225
19476
17071
15453
17832
18089
17503
17638
18047
18968
21610
23268
19789
24178
21837
22046
21837
22111
17945
21252
20928
21400
21393
24631
21560
17656
17226
17515
14880
15271
15372
16254
19271
18321
15729
14375
15371
17630
14754
16683
14222
14345
14031
14569
14853
14929
17554
16041
16091
19753
15469
17441
16199
15920
15103
17183
16294
15222
16468
17203
16706
18679
17023
18065
17189
18900
17598
15070
14010
14032
14946
16114
15185
15771
17018
15401
14203
13954
14623
16770
17371
19085
19390
18841
18488
18856
18106
15251
16512
15142
16006
16026
16918
17145
15288
15287
15638
15326
15268
16415
16935
15379
13772
15186
16396
16911
16492
17737
16530
16597
17982
18614
16024
14602
15585
17090
18730
16735
16126
15963
18794
18208
20247
17299
15749
16348
19208
16595
20830
20902
20775
18890
17180
16585
19299
15967
18962
19650
25435
23707
19858
22344
23441
22104
17122
17096
14543
14499
15336
15625
14921
14112
14517
15762
15268
16152
16013
15608
17444
17795
18638
18093
18292
18567
18704
18162
18618
21309
19048
17705
19359
17804
17338
20229
17496
16506
18073
18862
17450
17382
23808
17855
19420
18285
16092
19400
16220
15421
16187
19466
20289
20755
22547
21482
19353
21534
20292
21600
26344
23459
19589
18351
15242
15153
14066
14829
14299
14075
14477
15367
16611
15535
15168
17490
16462
17445
15336
16479
16927
17768
19548
23161
21871
24342
19831
16370
17821
20729
17676
17295
16860
14812
14486
15857
17433
15476
15752
14116
17127
16347
14712
14090
14946
15828
15256
16297
15256
14359
15033
20152
21561
20829
22031
18511
17613
19113
19153
15827
16755
18904
20637
19376
16749
15283
16341
20406
20400
21992
20308
21244
19651
22598
18902
22354
20166
22182
17955
15946
14672
16108
20209
19155
19224
21243
21278
16291
13451
15878
14417
17017
16516
17935
20684
23348
20487
16188
19283
19649
20757
18869
18808
19010
17872
19769
15776
17429
16898
20246
21068
17114
17726
19811
20892
20976
15696
15277
15962
17489
17410
18950
18046
17659
16910
15633
18187
16885
16185
16913
15304
17169
17931
17918
17546
16403
17081
17836
17685
15148
14309
14846
16046
19175
16868
14245
15085
15014
17332
15322
14824
15096
16399
16275
15628
17141
18456
19367
18774
19460
17549
18964
19082
19109
17705
17267
15862
16341
15712
16196
15856
14670
14385
13588
14154
13862
14172
16339
17049
17538
17156
18151
16516
17877
20219
19463
20491
17943
19292
18025
16607
19600
16760
19337
21512
18680
19814
16190
16240
19380
21512
18145
26625
24712
18767
17797
15780
17074
19229
18567
15689
14466
14183
15201
14639
15775
15755
16993
17582
17925
17258
19001
16445
16748
16709
14944
16028
14154
15025
17728
14341
14540
14392
14785
17120
22248
21559
21059
20113
20340
19511
17433
17404
17107
14448
16906
18091
17794
17328
15525
18280
17023
18714
19391
17795
18748
20868
20913
18395
19081
21905
22198
20256
19814
18863
20591
21885
17528
18490
16743
14522
14691
17131
18678
17744
20621
17339
20617
16477
18141
19275
23768
21740
17427
18884
17054
15959
17919
18592
22861
18374
20200
20737
20810
22764
24336
26318
25433
22543
22463
25928
24707
25635
21361
16722
19811
16674
18867
20728
18348
18609
15063
17181
19428
21871
20783
19025
18800
17426
16490
17585
17077
18425
18403
18111
17547
17921
17032
19727
20303
18327
18629
18521
16981
20381
17977
21964
21479
19194
20594
16747
16296
16392
14720
13558
13834
14449
14627
17591
16883
16158
16613
18005
18362
15561
14876
14079
16171
20766
23321
24776
23997
19319
20055
19399
22197
17945
21096
24241
21091
19982
16077
16594
17278
19051
17887
21184
18068
16120
17893
17161
17394
19637
19373
18963
18917
19674
22889
17946
19268
21898
20546
22469
22160
20685
16283
16542
15792
15904
17758
20144
17764
20030
19655
18727
16900
18669
20016
19496
22306
19274
19905
21369
22139
19820
20819
20875
21085
22850
27403
26395
22860
19217
16241
18529
19803
19696
19834
21422
19004
17987
19459
14780
21044
19542
21228
19470
16854
15815
15493
14547
14826
15366
17259
16495
15480
16137
15487
18273
19765
20874
19487
20376
15208
14592
15040
15239
15286
15477
18196
24918
22401
20076
22110
15439
16254
21613
17675
18821
19630
24972
22358
22970
25733
24843
24047
24433
25318
24368
22445
21313
20613
22094
22118
18716
19882
17737
14903
14431
16462
16754
14425
18765
15293
15096
15258
15363
17957
18800
18109
16819
14990
14989
14269
16347
16863
18116
15123
14558
15836
17414
18469
17087
17711
18270
20600
20491
19581
18803
19368
23459
21549
24688
22102
19386
19906
17741
20288
22939
17018
17617
18206
21486
19625
18093
18782
20073
22481
23067
19508
19875
21777
20185
18211
16121
17511
18832
19570
17817
15729
16613
15262
14134
18503
15821
15860
15416
14581
17030
16773
18202
16953
16247
16713
19434
19484
17038
15124
16090
16935
16823
16730
16109
17530
17538
19679
21803
21742
20737
23972
22444
22178
17619
21872
22381
20554
15935
14809
15256
15019
17333
17685
19016
17571
16823
17520
18815
17929
15820
17040
15478
14559
14392
16403
17792
15248
14278
16039
14561
15026
17087
15080
14011
14456
14082
14827
15605
16071
14871
16494
17593
19334
18410
18869
17746
17233
16888
17021
18424
18582
17333
20424
19823
19032
19450
20792
22015
23421
21156
23409
21622
20223
18785
22794
20440
20792
20889
22317
22117
23737
24300
19907
19157
20916
19866
22702
19436
19077
19076
17168
19451
18894
19235
19916
19034
19835
18649
20067
16987
18295
17028
15742
16440
17587
14990
16336
17201
17955
17534
18219
17276
18633
18689
17470
17123
17531
18738
17977
18359
19907
15395
14480
13888
14036
14856
15432
16563
14273
13633
14152
14093
14230
13473
14394
13501
13851
14060
14027
16970
16144
15540
16917
15707
16485
15529
17505
15302
14026
13716
14246
14251
14131
14366
13923
14365
14892
15996
15066
16030
17835
18326
17783
18914
19146
20004
18850
15236
17597
15479
15061
15337
16905
15066
16765
21353
22076
17022
19248
17476
21743
22036
18068
15467
14653
14434
14730
15493
17192
16951
17458
19630
17088
16629
17048
17064
16739
14397
14666
13938
14553
17127
16069
13590
15096
15015
18457
18538
17500
18060
17058
19161
19176
17653
17085
18714
16580
19018
18439
15406
19594
21362
18475
17326
19552
21160
21243
19081
19642
20662
22072
21914
21325
22036
22528
17723
16116
15760
17459
14549
15433
16145
15608
17330
18570
20440
20384
21435
22080
21906
21112
21238
18669
19148
23517
23789
21846
23254
25873
27487
22594
18403
21212
18968
18355
18591
19334
21964
19144
17742
17808
16304
15626
15813
17159
17499
20613
22001
21372
19019
19383
20886
17706
15950
16692
16570
17115
19157
18435
18295
15653
16304
16690
19073
17888
19152
17483
17812
18347
19872
19731
22043
21766
20647
21597
21437
21724
19654
19350
19688
23871
24101
19764
19416
22935
22139
20387
20228
19758
20214
17386
18730
21660
22353
21409
20466
21008
17955
16860
16505
17067
17277
21170
19357
20725
26172
26541
23098
24553
23988
20111
19240
21365
20888
23131
23414
19761
20364
21912
24336
19930
19300
22378
20580
21091
21713
21435
20990
21098
19162
22807
23393
24274
24250
22584
20961
21050
23741
19450
16988
18624
20416
20338
20969
24811
21263
16746
15565
14562
15704
15348
15746
17818
21214
24838
23883
21646
23641
18988
18419
19046
19641
20736
16052
18158
20600
19794
17948
23439
20259
19600
23499
26903
23407
23098
24252
23051
23189
20907
23310
22696
21235
24026
21827
21594
20727
19590
19350
17727
18490
19630
21370
24628
23842
20494
20938
22322
18789
21662
21107
20401
20253
22926
23075
23239
21179
22880
22764
24881
19952
21612
20765
22970
24878
20318
16024
15692
18064
18533
20122
19812
19537
17891
20216
19869
19789
20890
20007
20748
17394
16144
16295
20386
23489
24247
24641
24368
24146
24650
25370
4898
16153
18863
16067
16881
17177
19496
19269
19133
19651
18350
19836
21504
19610
20127
18541
19577
18054
17020
18358
15812
15162
14222
14606
17714
15772
14783
16812
19423
20654
19349
15606
15213
14574
16219
15334
15743
18029
20673
20529
20315
19956
17804
16304
16345
17573
20095
20921
18685
15170
16300
19765
17646
14723
14345
13769
14304
14898
15083
17455
14436
15220
16118
18276
20394
19170
21019
21331
22026
21619
20640
18824
15920
17097
18092
18498
17125
17242
17290
17104
17288
18034
19902
21118
21134
18889
19903
19209
21115
20700
21016
22791
24898
22476
20934
23325
22821
22617
17903
20045
20408
18402
23334
21167
22798
21044
22730
21991
24205
23238
21257
18646
19564
17693
17215
22408
22327
22070
20861
25904
27270
25150
27358
26695
25665
24112
21700
25739
24287
21576
24716
25109
22492
24632
25834
27157
25092
19027
19820
23263
21399
18992
23170
23039
22549
23109
24974
21569
24623
23308
22254
24885
24124
24048
23872
25008
25675
24145
19961
19803
23985
23877
21927
20963
22403
19900
23632
24138
21990
23652
24673
23634
21534
23111
17900
22331
22935
23195
22067
20854
19116
21190
20605
23873
24923
25435
21153
23035
24095
25476
23797
24169
24256
25194
22771
23966
16736
15766
15611
16807
14556
14341
14455
14954
14080
14742
14793
16079
15286
17889
15756
17262
20489
19696
21325
18842
20523
19801
20020
19054
19663
26085
23655
20032
16743
16179
18170
16724
21005
17622
18404
18632
17379
17569
18895
20407
19295
19262
18388
16651
17326
17618
19567
18589
15737
15385
15887
15382
16847
16151
14083
15013
15730
15875
15968
18610
21641
20861
19249
17644
17570
18722
18583
19056
21478
22351
18081
20298
20438
19358
18206
18754
19263
18921
17244
18529
21983
19139
21267
19526
18297
18961
18683
18781
18404
16518
16793
16706
16328
16097
17174
16639
15798
15563
15790
15636
16226
15535
15751
16070
15762
15752
16092
16688
15646
16043
20053
18446
18708
19544
16923
16573
18936
18076
18898
17642
17909
17445
16322
17705
20543
19330
16419
17006
17707
16112
15228
15844
18257
20009
17591
17206
18462
18061
19491
18983
18927
16750
16382
18487
16872
16773
16211
16366
16927
15752
17789
20062
17808
24522
17853
