15336
16443
20465
17042
17049
18864
17103
19902
21515
19004
18575
16213
18561
16790
18297
17239
18643
18526
17181
17327
17662
17960
17524
18180
18539
18317
19043
18475
18872
18777
19192
18749
19199
19437
16821
19012
19244
19096
19794
19332
17945
19435
18860
16643
19511
19895
19285
19459
20498
20966
20729
19467
19570
21318
21531
22259
20681
19993
21824
20602
21758
21040
21213
20441
19717
21820
20321
20276
21044
21512
20507
22405
20766
20663
18587
18635
20981
19474
20710
21755
19178
19178
20102
20845
22033
21413
20382
20913
20867
21882
20993
21682
21433
20592
18440
19421
20344
19389
18685
19373
20022
21005
19806
20590
19501
19511
17627
18235
22116
16799
17613
16440
19840
20654
19106
18727
18623
22106
21285
20586
19653
20996
20974
21327
18913
21078
20003
21899
18371
23406
19619
21290
18449
21975
21294
20477
20868
18878
21208
20779
22547
21413
22260
22601
22730
21588
21234
20060
23223
21565
21048
21605
19148
22591
18870
18779
17870
18652
18612
18525
20841
19805
18604
21964
18425
18805
22059
19955
22090
19604
19446
21240
20167
19922
21229
18707
20317
17776
19446
19831
19453
21200
19861
19825
19315
21333
20991
19786
19443
18717
19901
20131
18074
20211
21477
19875
22784
21331
21911
18292
19045
19426
20120
21241
21859
20175
18216
20045
22831
20207
17428
20660
18858
19647
17580
18452
18472
20842
21087
19936
18293
20967
22052
21794
21492
20079
19614
18662
18760
22016
20096
19303
18555
20692
18444
21238
18628
20622
19851
21392
20862
18997
20864
18479
22661
21202
21218
21313
18317
17915
20807
20203
19288
19523
21794
20634
19416
18488
18586
20756
17929
19559
19119
20711
22419
20315
20561
21427
22082
21218
21600
20848
19975
19008
19263
19309
18877
20346
19530
18953
18487
22298
21814
21336
20017
20468
21674
20625
22039
20549
19000
20765
20841
23461
20182
20272
20659
20033
19486
21213
21230
22406
21992
18151
18157
21929
19135
19870
19332
20494
19862
23278
21476
21786
21223
19955
20556
20155
21416
21402
19562
22006
19730
19180
22308
23196
22516
20772
19231
20610
19727
20286
20735
20965
19601
20705
21597
20932
20698
19953
19861
20199
22095
19420
18476
19622
21053
20064
20669
19203
21950
21362
18843
22037
22592
21593
21078
20755
21619
20519
20496
21735
21606
21600
21269
19370
19111
20500
20885
19719
19468
18007
20014
20764
23356
20171
20992
18549
21588
20665
21877
19524
19748
22628
20690
19804
20456
18238
17020
19783
21291
19427
20470
19435
20332
20815
20166
21240
21333
19905
19607
20189
19810
21785
21066
20780
17841
19641
20922
22518
19721
20143
22643
21552
21321
18835
18050
19175
19499
19657
18583
20852
19072
20035
19776
21630
20736
22790
21073
19746
21420
21399
22119
18630
22128
22744
20570
19143
19966
19318
22554
21451
19635
21051
20292
20276
20723
17943
19861
19453
20048
20826
18923
17085
16461
16480
20203
20717
16561
20872
22865
18674
18492
18373
20653
21279
18763
21712
20798
20932
18576
17866
20232
21337
20504
21910
17914
18144
20394
22434
22230
20115
20427
22484
21421
21050
22250
21440
20546
21453
21541
22322
21226
21684
20057
20832
20811
20660
21721
21771
20005
20388
18713
21179
19336
21657
20999
21076
20036
19910
19602
20871
19588
20751
18486
18741
21182
19605
19453
18681
18924
18084
21494
18926
18326
18873
21944
19972
22126
18942
21697
19087
20337
19631
19858
21646
20514
19216
20753
20448
22530
20867
21185
21316
19590
20407
21235
21572
20959
20102
20374
19662
20627
20973
22970
20313
22275
21643
21119
21872
21545
20790
19529
21611
18772
20782
20276
21340
22740
22578
21764
18254
20619
19258
20850
20592
21447
20018
18082
19916
19206
19553
19722
23333
20568
21053
20637
19569
19137
17901
18987
21214
19358
20455
18318
19626
22083
21689
20226
20442
19969
19453
19002
21488
21194
21274
20631
20763
18358
19536
21783
21466
21710
21996
21127
20976
21022
20218
21010
20286
18523
20199
20286
21181
20817
22093
20554
19225
19835
19492
19422
19758
22318
21035
21491
22940
21616
22187
21320
20514
21797
19634
22450
19483
20747
20121
22669
20967
21386
18881
17893
20303
18761
23024
20503
20018
19131
20662
23360
22556
22786
21039
23180
20874
21572
19616
20209
21359
21350
21147
18798
21615
20195
21533
21150
19464
19641
20753
21207
20489
19888
20498
21606
21818
21574
21126
20435
20687
20095
20215
23174
22030
21429
21494
20060
19098
21555
22323
21428
22148
20374
21884
21098
21769
20838
20978
19390
19498
20043
21452
19334
21379
19883
20557
20025
21252
20879
19645
18127
20275
19475
22146
20756
20105
21761
20964
23503
21919
21141
20348
19032
21930
21217
21136
19565
19398
22140
21340
21436
21518
21223
20113
20243
21347
21053
20949
22578
21544
20831
21280
18635
20151
20610
20523
21355
19430
21398
21956
21219
22076
20563
22136
21383
19049
19750
20134
21745
19181
21731
21731
18269
21645
20762
20855
20971
22409
22034
22101
21525
21130
21394
21381
20830
19574
19715
19448
19676
20370
21062
20293
20302
19435
20622
20872
20420
21434
21727
21599
21247
18934
18947
19937
21381
21024
19455
19176
22000
21501
21558
20054
19481
22580
23372
19591
19099
20868
20999
21001
20827
19269
22173
19860
19020
18961
20528
21350
21680
20491
22345
21210
22411
19979
21516
20095
21426
19589
19084
21593
22939
21044
21564
20471
22375
21454
20803
19477
18551
21797
22413
21361
18776
20094
22497
18692
21981
22266
21143
20537
23872
21735
21569
22075
20675
19419
21125
20921
22353
21240
18622
18322
18624
17204
21878
18780
16745
18904
19556
19343
21610
21499
21063
19176
19964
21264
18822
18985
19290
21876
20279
19289
21012
18610
20529
19524
18816
20135
22055
19919
22627
21845
22513
21970
20465
18657
20097
21381
17679
19734
20276
17963
18062
19725
17952
18476
18703
19571
19536
21058
22050
19325
20527
21570
20156
19676
20493
20864
19628
18795
20490
19181
18558
21605
19189
21939
21176
22555
20358
18633
21267
19524
18574
19149
19727
18029
17362
19593
17302
17562
18046
18939
20258
20021
19135
19213
17088
18526
18635
19591
19235
20345
20636
21261
20332
20846
20477
19758
20799
21922
20220
18316
23051
21185
21385
19952
21113
21724
22285
22570
19639
21836
22457
20885
21514
20346
21579
22050
21588
18955
21739
22472
19222
19146
20769
20263
22294
20582
20181
18517
19026
22023
21786
20667
21516
20928
21000
22463
18547
21268
21379
22043
21242
19157
18510
19665
18633
19707
20930
19645
18806
20856
20398
20366
21430
20197
20439
19897
19526
22423
19281
21098
20641
22567
20761
22595
19808
18915
21192
20862
19723
21322
19577
19133
19604
19313
20404
22281
21419
20521
20501
22578
21171
22010
20753
21585
20228
20413
20560
21030
19143
22177
18979
21396
20579
21416
21559
18997
21463
21561
20109
19475
20065
16577
16070
22130
18490
16766
17921
22128
21708
21883
18691
21575
20593
21734
20375
19838
20173
20036
23439
22006
19817
21445
18370
20554
20719
19963
19404
19334
20764
19630
21295
21394
17853
23050
20827
19254
20995
19976
19350
20952
23459
21030
19205
17894
21442
18099
22709
21521
20862
21716
22060
21127
19275
20492
19407
20560
19071
24110
20772
18054
16917
17181
16179
19800
21222
20257
22089
20296
19935
21429
21402
21062
19106
21679
22513
20404
22858
20181
20770
20360
21719
20452
20896
18370
18495
18668
18318
17803
19657
19412
18815
19812
19497
21692
21655
19291
18585
21495
21462
22805
20088
21000
20946
22467
21288
20947
21053
20057
21161
20489
21652
18902
20346
18831
18745
20895
18213
23211
19946
20735
21484
17417
19081
18921
21923
21012
22741
20915
18869
18939
18342
18701
20690
21432
22134
19352
20301
18422
23961
21555
21069
20507
21402
20806
18334
20551
19019
20159
21854
19895
22019
20309
20342
18262
18804
20484
18867
20863
19831
20994
20923
18944
20394
19137
20005
22992
20036
20933
21812
20516
17623
21109
22453
19727
17816
19783
23027
22074
23186
19771
20453
19008
21744
21053
21186
20151
21201
20551
20899
21501
22082
19915
19165
19693
21020
21143
21022
20616
18354
21463
21483
21618
21610
18979
19254
20215
21744
21734
22493
21268
21596
20851
19327
21331
21117
20867
20037
19568
22002
21299
19434
18873
18351
19255
17628
22253
20977
22033
21606
21116
20100
20485
22572
21955
20189
21765
20999
19862
19059
19301
19994
19321
21115
20757
19424
20357
19338
21452
20639
19781
21159
18973
19906
20646
20272
20040
19269
22268
22370
21765
19717
19004
16424
16786
16398
21781
19872
19471
19913
20210
21995
20334
20509
20675
22475
21604
20332
18281
20799
18871
24642
21372
20213
20412
20466
22286
18848
23440
20876
18677
20296
19858
20525
21961
21084
18753
18592
19647
18997
20056
19772
21432
19489
18988
21221
21085
20565
18880
21643
21740
20826
20279
19984
19661
21792
18848
20809
19711
22628
20686
19184
20703
22144
20968
19585
18102
19732
19320
19159
22126
21994
21447
21433
18432
23514
20943
19916
17441
20562
19406
18325
20352
20092
19864
21012
19626
20563
21299
19316
18241
18715
20185
18154
16231
20258
20740
17238
17694
17561
18871
17496
16462
16085
19362
21654
21045
20844
21491
19752
20601
19195
20678
20801
21370
19729
20452
18583
18680
19581
19479
22926
19293
19630
19826
21276
22061
20551
19178
19090
19707
19134
20291
21247
19996
18115
19915
22321
19612
21407
19883
18702
20045
22681
21839
20867
20742
21289
21643
20075
22979
19178
19456
21009
19353
19959
22592
21108
19368
18192
19109
18343
19959
17995
18901
17785
21925
23231
20475
17667
19295
19285
21686
22574
22467
20404
21915
18206
18964
21385
20686
21039
20440
19599
19971
19158
23214
19591
18276
19337
17874
18265
18238
17648
18758
18527
22156
20906
19285
20412
20358
20150
21770
19177
21342
20285
20128
23086
18641
20216
18300
21049
20831
17863
21159
17866
20670
21370
20550
20039
21226
22112
18425
18139
21319
21067
21116
17258
18744
19864
20790
20656
19816
20199
17429
18521
18637
21503
22002
22358
21309
21830
22338
23356
21045
19538
22376
20959
19497
19931
18684
20240
20592
20258
22200
22296
21275
20063
20188
20384
19621
20655
20036
17976
16868
17422
21874
20457
18968
21071
21080
17624
17179
18032
17982
16180
17677
16938
17612
20499
17805
19540
17053
19280
19600
19437
17335
18880
19487
20459
20902
19745
20167
19465
21887
20444
20868
21822
20127
21647
20780
19556
19913
21822
22461
22624
20094
21200
21360
21187
20288
20741
18699
22038
20953
20139
18760
21657
18955
20656
19254
16078
18304
17378
18480
21409
21280
21090
20144
19088
19873
21445
18732
17907
20754
22073
20727
18777
22326
19784
19880
19764
19471
15806
19788
20921
20291
19967
18412
20093
19706
20249
21762
22494
20510
21696
22334
19446
20490
19390
19645
19304
21462
22899
19345
19218
18184
20788
20732
18509
21002
19307
20938
21244
19064
21584
19379
17799
16862
18575
19047
20002
16496
17689
21022
15906
16673
20957
21249
21274
21744
20726
19506
19971
22152
19841
19974
19945
21006
21498
19355
22382
21460
20567
20598
18084
21890
22009
21044
21571
21310
20615
23200
21806
21745
21459
20675
20046
19285
21299
21209
20141
18537
19734
18611
18926
21967
19153
19929
18448
21466
20983
19905
20179
21059
19594
19996
19067
18320
18710
18132
19819
18790
19745
18193
18811
18074
20426
16715
17192
17874
19695
19316
22410
21565
20721
20399
19492
19848
18341
22352
19972
20921
20096
23014
19930
19896
23221
19056
21078
21347
21318
21085
21842
19418
20900
20375
20987
19668
18767
20926
20483
19819
18398
19838
21704
18963
20616
19486
20902
19397
21495
21404
21787
21452
21986
20587
18834
22537
21550
21672
21795
22825
21320
21183
21670
21779
20879
21561
20275
20499
20037
19115
22184
18719
21825
19785
21681
22376
21255
21926
21611
21469
21373
22007
22505
22050
20119
22496
21113
23090
18760
21021
22107
20473
19058
22027
21680
20871
21778
22489
21583
20301
20991
20700
22415
21158
20789
19746
17477
20439
16856
18553
20638
20883
22303
21495
21723
19547
19075
22926
18177
18760
20275
20641
21691
19671
22779
21646
23079
21457
19512
20689
23999
20102
21513
18136
18082
20629
19764
20384
19306
19736
22780
20382
19506
21572
20398
23082
22953
17821
19627
19660
20476
21646
21459
18749
20779
21065
22201
17707
17980
18383
21289
17229
20843
22112
20196
17946
21728
21702
21128
22459
21085
19339
18144
17034
19113
18494
20047
18689
19648
22230
20589
17597
20041
19403
19004
19044
19673
16334
23327
24033
21767
20279
22596
18799
20547
20200
20260
20021
18375
19394
21389
20304
20672
19864
18611
17127
18834
17037
18397
19105
22289
21418
19226
20772
18066
19329
18281
20773
21680
17414
19679
22550
19367
19681
18452
19107
19932
20336
18074
16928
18645
20295
20290
20508
17917
21751
18793
20791
17153
16671
19069
17988
17677
20052
20303
20883
18621
22358
20482
17897
18327
18146
20441
20387
19609
21849
20973
19771
21921
19932
21369
20021
19445
16244
16836
16941
16305
21726
23329
22689
20133
18402
18210
21020
20433
19455
17738
21539
19177
16894
19475
20047
19318
19771
18605
19288
21049
19776
17827
16741
18181
15919
19773
19610
17746
21075
19967
19519
21738
19314
18952
19240
18169
19344
22187
21161
21263
22086
21233
21631
19465
16589
17032
19704
19633
17780
17665
19243
18755
16748
19067
23205
19844
22259
20466
17918
20826
21821
21065
18918
19201
19263
17686
17586
15310
18082
17335
16256
19174
17431
15477
17645
18340
19385
20291
21765
19845
21230
19063
18810
17528
18130
21125
18459
16599
19554
20418
18798
18760
18993
16913
16917
19237
18660
16314
16143
17105
18701
19101
17229
17130
17726
19656
20802
19629
21105
19842
17972
19202
20333
20247
18629
20757
18288
19905
18487
20376
20806
21308
19517
17309
17231
17487
16244
16535
16965
20605
18984
4106
22163
19267
19411
19315
20048
21100
21152
21466
20821
19169
19020
22618
21570
20114
19003
19535
20657
20010
20893
20317
21880
21531
20526
18523
20408
20770
21327
20155
22552
21402
20483
21005
21120
21015
20948
20897
21197
18830
18417
18782
20490
21792
20246
20137
21350
19726
20343
20536
20953
19608
21463
21370
21730
21178
22572
21765
21562
20083
22595
21991
21049
19558
20953
20250
21239
19656
19185
18054
19478
19373
22028
21124
21727
21038
20675
20817
21072
18726
23072
21881
19682
18912
21693
21252
19753
21785
21029
21344
20391
19447
18833
17809
19212
17742
17555
20909
21180
20600
19139
19897
18470
19277
19640
18725
18944
20148
17764
18107
19253
17654
21343
19639
22392
19258
18615
20084
22067
21394
19305
14555
16493
16162
16419
16703
17462
18946
16085
18222
17869
17237
17044
17755
17465
16040
16158
17209
21906
18025
20099
20473
18981
18137
19290
19003
17782
17155
18026
18301
17537
22626
16699
17532
17964
16965
15457
17093
17831
19986
19258
18273
17559
19258
21902
18565
19241
16821
17675
18623
18634
18929
20519
19905
19242
17523
17862
18487
18505
19984
18767
20345
18788
17296
16990
16383
17525
19274
17522
16897
16485
18924
18084
18430
22432
19778
19817
19552
19725
23878
21408
21736
21762
22163
21649
21486
21543
20081
21709
20672
20669
20826
17559
19701
18633
21133
20023
19017
20124
20724
19399
21033
20142
21734
21417
21982
21445
20342
20770
21168
20539
21232
19896
21666
19958
19801
22119
19923
17993
19914
21093
20702
18282
21209
22917
21032
21248
22136
22631
20488
19854
19825
21759
21758
21699
23023
21068
17836
19016
19677
21574
21009
20057
21994
19505
19823
17702
21609
18416
19659
23706
21954
21168
21121
23067
21268
18083
20729
19840
18555
20071
21234
19050
22163
23225
21909
21967
22284
22597
22328
21502
22859
22257
21121
20872
22881
21095
21133
22551
20020
22084
20349
19177
23068
21812
21788
18627
20290
21226
21742
21867
22647
22647
19401
21802
20490
21147
21073
22481
20290
20002
18394
19756
20855
18193
21555
21113
20349
19976
18907
18952
20997
20149
18468
19658
21526
20367
21070
19947
19388
21396
20951
22363
21358
20111
21648
20645
22900
21071
19847
16551
21115
