7446
11070
14371
16958
11767
15112
11834
14723
18261
13237
12377
12744
14103
15319
12933
14478
15397
14750
13105
12646
16546
14473
13812
15272
15931
18090
16377
12885
17434
17053
15565
17128
16022
15013
15473
17243
17463
16494
20701
20798
21542
20993
16410
14106
16806
20483
21069
20008
19849
23137
22193
20622
23642
21295
21335
24361
23151
21631
24905
26215
24966
27698
27221
26246
23760
23699
22983
23966
26401
27244
25947
26498
25756
24379
21449
23765
23263
23809
22556
22739
21198
23187
20302
20904
24930
25423
27129
24970
24017
23853
27205
27819
27466
25190
19242
15384
19650
17817
19474
20786
21918
19613
18922
22051
21053
18734
18264
16420
19653
15033
14662
14613
18272
22175
19418
16580
17733
21089
24258
21684
18547
20862
20853
20892
23399
23295
22169
24190
21193
24791
17833
21985
19340
22652
21547
21444
17738
19444
20794
21641
25491
26204
27205
29194
29066
29649
28023
25396
26735
28457
28769
27287
25624
27468
23232
19982
12873
16675
15115
13623
20520
18128
18472
21326
18821
18979
20917
20431
25274
25447
24643
23158
23184
21560
22706
19944
21751
14719
19439
12768
17294
16876
20084
19765
17732
24783
21886
22038
20068
22196
19217
17925
19294
20104
14866
16437
23407
20798
20367
16764
17097
14120
16889
20289
26168
23784
19087
23288
22367
20068
16599
24182
16133
21956
15351
15959
15271
19279
18844
18466
17026
23537
21818
24358
26663
22345
21979
18963
22299
24619
25468
19307
17256
22696
18158
18606
15413
21990
26161
27467
26201
23167
22072
21995
24461
26035
26413
23795
18175
20603
20195
23903
21444
17850
21803
23277
21553
19296
17985
17013
19622
17405
16154
20427
25734
26873
27313
23665
23345
25878
27368
26583
22211
15239
18180
16592
15525
19107
18766
19776
16629
19410
23372
25527
19500
17697
21415
22392
18644
18154
17433
18627
20417
26822
20327
17382
20445
11674
17521
24475
24371
23495
23980
16718
16880
16582
16990
16475
19348
19935
21449
22196
24491
25008
26340
27405
27166
24598
25009
27254
25209
22828
23080
21451
23443
25677
28477
24723
22129
21159
23421
22334
26986
26387
25690
26094
26301
23934
22208
23809
21326
21633
20974
20914
22411
21820
22596
22684
23444
24197
26123
25619
24373
25592
29467
27907
25286
27100
27725
25516
23310
23592
28594
28575
28368
23848
22910
22413
25347
22572
20687
19552
22078
21919
24253
20255
22072
19978
24337
25842
26297
26804
26812
27207
24932
20690
17040
16137
14838
15143
23175
22708
21184
20919
21729
24860
21805
21636
24052
18514
15607
15143
16097
15969
16030
15801
9848
11918
25014
24934
21764
19974
21446
24726
23326
18590
15440
13707
16697
17334
10993
15203
19324
19967
23958
24689
23688
24559
25058
24164
22720
23630
23300
21704
24952
26070
23358
20557
18528
21092
23436
25637
21076
19800
16952
19237
19717
19820
17012
18267
19207
17270
15466
15688
13649
11833
13662
17475
11947
16722
19402
19052
20357
20140
18031
21624
22468
21585
21929
22184
19995
20202
22577
22582
21458
24256
19371
16618
24645
27556
27235
25791
27409
27338
28980
27215
30196
27764
26154
26527
26969
26815
28484
26207
23341
23053
23567
22376
27042
28213
26194
26082
23733
24012
23124
24802
25465
22635
21770
22068
25152
23673
23802
25177
21360
20474
23397
21397
19536
16666
17470
16571
13592
14659
13016
15467
23531
21685
23514
17570
17089
19237
20953
20813
18209
19258
18584
20305
23405
23436
27937
26922
26705
26929
24203
21943
22425
25530
25246
23919
24276
21506
22650
23392
24859
21984
26330
28185
27445
29200
27987
26765
24862
26681
22249
21434
22363
24077
28140
27755
27505
22319
22913
22509
22953
24505
24254
22174
16649
17308
18822
18159
19343
23401
23747
25618
24782
22375
18153
14251
13559
11635
15345
16187
12182
10634
18380
22030
21061
21671
20979
20440
20426
23800
25319
25277
22719
24629
19063
18600
22179
26868
28685
27900
27652
28429
27627
25364
21504
19337
21298
20998
23094
26459
26197
27212
26024
22271
19363
20846
19796
19925
23328
27310
26919
29048
27379
28826
28028
27000
25499
23616
25604
23338
24415
20797
24139
25844
25785
21768
19988
22391
23126
25791
23815
22437
22093
25310
28773
27417
29099
26664
26302
25355
27234
25036
22956
23419
25281
25973
22630
25202
25455
25415
25747
23014
22113
23056
23912
26067
22978
25853
26948
29073
28736
26586
23910
24995
24647
23527
25372
24997
26620
27779
26402
23331
22558
26422
28739
28074
27938
28804
27791
29177
27862
27111
21767
20874
21507
24731
24088
24017
23579
22085
23539
22224
23679
24355
23954
20426
21345
20936
23915
26145
27351
22979
25126
28025
28704
25125
22821
25429
27122
26438
22334
22194
25613
27706
25431
24180
25966
25975
25551
25676
26989
26846
27041
23839
22042
20091
17020
21680
20165
22011
22313
9630
16703
17351
20786
19820
16977
21285
22714
19895
17345
22539
26733
22426
18866
22206
18684
26642
26915
26709
26952
26908
27513
27820
27979
28285
27850
27740
26205
19605
19531
20774
21902
22886
22463
20625
24393
22611
24211
23150
21786
25917
26364
26979
23892
20881
21241
19922
21828
24009
23544
22889
23068
22179
24792
23551
25026
23114
23343
21023
20099
24699
23773
22006
20636
22651
20998
20695
22230
21153
23145
23404
25479
26728
28767
27515
25809
24815
26236
24708
24813
24680
24237
23024
24733
24539
26811
25476
26644
27387
27796
25093
23445
24826
25000
24334
21393
22081
24203
21716
23594
25794
24807
23247
26680
27364
24031
24673
23110
22313
21840
24169
25982
25700
21802
17506
16898
14904
19847
18023
17601
16087
20750
15791
20983
23305
24178
21210
22228
24474
17476
13469
17245
21551
22433
17935
19972
18600
20049
21030
17593
22614
26142
23838
26319
27100
25921
23959
18953
17025
17118
19844
15193
14978
16561
14679
12249
13768
13697
14380
17167
18972
15750
19237
19531
17820
18450
23717
23794
19534
20190
21879
19482
17119
18758
19113
19966
22097
21906
22410
21008
24402
24082
20189
22526
20007
20571
20262
18811
14898
13186
18148
12018
15484
15606
15765
16958
21324
16657
15358
14485
16373
12918
17145
21432
22112
23086
26658
25368
25156
23369
19186
21855
26499
27103
23137
25075
25887
24812
27550
28267
28542
27802
27855
25432
23663
26611
24643
22153
24489
24303
25472
25361
24263
24308
26302
23651
23379
23881
22816
22001
22639
22428
20742
19471
23958
26998
26862
28730
26555
25024
27167
22608
23805
27454
29874
28116
24791
22118
21254
19405
20146
21051
20402
20944
22483
24882
24264
26211
24228
24049
22855
22644
26965
24201
25877
25747
27226
23368
25551
24902
26139
26123
23463
22443
24476
21537
22841
22712
20145
21239
26566
27675
24870
22333
23438
23881
25419
24957
21236
20502
19285
22888
25724
21219
22435
20938
17998
17911
18103
19667
20774
23208
20894
22901
17147
17299
7724
9231
19880
13389
11915
13898
24032
25248
27787
24655
27498
25615
27071
27019
26312
24122
24525
27349
25844
24527
23552
20016
21486
21464
20187
20765
20674
21035
19859
18641
20314
19324
23380
21443
21681
19050
21119
21664
21512
24398
21506
20861
12701
21604
15537
22930
24074
18908
24707
25695
23847
17068
18809
18203
17355
17150
22937
17385
16565
14317
10914
12528
19471
23178
25585
26999
27681
26842
28712
28148
27572
23996
25733
27376
25178
24182
23466
23536
25398
25704
23243
22595
17835
14038
14528
12550
17621
23514
21060
18091
21657
22298
24774
26599
25004
22669
24622
26775
28114
26583
23061
25129
28596
27685
26191
25115
25288
25149
25940
27459
23609
18402
16979
18242
17431
18338
24399
19581
21940
24739
19975
19207
18119
20843
23527
26801
23219
17288
15953
13363
16586
18132
19432
13824
17708
11965
13743
14398
20338
22538
24015
23079
17565
18021
20060
15090
16346
25186
26925
25196
25640
22546
20776
19283
17174
14484
18545
22689
19802
20029
16667
19944
17920
21066
24113
19909
24446
23048
22465
14960
18855
24798
19345
15874
18513
18978
25074
26606
22768
21890
20462
21648
22358
22289
22876
24478
21128
22789
23965
24927
24095
21273
21339
22964
23228
24000
22734
20389
24348
27214
28174
26878
22239
20377
23881
28408
27258
27066
24684
26738
26699
24003
24381
24569
25434
21752
21048
21457
21769
19463
20715
19856
18798
18097
24735
24521
26386
25310
24215
24258
25835
28460
28855
28009
28788
27795
25872
22111
21858
21814
21380
23084
24156
20154
19403
18738
20105
21643
18767
21075
21626
18819
23222
19196
15234
18393
20173
24068
23738
16492
14468
16078
7854
8439
21223
21423
23507
22749
20549
22334
24154
27127
26978
28026
26606
23789
22349
23292
19964
25169
22837
20988
24251
23018
26047
23648
27263
26594
23402
22115
25499
26861
28328
26351
20532
15566
17432
16851
19199
17373
20263
22398
21405
24503
26701
22568
20429
22944
23211
24375
21169
21755
20396
20531
20772
20125
16434
18429
18556
17996
16785
17081
19116
17655
18441
17507
15945
21784
23101
24371
27541
26131
20956
23648
21155
18265
19304
17935
22661
19933
19947
15524
16945
22525
18524
22267
24089
19052
19110
14393
21048
16215
15619
19335
15264
11639
10969
11390
14091
13352
8233
8620
9982
15868
20987
17278
22939
17686
17933
18344
22205
25905
22218
17949
16902
16845
17927
19771
20933
26223
20616
22202
20866
20934
23041
21971
21935
21488
18525
17444
21351
22429
20549
20027
18902
23101
15462
17067
18723
15284
23060
26747
25362
26535
27748
28419
27223
25248
24066
22038
23571
23887
20901
22278
27515
26880
25452
21998
19577
13700
13510
12186
20352
18164
23013
19156
21213
13674
12396
16240
20196
25313
24943
21644
21794
17506
17305
23057
24288
22440
22318
22008
20725
19325
22943
19932
17354
15153
19607
18454
13983
16576
16485
16049
20179
23388
22041
24098
23304
20625
20296
20076
20031
19011
20309
25710
19243
19385
18033
17393
19340
16764
17793
13400
18629
17700
16747
16497
14663
8216
9686
14367
21230
22698
20897
16180
19407
18193
17985
20364
21897
19941
22683
16259
18278
18342
21772
25205
25885
26513
27111
27132
25861
21664
26371
24893
22804
24914
20139
20355
19300
19249
20462
26685
27222
25526
24459
24784
22990
21639
14117
13803
16873
15243
25881
22930
16606
22112
21100
16248
11564
14465
14033
9865
12123
12782
12016
13015
10934
14655
14851
18040
16202
16610
18927
18000
20833
25130
26793
22388
23643
25323
21839
25500
25129
27002
24190
22292
20851
21063
22189
26404
27842
28429
23783
23681
22859
25986
26606
24768
21622
23090
22513
22043
19596
19673
16236
19973
18913
15442
13076
15410
12774
17440
20178
20062
20780
17343
14604
23063
18725
18466
17852
18104
18792
16208
20700
14360
14334
18622
16626
11813
18370
21914
23981
20725
18901
18871
21981
24075
25538
27129
25887
23310
25654
23696
25089
24613
22443
22312
23111
25632
22720
21554
18219
21356
24056
24242
25542
21982
24023
25224
22598
24040
21108
17057
14834
16173
17840
14187
12885
14994
22861
14110
13910
20195
25265
27679
26327
25877
22210
22026
22905
21300
23130
21742
22605
23340
23674
26207
26425
27403
26930
21739
24239
27241
26313
25752
27728
26253
26027
27799
29041
27877
26995
25773
23196
26119
26577
22815
21093
19838
20007
20844
23979
20672
23036
22089
22195
22769
21580
18913
20623
18900
19629
16233
15885
14316
17075
14351
15319
17532
18237
14880
17438
17886
14633
14190
14590
13640
13054
20644
18266
16116
15692
12823
19961
19191
21126
22171
19282
19518
21509
17655
20360
21103
17989
18650
23165
22034
22898
26220
22839
23284
26230
23957
21501
20796
23140
21406
21064
20173
20247
23311
21121
22717
21465
21072
19702
21327
26448
27692
28392
28463
25214
23771
26170
29008
29674
28584
28989
27659
28227
28208
29489
27995
28381
27204
23753
23818
23033
24493
23065
25234
24130
23788
27309
27860
28980
28274
28179
28458
28496
28901
28149
25564
27089
25963
26104
19832
22634
23168
20087
17625
20157
20852
24653
23406
26960
26566
23694
22533
24535
23135
16266
13664
21844
17459
21430
14780
14989
21950
25212
27786
27314
26635
23565
22922
25271
19295
20263
23515
24161
24470
22090
26539
28407
29010
28476
26163
23932
27347
27874
26835
22599
20336
21790
21259
23016
21046
20194
22063
22814
22084
22085
23864
22634
23639
22049
20732
17743
21277
23907
22110
15833
17792
20955
21003
16171
16610
16282
18074
14095
18849
23434
23381
22109
24485
27442
25591
25663
24898
20396
18981
15774
18281
16477
16951
14439
16574
19117
19250
15367
14330
13673
14662
14621
12499
7207
15214
23616
19232
19008
20852
17497
19850
16357
18978
20819
19539
23852
25367
24308
22562
20952
16836
15687
16875
18070
19885
18282
23413
24139
21492
24113
21190
20467
20130
22019
25903
20708
22954
22096
19997
20836
20719
19762
20515
19002
18676
15228
15923
18942
17536
18259
14329
20716
19764
19967
11815
12377
19594
17837
13699
16637
17938
19247
17803
20215
22453
16954
15192
14972
17796
18062
17317
22416
23078
22508
23277
20201
17966
18334
16024
6767
9018
12853
10400
15759
20479
20379
17608
16231
12905
15349
18678
17920
14713
16037
17281
15957
17110
18269
17725
17891
15677
17798
18940
18354
13125
12216
13143
11722
15458
17681
13962
16420
19210
20976
23037
18209
17045
16818
12398
17219
24675
25291
25530
25213
25533
24806
19461
13727
11766
15601
18289
13983
18043
20103
17835
17225
17245
25906
19793
19585
18448
18064
14087
19466
17660
12493
9569
13016
10876
8748
10685
13829
14108
12217
15880
14047
10970
14740
14770
17903
18854
20475
20937
21113
17885
16045
10891
13666
18420
16468
14507
20900
18903
17926
15793
17658
13139
14106
15717
15618
12569
12933
12161
18365
18012
16291
14532
11777
19109
24380
23853
22129
19290
17638
20513
20632
22029
18351
19696
17920
17884
18264
18892
23169
25113
22538
14280
12084
10174
11026
11609
11195
12255
9815
2109
25498
19767
23071
20848
21268
20197
19129
21245
18832
18871
18260
18461
21259
20194
19561
19441
21131
22508
22202
24479
27461
28067
25888
21370
24925
26020
23339
19636
19983
20227
24382
24410
26278
23963
25429
25400
20524
17040
16450
17100
19731
23030
23564
22716
22625
18404
18012
21096
25407
22908
19807
22580
27219
27935
28801
27223
27132
24111
24467
27325
25441
21424
19741
17107
16488
16337
16610
14880
16625
17830
22228
24560
23980
22629
21240
22729
22448
21302
26228
23489
19859
17342
18799
17805
19560
20647
18996
15726
15737
15853
14919
12121
16078
16617
13938
14950
16953
21378
16535
18237
17451
15313
16889
14679
16001
14881
14292
13105
14709
16046
20520
19343
23602
20279
13920
15011
17625
16331
8903
6144
8452
7919
8786
9323
12491
15785
9743
11928
14484
11387
11871
12940
11072
9169
8295
11429
21203
14986
14946
16924
17830
13651
14957
14248
13880
10958
14449
11885
11351
16440
10284
12293
11611
12121
9913
10012
11615
16913
15719
12224
10946
14676
17175
13757
17505
11226
12411
14752
12246
12676
14431
16407
14546
18166
14921
14803
14860
16022
16637
18928
14826
15277
10272
11040
10665
17010
14368
12337
10518
12610
11523
12031
13172
13779
11667
22196
23733
28017
25827
27499
28139
28680
27690
28547
27319
25197
25644
25015
22367
25089
18903
17080
18514
18395
18995
16567
19467
18428
18093
18977
10691
13152
17668
23482
22889
20203
21697
16161
21490
21601
19847
23153
21754
20046
19547
19393
17557
21922
24009
23035
19571
21311
24269
25954
25316
26616
26929
22372
23705
26288
26317
25539
25377
25598
21069
13999
17193
21012
23202
21818
21125
22101
19607
16597
13700
20563
16278
17759
21112
21086
19793
19633
21714
21496
18548
16007
19166
16227
18470
20222
19538
21113
21253
22708
23952
24250
24638
25467
24378
24619
25442
25331
25226
27282
26132
24566
26803
24682
26339
24875
23108
26198
24231
25264
21192
19798
20199
20984
20499
24980
23355
19801
22811
20137
22241
21572
23959
22655
21597
16758
19899
23829
20536
24030
25222
24961
23716
19070
18919
21153
21454
18624
20621
18950
19940
20632
22029
21068
21391
22777
23836
23778
22898
23655
23027
22716
18293
19411
9883
21050
