12259
14994
18567
17139
15259
16566
15391
18553
20362
16865
18314
15832
17234
16116
16271
16447
17137
17175
15939
15556
15533
16277
15868
17309
18599
18382
16817
17379
18183
17578
17613
18887
17892
17888
16418
17463
19171
18515
20747
19214
18128
18667
17136
16218
18434
21006
20638
20476
20332
21391
20297
18099
19429
20541
20091
22130
20636
20894
21999
20641
22046
21199
21114
21339
20879
21360
21189
19972
21217
21580
21416
21491
21861
21608
19697
20399
20776
20832
20811
20728
18843
18550
20367
20414
22115
21697
21420
20974
20214
22079
20663
20862
20689
20871
17791
18578
20506
19654
18127
19375
20205
20389
19538
20720
20541
19850
16585
17987
21612
17153
16971
16107
20224
21189
20456
18964
18898
20705
22217
20932
19516
21538
19639
21004
20255
21625
19829
22521
19342
21473
19989
21663
19856
20073
20144
19175
20014
19463
20487
20598
21519
21384
22141
21613
21319
21166
20332
20727
21387
20519
20467
21402
20677
22794
19431
18563
17726
18288
18041
18201
20496
20354
19698
21148
18111
18644
21195
21127
21984
20602
20784
20639
21103
19497
21603
19411
19993
16708
18915
16048
18769
19765
19223
20756
19168
21685
20014
20886
19333
19671
19697
19254
18306
19273
18260
18969
21868
20899
21379
19184
18227
17395
18935
21319
21369
20233
18965
21313
22594
20715
18626
21192
19016
18828
17320
16970
17696
19459
19597
19199
19355
18509
20327
21218
21601
20869
19794
19273
19401
21976
21569
18288
18468
19267
19542
20220
17471
19801
21080
21696
21228
20568
19839
18948
22055
21154
21138
21240
19590
16975
19147
19580
19902
18515
21556
21519
20352
19190
17598
18625
19775
19241
17705
20442
22744
20348
20928
21797
21600
21719
21473
20981
20286
17010
18339
19545
17682
20378
18585
19460
18295
20124
21845
21055
19507
19276
20860
20192
18930
19200
19044
19332
20275
22395
20573
19857
18928
17251
18815
20980
20828
21618
20845
18126
17218
19534
18153
17838
19580
19313
18849
22232
21530
21699
21441
20284
21189
21111
21877
21687
20404
21550
20682
19062
20737
22029
22059
21060
20392
19718
19392
20777
21275
21473
21089
21070
21741
21186
20385
19099
19552
18860
20633
20030
19195
20333
21407
19908
22286
20392
21686
21584
20243
21766
21331
21274
20221
20526
21054
20853
20375
21087
21573
20420
21273
19900
20091
19828
20961
20848
19109
19012
17540
19246
21500
19822
20604
18464
21154
21044
22222
20745
20847
21894
21079
19997
20211
19551
17118
18118
21876
20298
20270
19756
20446
21110
20393
19975
21709
19237
17496
17726
19153
18957
19770
18625
15318
14991
21252
20741
20651
19877
21086
21769
21206
19347
17772
17770
18670
18364
15977
18802
18351
20114
20539
22064
21037
21268
21199
20753
19713
21711
22110
19808
21534
22164
21598
20288
18225
18881
22379
21674
20525
19773
18838
19734
20585
18749
18611
19191
19153
19027
17793
15983
14479
14451
17022
19296
15624
18663
20838
20147
19135
16956
19201
21301
21011
20212
20423
20360
19751
19423
20444
21152
19644
22347
18979
18793
21124
21691
21560
21201
20485
21375
20609
20204
21214
21340
21175
20877
21965
21867
20909
22034
20646
20996
20995
19917
21926
21445
20299
21590
20066
20876
20319
21479
21394
20998
20861
20063
21228
21615
20513
21894
19913
19176
21745
20573
19322
18671
18740
17315
18198
17575
15845
17741
21259
20454
21243
18621
20937
19661
19221
20848
18744
20584
19797
18566
20246
21375
22279
21174
21784
21495
20302
20493
20246
21258
20235
20196
20602
20018
21010
21538
21375
20266
21765
21070
20308
21150
21044
21104
20567
21611
19177
20034
20297
20906
22361
21013
21417
19321
20866
20377
19877
20548
21163
19783
17282
18510
18712
19819
20655
22472
21424
21462
20887
20419
19442
15762
15930
16639
18761
19504
16352
16727
20630
21335
21163
20728
20273
20079
19531
21316
21633
20506
21085
21623
19602
18630
20575
21100
21459
21896
21072
21146
20990
20782
20631
19724
17333
19934
20179
21255
21188
21443
20943
19352
20062
19604
20540
18270
21935
20928
21531
21738
21302
21313
20963
21048
21001
19879
21854
20605
21225
19417
21548
21539
21600
20353
17752
19663
19592
22695
20074
20252
19442
21126
21658
22010
21883
21551
21000
21617
21488
20844
19231
22140
22141
21516
19681
21043
21615
21715
21411
19947
19561
20221
20919
20836
19462
21057
21526
20978
21152
20719
20416
20852
20972
21432
21752
21229
21829
20716
20619
19295
20290
22141
21156
20608
20623
21735
20326
21435
20839
20874
20112
19372
20539
21689
20251
21437
20501
21169
20453
20385
21586
20743
18512
19760
20120
20625
21073
20923
21806
20447
21735
21668
20674
20655
19040
21476
20896
21503
19976
19350
21726
21064
21470
21001
21220
20647
20659
20973
20047
21278
21700
21988
19917
19687
18946
19637
20442
20210
20461
15140
19571
20003
20719
20955
19428
21106
20918
19785
18513
20338
20622
20126
19672
21109
18889
21038
19701
20057
20510
20841
21431
20828
20365
20342
21401
20782
21509
19311
18819
20369
20738
20860
19749
20578
20589
20360
21927
21318
20179
21371
21913
21527
21801
19525
19467
20111
20135
21960
20861
20808
20801
20390
22108
20737
20495
20773
21852
20125
18239
19244
19237
20023
20636
19634
20882
19219
19839
18922
19945
21126
21257
21092
21401
20820
22611
21187
21644
20744
21154
21213
21122
21149
22217
19778
20510
21005
21951
21739
20338
21375
19913
20940
22190
21710
20404
20039
21716
20343
21474
21704
21367
20342
23260
21285
21548
21324
20599
20206
20356
21546
22171
21272
18811
18410
18261
16687
20155
19769
17402
17803
19935
17884
20907
21174
21420
18929
20465
21513
18968
16645
18752
20896
21129
19220
19624
18760
20331
20399
18968
20917
21665
20536
22302
21517
22183
21148
19925
19573
20095
19582
17065
18608
19610
16739
15454
17306
16991
16828
18697
19535
18706
20227
20573
19739
18925
21869
20578
19177
20063
20352
18759
19334
18996
19552
18692
20960
20201
20393
20077
21815
21218
18464
20622
19575
19339
19757
19515
18368
16732
19396
16566
16048
16636
17480
18115
19896
19379
19113
17257
16972
16145
18950
19882
20921
20993
21189
20798
21143
21523
19499
20213
21987
21388
20539
21075
21387
20776
19710
21141
21031
20986
21735
20799
21018
22131
21012
20189
21091
20543
21651
21208
20432
21067
21501
20364
20217
21075
21022
22286
20978
19509
18874
18640
22046
21517
21299
21752
21400
21791
22124
19879
21246
21274
21579
20521
20487
19461
20196
17824
18593
20187
19286
17570
21497
20770
20794
21657
20747
20969
19961
19970
21976
19912
21734
21172
21608
21556
22267
21228
20848
21665
20615
20578
21283
19683
20124
20441
19781
20076
22124
21528
20980
20869
21662
21726
21942
20905
20629
19262
18794
21302
21505
19774
20137
19946
18729
19805
19500
21258
19022
20734
21402
20366
19109
19222
12786
14074
19737
17028
14279
15543
21313
21627
21205
20316
21720
20678
21139
21149
20645
20116
20912
22315
21972
20669
20795
19557
19550
20470
20444
18843
19705
20853
19768
20056
20959
18218
21624
20908
19583
20243
20897
20012
20084
21209
22261
20333
15189
21013
17936
22047
20784
20432
21063
21211
21385
18009
16852
17769
18030
18745
20534
19141
17507
15606
14644
14732
19224
19403
20662
21693
20901
20637
21259
20856
20635
20532
21120
22219
21295
21491
20250
20532
22224
20889
20798
20692
17414
16577
17106
16262
17361
20551
19860
18265
20096
19693
21984
21577
20858
20066
21105
21127
22300
20846
20870
20941
21294
21250
21395
21795
21046
21177
20566
20992
20635
19791
17254
17532
19385
19418
21745
19982
19936
21599
18978
17851
17944
21223
21121
21510
21295
17431
18559
17581
17668
18074
20296
18529
18440
16538
16277
18125
20244
20043
20779
20336
18803
18853
19795
18694
18499
21199
20358
21298
21099
20546
20010
19182
19710
17322
20179
20341
20280
19859
19057
19635
18826
18724
22117
19834
21569
20928
21485
17303
19033
21339
20222
18457
17901
20930
21218
22309
19809
20458
19458
20431
20989
20759
20469
21275
19971
21510
21851
22066
20758
19255
19121
20561
21085
21877
20837
18515
21591
21205
21457
21300
19903
18931
20726
20875
21312
21893
20704
21871
20815
20294
21336
21878
21874
20109
18889
21249
21323
19067
19250
18477
19875
17979
21378
20788
21772
20948
21103
20811
21510
21303
21426
20413
21225
20632
21801
20216
20335
20865
20420
20673
21104
19841
19157
19568
20060
20550
19763
21837
20438
19442
21062
19737
19075
19380
21392
21534
20907
18754
18121
16725
13763
13448
21629
20395
20986
20186
19164
21905
21425
20555
20670
21595
21685
21150
19975
19603
19771
22790
21468
19616
20560
21052
22055
20234
22640
21310
20271
20525
21059
20813
21264
21428
20001
17474
18993
18096
18047
19309
20256
20196
19430
21447
21029
20717
19658
21366
21227
21315
19830
20946
18993
21566
18950
20563
18785
19241
18963
18707
17920
19481
19155
19002
17540
18505
19174
20504
21110
21656
20748
21086
19373
22165
21094
19181
18916
19782
20281
18566
19095
19309
19216
21262
19728
20996
21270
20168
18455
17582
19646
18149
16372
18133
18262
15000
14309
15230
17155
16894
13635
14281
14665
18411
20216
19623
21522
18978
20113
19291
20900
21195
21041
19307
18295
17762
19182
19592
19975
21917
19473
19994
19899
20484
21546
20045
18932
19536
19622
18243
19849
20563
20283
18872
17806
20119
17270
20044
19754
17691
20099
21733
21843
20518
20205
20355
21629
20762
21749
20229
20724
20618
19603
20186
21726
21454
20962
19108
16392
17037
17284
16390
17711
17160
19184
20811
21064
17254
17868
17703
20138
21381
21740
20460
20969
18408
17103
20905
21211
21120
20819
19642
18788
19505
21747
19560
18151
17865
19012
18597
17303
16990
16950
17650
21678
21472
20401
20650
20319
20434
20151
19948
20000
20387
19736
22365
19111
20258
18376
18938
20405
18198
19935
16682
19974
20178
19234
18291
19219
14529
16962
16995
20489
20810
20760
18177
17376
20130
19371
20689
20242
21408
19775
17955
18603
20712
20674
21653
21597
21621
21226
21468
21385
21103
22288
21468
21407
19921
19126
19150
19829
20261
20873
21619
21720
20511
20708
21056
20213
20217
18639
17997
16635
16169
21741
20586
18333
20871
20347
17912
15444
17349
16945
14771
15335
15297
15354
16608
15314
17569
16862
18246
17757
18287
17789
19211
20509
21331
21362
19810
20425
21337
20382
20483
21115
21481
21168
21240
20235
20051
21141
21136
21591
21162
20364
21098
20625
21467
20478
21412
19174
20189
21545
20415
18986
21214
18980
19664
20023
17207
17748
16916
17378
19297
20747
20960
20614
19410
18651
21643
20198
18577
20360
21334
20325
19382
19345
18975
19064
20290
20399
16125
19185
21130
20594
21035
18366
21174
19810
21334
21294
21798
21555
19911
22376
19583
21456
20538
19807
20032
19931
22156
20962
20010
17970
18293
20512
19988
21469
20056
21616
21288
20231
21147
20042
18833
16327
16703
17358
18197
15981
18753
21604
16287
16479
20541
21383
20860
21724
20555
20506
18710
21147
19949
20876
20841
18145
20910
20166
21957
21707
20398
21316
19782
20922
21566
20831
22051
21374
21004
21689
21244
21551
21368
20235
21213
20630
21813
21581
20537
19274
19748
18033
19126
21860
19691
21009
19033
20908
20690
20944
18788
19948
19924
19670
18613
16404
16247
16030
18082
18615
19662
18344
17645
17360
19914
15615
15753
15304
17164
16732
20431
19699
18834
18518
17153
18094
17347
20897
19718
18857
19091
20375
18863
18836
21181
18714
19966
21308
20426
20854
21214
20500
21264
20737
21167
20339
18589
20322
20658
20875
18334
19883
21196
19632
20615
18901
21076
19386
20837
21494
20956
21225
21439
21206
20200
22144
21100
20643
20868
21542
21373
21065
21037
20273
20152
21211
21225
19714
21225
20789
20849
20278
21625
20958
21685
22072
20606
20403
20877
20804
20238
21100
21233
20997
20787
21730
21152
21617
18823
20222
22138
19738
18757
19601
20725
20374
21478
21972
21411
21210
21577
21028
21311
18743
16937
19875
18093
21291
17229
18435
21224
21777
22061
21537
21869
20997
18128
21694
19270
17781
20028
20695
21304
19758
21940
21335
22014
20757
20299
20260
22755
21132
21158
20048
17852
20332
19919
20058
20423
18870
21458
20447
19502
21011
21056
21366
22149
19765
17461
18059
20870
20428
20528
18503
19368
19787
21211
16756
16849
17471
19992
17297
19274
22265
21522
19205
21347
22009
21254
21718
22045
20640
18607
17190
18755
17351
19031
17837
18619
21121
20462
18434
17250
17783
16577
16294
15398
12407
17719
21531
19001
19986
21049
17623
18979
18254
19820
20775
18824
20417
21278
20945
20910
21062
17769
15929
18188
17642
17479
18377
21582
21049
20548
21213
18065
19717
18163
21312
21663
19061
19993
20302
20149
18505
19560
20734
19868
19073
17374
16831
17105
18993
17975
19325
18576
20719
18371
20321
16638
15092
18753
17495
16239
18794
18982
20137
18039
20548
21155
19524
17993
16689
18771
19978
18790
20890
21194
21145
21818
20283
18811
19583
18603
12148
13679
15673
14272
18653
20148
20194
19032
17131
15964
18120
20225
17373
16265
18300
19264
16846
17585
19502
17649
17810
17587
17767
20146
19435
16826
14704
15564
14931
17981
19307
17430
18522
20579
20639
19844
19475
19195
18286
16480
18020
21548
21093
21447
21592
20422
21366
20113
16327
14860
16757
17486
16121
18232
19509
19205
16931
17642
21379
19722
20170
20460
19015
17660
20490
19571
16500
15431
18502
15158
13959
14421
16067
17237
15704
18585
17868
15813
17667
17461
20444
20422
21209
20083
21193
19125
17380
15045
15972
18685
17445
16048
19040
18019
16957
19856
17477
15763
15963
17710
17888
15314
14970
15842
18037
18148
17928
16848
15941
19281
21289
20422
21151
20155
17714
16998
18377
19110
17219
19195
18855
18486
17252
19357
20708
21285
20261
18057
16513
15449
14243
15145
15419
16568
14081
3213
21515
19208
20536
20301
20455
19653
19684
18910
19832
18582
17684
19657
19495
18969
19256
18508
20928
19848
20514
20831
21517
21073
21119
19135
20667
20569
21269
19169
20421
21128
21136
21292
21834
21803
21374
21095
21536
18490
17871
19449
19724
21675
21072
21169
20541
18776
19345
20205
20236
20710
19780
21769
21322
20680
21337
21571
20990
20136
21793
20854
20605
20071
20705
18894
18649
19040
18141
16612
18654
18169
21396
21972
21732
20642
21144
21372
21413
20112
21686
21445
20138
18575
19766
20261
19793
20721
21252
19308
19346
17915
16791
16140
16754
16646
15343
19188
18869
20730
18413
20347
19247
16667
18360
18212
18171
17892
16759
16379
17408
16785
20644
18856
21494
20011
17900
18801
20423
20044
14978
11362
13287
12412
12944
13960
14878
17160
13122
14994
16312
14960
14459
16248
14526
13439
12810
14391
18982
17627
18328
20114
18511
15538
16365
16851
15825
14659
16481
15483
14938
20011
13646
15677
14787
15388
14296
14550
16135
18433
17390
16083
15649
17153
19234
16252
17630
14400
14780
16750
16543
16019
17183
18835
19003
18166
15725
16852
16679
17836
19095
20516
18150
17348
16252
14225
15577
17804
15217
15448
15052
16646
15378
15726
17416
17533
17307
20020
20762
22129
21710
21667
21058
20708
20720
20154
20664
20493
21669
21181
20616
21603
18578
18693
18237
19539
20342
17921
18583
19484
19613
20270
15144
16984
18440
20209
19784
20327
20176
18492
20853
21171
20153
21421
20117
19511
21553
19258
18108
20648
20805
20702
19034
19326
21915
21122
20237
21860
21566
20293
20820
20640
20998
21800
21035
22489
20714
18556
18122
18681
21664
21241
18407
22037
18960
18119
15705
21346
17289
18501
23158
21437
21286
21007
22572
21795
18376
20408
19072
17276
19987
21426
18454
21723
23096
20996
21554
21309
21347
21365
21096
21581
21422
20652
20007
21758
20136
20638
21698
20077
21437
20396
20333
20621
21722
21711
20101
19470
20856
20489
21086
21635
20818
19543
21536
20578
20920
21248
21879
20756
19089
17653
19257
20780
19522
20581
20746
20339
19998
19313
19756
21123
20482
19012
18871
20165
20015
20344
20506
19856
20387
20528
21359
20813
19520
20923
20248
21300
20262
19809
14967
20820
