11644
14459
18186
15590
15979
18379
15917
19419
20401
17429
16944
14797
17290
15268
16651
16386
18337
17471
16939
16579
17649
16243
16531
17564
17153
17892
17730
16059
18750
18438
17560
16703
17852
17613
16470
18728
18378
16901
18404
17906
17150
19032
17766
14633
18121
19232
18367
17824
19189
19796
19629
19267
18762
20333
20316
21970
19975
19138
21550
19917
21119
19508
20539
19524
18779
20905
19324
19962
20525
20611
19521
21749
19955
19739
17456
17967
20955
18659
20284
20779
18859
18968
18892
20377
21521
20438
18691
19730
20312
21449
20467
20597
20096
20022
17582
18068
19641
18268
18592
18786
19494
19867
18749
19336
18736
18567
17788
18631
20103
15904
17007
15911
18678
19853
17476
17866
18319
20938
20415
19754
18466
20299
19867
20501
17873
20988
19562
21329
18013
23501
18456
20198
17305
21079
20862
19079
19295
18597
20253
19828
21929
20778
21396
21237
21010
20275
19781
18885
22380
20235
19917
20441
18032
21707
18004
18139
16540
17462
18161
17087
19568
18386
17604
21079
17158
18082
21910
19195
21366
18431
18604
20293
19488
19224
20950
17624
19828
16371
17544
16224
17635
18871
18872
17934
18037
19954
20045
18573
18287
17350
18953
18827
15808
18497
15862
15904
20397
18551
19935
15547
17263
16712
17728
19941
20426
18773
16363
19138
21630
18846
15798
19232
16644
18921
15820
17197
17675
19629
19550
18336
17140
20346
21435
20989
20608
18659
18935
18269
18239
20967
19130
18436
16975
19778
17266
19805
18320
20304
18917
20187
20035
17828
19714
17841
22521
20183
19978
20192
17253
17702
20894
19445
18504
19011
21107
20077
18551
17625
17703
18569
16793
18606
17782
19722
21921
19103
19319
20570
21422
20462
20501
19702
18989
17891
17924
16947
17457
18473
17962
16764
17527
20634
20825
19762
18611
18767
20237
19024
20061
18954
17422
19619
19847
22349
18988
18761
19479
16554
18106
20259
19816
20809
20001
16417
16970
19419
16917
17439
18133
19086
18954
21919
20902
20782
20784
18253
19456
18363
20535
20651
18770
21003
19168
18561
21954
22925
21637
20575
18508
19326
18224
19519
19933
19857
18752
19767
20804
19765
19654
19120
19114
19663
21023
18642
17457
19043
20287
19346
20293
17948
20964
20389
18149
22056
20880
20543
20366
19777
20505
19762
19419
21146
20525
20355
19932
18531
17867
19782
19583
18653
18640
17729
20007
20292
21876
18788
20376
18076
20850
19389
21573
18678
18379
21524
19846
18663
19571
17032
16961
18589
20646
18528
19453
18958
19042
19994
18689
20777
20455
19311
18762
18653
17990
19442
18540
17820
13248
14945
19962
21135
18760
18993
22117
20801
20197
17166
16870
17323
18117
18377
15098
18607
18148
19076
18365
21079
20047
22621
19947
18821
20516
20981
21678
18421
21408
21732
19745
18380
19505
18551
22265
20464
18697
20150
18880
19682
19661
16693
18742
18200
19200
19353
17347
15816
15802
16112
18647
20045
14503
18706
21553
17968
17177
17783
19652
20107
17216
21038
20559
19868
17887
16626
19338
20181
19581
21935
16131
16944
19685
20506
21166
18792
19200
21234
20190
19662
20770
20581
19895
20998
20366
21542
20077
20804
19554
19970
20334
20442
21581
20346
19203
19265
18020
20015
18507
20951
19998
20447
19441
19298
17974
20444
18468
19385
17491
17680
21272
19285
18033
16752
17425
16229
17307
16506
16500
16883
21327
19002
21315
17084
19765
18209
19671
19108
19248
19897
18742
18773
19958
19878
21381
19427
20254
20567
18697
19531
20346
21094
20332
19517
19962
19411
19898
20604
22329
19167
22189
20902
19525
20786
20716
19936
18380
20539
17984
20525
19224
21162
21530
21272
20601
17568
20276
18345
20017
20153
20987
19010
17091
18533
18282
18777
19007
21871
19581
20245
19820
18462
17837
14569
16987
16086
17503
18307
15318
15247
20443
20392
19209
19381
18830
18026
17998
20844
20196
19944
19530
19987
17524
19162
20901
20403
20390
20720
20105
19654
19835
19120
19762
19187
18209
19462
19742
20487
20066
21031
19277
18186
18806
18701
19029
19528
22007
19797
20385
21860
20763
20922
19785
19566
20797
19466
21971
18293
19904
19403
21895
20375
20508
17775
17349
19923
17756
22382
19385
19699
18557
20001
22289
21707
21151
20372
22434
19905
20368
18861
19081
21101
20860
19978
17651
21037
19337
20779
20602
18269
18525
19751
20606
19656
19385
19455
20877
20713
20308
19973
19912
20093
18993
19004
22181
21657
20549
20433
19211
18760
21121
21713
20510
20184
19319
20871
19873
20829
19826
19820
18174
18543
18808
21001
17843
21074
19182
20036
19325
19821
19702
18738
16796
19213
18485
21525
19948
18985
20796
20140
22944
20704
19825
19308
17960
21252
19884
19981
18137
18329
21478
20431
20689
20921
20376
19232
19403
20384
19733
19601
20785
20320
18868
19932
16665
18722
18328
19182
19294
13204
17414
18020
18724
19476
17981
20292
19426
17294
18105
18040
20103
17707
19919
20817
17050
20478
19050
19789
19450
20555
20714
20888
19910
19802
20100
20228
20207
18740
19228
18711
19310
19629
20704
19315
19512
19014
20078
20311
20861
21395
20605
20336
20333
18242
18105
19699
21218
20296
18426
18215
20972
20839
21358
19291
18871
22144
21912
18926
18651
19579
20086
20850
19713
18619
21138
19185
18120
18775
19096
21014
20877
19627
20731
19783
21806
19193
20377
19394
21144
18585
18313
20639
22521
19856
20094
19438
21452
20719
19522
17989
17604
20877
21517
20686
17726
19260
21731
17642
21343
21462
19173
20064
23134
20370
20553
21001
20018
18898
20476
20223
21686
19952
17859
17113
17372
16215
19657
17354
16258
17595
18761
18055
20656
21111
20133
18586
19207
20616
17235
17027
17969
21350
19614
17836
20707
17942
20121
18686
18269
19226
20907
18919
21331
20870
21458
20852
19341
17693
18546
20713
16050
18737
18861
16476
15819
16710
15515
16664
15972
17343
17303
19776
20014
18379
19451
20811
19026
18770
19362
19601
18302
18063
19664
17722
18006
21227
18315
20758
20496
21754
19520
17812
20268
18193
18556
18772
17910
17262
16443
18006
15526
16744
17209
17440
19139
18649
17804
17132
15671
17692
16816
18166
17697
19118
20572
20206
19573
19726
19640
18798
19722
21233
19409
17475
22459
19975
20615
18644
19800
20482
20989
21019
18702
21105
21346
20019
21788
19474
21223
21686
20891
18181
20711
21719
18292
18540
20224
19526
22245
20331
19611
17462
17549
21285
20788
19694
20359
19975
20132
21541
17001
20471
20728
21096
19739
18367
17755
18596
18153
19151
19972
18415
18486
19792
19278
19677
20427
19228
19711
18897
18480
21385
18435
20712
19704
21125
19549
22192
18953
17776
20067
20069
18703
20148
19115
18283
18512
18533
19982
21399
20573
19483
19200
22249
20553
21009
19727
20759
18796
20050
19795
20321
17789
21302
17790
19383
19334
19390
19275
16920
19949
20441
18124
16286
16795
11301
12614
20450
16602
15664
16292
21124
21427
21029
17928
21038
19602
20239
19399
18994
19291
18913
22352
21293
18945
20535
17322
19987
19563
19172
18365
18731
19456
18532
19666
19622
16634
22477
19795
18350
19667
18830
17518
20058
22770
19679
18115
16075
19976
15431
21210
19928
19188
20236
20419
20166
17214
18551
19250
20127
19040
22552
20170
17694
16612
16697
15698
18731
20529
19297
20713
19092
19386
19845
19835
20078
18430
20798
21652
19910
21627
19706
19787
19774
21386
19554
20347
17223
17586
17151
17471
17299
18799
18474
18113
19138
18510
21271
20547
18020
17216
20985
20459
22167
18840
19764
20275
21221
20034
19560
19972
18746
20704
19679
20228
17306
19242
18159
18312
19541
17051
22108
18786
20104
20384
16894
18385
18112
20373
19815
21026
19541
17587
16477
16015
16534
19481
19548
16995
16829
14183
13587
16922
18237
17918
17928
19162
18732
17821
19754
16694
18212
20747
17991
20564
19056
19024
16738
17455
18900
17168
19912
18548
19928
19895
17606
19216
17507
19504
22266
19857
20286
20926
19766
16332
19943
21656
18354
16481
18872
20898
20713
21709
18424
19069
17884
20607
20365
20312
18963
20099
19428
19951
20471
21668
18854
18541
18714
20254
20229
19739
19750
17344
20948
20699
20764
20244
18040
18462
19789
20609
20736
21399
21079
21134
19727
18051
20586
20443
19783
18782
18843
21109
20636
19289
17445
17682
18193
16766
21959
20354
21210
20507
19733
19286
19874
20939
20633
18988
20494
19922
18719
17885
18620
18858
18371
20619
20124
18421
19513
18334
20713
20140
18681
20200
18069
18064
19964
18228
17510
17545
20828
20531
19954
16796
16251
13749
11650
12388
21044
19137
18418
18951
20041
21476
19312
19451
19123
21636
20297
19348
17378
20134
16900
23559
20411
19509
19322
19996
22099
17638
22767
19539
17674
19380
18271
19387
20544
19716
18013
17773
18951
17867
18718
17955
20505
18708
18311
20852
19805
19923
17887
20939
21277
19984
19631
18923
18642
21213
18080
19596
18332
19396
17898
16461
18005
20033
19566
17935
16739
18365
17690
18562
21413
21388
20198
19981
17974
22872
19780
19723
16553
19248
18618
17785
19151
19002
18701
19984
18237
19568
19922
17831
16747
16805
18984
15743
15220
18534
18537
15980
16971
16067
16678
15193
12600
11819
14675
16957
17860
17272
19689
17785
19028
17131
20177
19146
19869
17718
19473
17618
17575
18545
18417
22013
18568
18484
19650
19901
21184
19698
18535
18597
18648
18358
19129
20842
19198
16477
19036
20773
17181
19866
17795
16203
18630
21438
21419
19406
19122
19570
20348
18940
22362
18475
18594
20107
18911
19442
21837
20167
18403
17670
19515
16984
17613
15686
18452
17288
21555
22020
19526
15723
16819
16841
20445
21349
21152
19220
21091
16047
17669
20577
19927
20278
19659
19025
19960
18494
22780
18746
16836
18002
17043
17796
16492
17071
18495
17409
21313
19692
18304
19083
18778
19181
20755
18286
20252
19596
19167
22012
17649
18859
17374
19555
19680
16430
19539
15852
18841
19120
17914
17563
17580
12542
14011
16662
20608
19156
19963
15411
18378
18144
19648
20062
19256
19380
16025
16523
17489
20408
21228
21571
20652
21163
20607
21334
19683
18790
21961
19937
18743
18596
18132
19825
20112
19814
21402
21291
20350
18958
19033
19439
18229
20221
18322
16640
16111
17337
20387
19029
18927
20108
20657
16258
15789
18059
17236
14462
16646
16500
15839
17856
14620
17534
15201
18580
17989
18141
16584
17098
18271
19046
19455
18873
19121
18183
20741
18929
18872
20912
19038
20206
19988
18527
18753
20579
21245
21129
19452
20262
20702
19700
19183
19838
18348
21457
19959
19158
17859
20727
17605
19242
17643
14742
16773
17375
16941
19534
20794
20217
18714
17682
17678
20731
16783
16723
19641
19251
18148
16366
20896
17269
17904
18757
17961
14721
19589
19856
19275
19254
17428
18943
19308
19051
21118
21497
19345
21543
21632
18536
19349
17887
19020
18062
20558
22157
18320
18193
17116
20543
20506
18072
19757
18447
20580
20572
18292
21011
19016
16968
17100
17611
18536
18328
16213
17278
20338
15878
16088
20613
19938
20310
20654
19625
18481
19512
21953
19209
19215
19295
20324
21407
18448
21882
21250
19539
19478
17238
21347
21059
19109
20931
20106
19808
22557
20628
20677
20441
19477
19198
18471
20665
20208
19251
18265
19124
17736
18747
21440
18755
19421
17798
20689
20860
19630
19132
19922
18985
18672
17239
17910
17499
17930
18233
17210
18678
16487
17513
17510
19633
16339
16611
16401
17275
17242
20215
18563
18025
16566
14738
18634
17021
20268
18446
18284
18677
21218
18108
18871
21686
17171
19534
20103
20058
20056
20649
18365
20240
19404
19964
18705
17735
19355
19325
18607
17922
18904
20688
18244
19996
18949
19398
17826
21005
20845
20713
20095
20793
19523
17761
21959
20543
20295
20247
21367
20333
19121
20690
20322
19565
20338
18865
19348
18745
18322
20927
17552
20848
18810
21252
21584
19938
20060
20221
20106
19856
20571
21050
20545
18916
21548
19991
21189
17765
20061
21222
19375
17065
20734
20042
19044
20989
20979
19901
18468
19723
18902
20480
18229
15144
18587
17082
19609
16679
17555
19939
20116
21247
20444
20458
18588
18181
21905
17444
19047
19117
19953
21243
19376
22553
20716
21807
20012
18705
20446
23329
18895
20222
17504
17520
19663
18389
19707
18422
19057
21823
19775
18746
20725
19840
21955
22357
16897
19479
18776
19984
21011
21094
17462
19625
20065
21439
16951
18175
17620
20229
16104
20160
21199
19454
16584
21218
20339
20291
21617
20249
18307
17093
15329
18043
17110
18813
16087
18019
20565
19228
15539
17626
16952
17490
17305
15993
12506
16541
21959
19720
18656
19463
15924
18419
17986
18275
18689
16994
18663
20509
19743
19676
18664
17355
17215
17635
16136
18261
18853
21664
19949
17989
20166
17464
18971
17564
20040
20818
16656
19045
21083
18254
19228
17925
17743
18632
19015
17775
16318
17240
19481
18843
19472
16183
20845
17986
19641
15439
15634
18053
16153
16058
18442
18577
20062
17158
21159
20394
16303
17415
17258
19439
19055
18900
20790
20014
18939
21039
18147
19820
18093
16553
11950
14364
15326
14958
20223
21083
20727
19418
17019
16228
19529
19403
18132
17104
20413
17938
15701
19468
18861
18922
19332
17786
19173
20104
18025
16509
16194
16744
15814
18666
18923
15466
19568
19364
18440
20771
18846
17528
17786
16199
18373
21525
19977
19661
20843
19922
20239
18079
15450
16225
19616
19707
17258
16833
18097
17132
16326
18253
21299
18378
21196
19098
16418
18262
20140
18791
16170
15441
16318
13784
12370
13753
16713
15848
15251
18289
16227
15408
16596
16596
19225
19277
20826
19081
20336
17756
17241
15621
16399
19279
17698
16356
19074
20196
18330
17326
17283
15996
16566
18743
17321
15676
15167
16270
17656
18925
17153
16899
15934
19140
19965
19326
20179
18693
17437
19421
19554
19662
18184
19789
17126
18836
18256
19889
20340
20061
18479
16024
15506
14938
15285
15676
15098
16534
14067
2892
21167
18849
18773
17936
18334
19769
19535
20272
18876
17490
17244
20201
19862
19893
17929
18354
19516
19458
20159
19408
20895
20408
19292
17983
19565
19633
20132
19053
20579
19760
18963
20138
20020
20441
19986
20032
19953
17837
15920
17398
19842
20769
19477
19195
20083
18971
19375
19733
19742
18545
19698
20559
20150
19930
20478
20642
19845
18320
21659
19970
18874
17554
18718
17225
16277
17603
18460
16970
18492
19329
21240
20599
20978
20052
20393
20266
20232
17812
22141
20860
18337
17418
20389
19731
17752
20984
19544
18455
17307
17740
18056
16433
18898
16897
17107
18484
19721
19353
17516
18765
16773
18164
18219
17680
17213
18212
16477
16455
18119
17307
20117
19116
21361
18274
16715
18080
19405
18212
13863
11774
13858
13358
14794
14590
16213
17784
15777
16923
16538
16081
16416
16441
15944
15585
15036
16080
19237
15758
18569
18481
17347
16147
17901
16708
16625
16176
16855
16494
14823
19398
15243
16473
16442
15775
14934
15489
15884
18121
17120
16609
14846
16646
19168
16424
17800
13950
16076
16153
15290
17018
18355
18573
17851
15401
17106
17625
17905
18186
17590
18622
16845
15775
14637
14911
15303
17677
17210
15791
14290
15837
15364
15988
17548
16204
14732
18010
18706
22609
20924
20613
20369
20297
20731
19887
19937
18659
20759
19761
19866
20203
16340
17825
17707
19915
18515
17764
18837
18794
17634
18851
15448
16344
18348
19841
18959
18967
18934
19046
19652
20787
19055
21224
19116
19542
21406
19605
16924
19697
20265
19978
17906
21217
22838
20408
19158
21359
21265
21738
19201
18156
20116
20657
20691
21720
20344
17045
18690
19456
21150
20425
19956
21835
19319
18728
16422
20499
17217
19213
23784
21770
21249
21382
22805
21004
17740
19576
19645
18107
19524
21326
19501
21925
24155
22081
21627
21660
22374
21720
21048
22459
21944
20259
20397
22200
20760
20787
21716
19711
21608
20264
18879
22055
21881
21269
18188
20245
20145
20099
21650
22171
21069
19141
21050
20169
20848
20762
22120
19797
19350
18299
19559
20311
18095
20985
20163
19802
19032
18096
18770
20317
19609
18003
19127
19698
19858
20831
19552
17895
21189
20146
20972
20009
19082
20491
19210
21849
19887
18377
14923
20619
