19126
25200
31047
33409
28077
35546
25975
34204
36053
29097
24285
24042
28104
29474
26821
29072
33158
31818
28996
29436
36330
29082
30159
32235
27243
36456
35427
23808
36269
35705
30588
30914
32127
31391
31152
36846
34125
28348
34482
34044
38099
40228
34022
26708
31539
35604
35833
32749
34508
40056
40244
40282
40785
39468
41634
44812
42801
38538
44894
45259
44659
45448
45535
43189
39787
43624
39728
43143
44652
46578
43433
47089
43629
43092
36303
39292
42555
39042
41301
41662
40595
41648
37690
39822
46011
45794
44136
41822
44623
45161
45014
47131
45506
41676
35461
30023
36534
32833
37982
38372
39636
37240
34600
38402
37077
34987
38145
37192
37211
29463
31305
31470
33903
40279
33440
32101
35391
40766
42964
39130
33472
39693
40617
39138
38742
43776
40510
44289
37304
51232
32257
41393
31829
44423
44795
40079
33350
36709
40110
40078
47120
45637
48737
49095
49973
47968
45631
41842
48714
47291
46369
46192
41445
49605
37533
38455
26147
33996
32177
27959
37830
33305
32431
42642
32953
36676
43290
39053
45389
40993
41462
41900
40070
39448
42141
34064
41242
30065
35495
26485
33231
33895
36847
35312
33180
43256
42438
38934
37422
38334
38942
36399
33713
37675
28954
28918
42675
37128
38732
28906
32755
30485
33100
37804
44727
38780
32018
39953
43043
35319
29928
40714
28688
42884
31389
32510
33583
38598
36658
34615
30126
47493
44083
44073
46887
38090
40207
36771
40806
44655
43366
38312
33899
43382
32232
36542
32695
43167
42509
46543
45303
38205
42611
38804
46344
44960
45574
41572
33307
38748
41814
42163
38115
36297
41535
41456
38048
35308
34705
33717
33910
35956
32857
37818
48849
43730
45558
42652
42892
44490
46667
44387
38479
33437
35172
31032
32713
36553
35194
34648
32892
39499
43092
43777
36325
35404
40526
39363
39118
35396
33786
37850
39407
50018
36232
32625
39649
24316
34455
42625
42520
43390
41803
30168
34300
34872
31167
33453
33299
37772
40031
43220
43367
44728
46030
43042
45004
40555
45029
45748
41043
42272
39280
38852
45380
48411
49285
44407
38402
38790
39877
40136
44619
44906
43232
44785
45419
42374
39824
42755
39773
42633
41360
38100
38491
38260
41194
40181
43583
39319
45817
44794
41054
48053
49252
47250
43661
44215
46787
44459
41790
43098
47461
46963
46823
41028
39279
41632
43205
40559
38093
36228
45234
42930
44264
37364
42093
37093
45039
43748
47405
42227
42269
49080
43215
38216
34604
30146
31507
30700
42240
39181
39538
38075
39653
42153
37565
42321
42731
37382
36702
33544
32633
33172
33049
32260
20659
25474
42942
44046
37360
36466
43188
44105
40943
30746
31718
29264
34385
35079
22603
32389
36433
36436
40372
44471
41507
47900
43676
39681
42268
43866
43159
38073
45204
47768
41397
37268
39218
39792
44798
45028
37116
39425
32820
36906
37392
34429
34037
33851
38034
35323
30177
32607
29466
29087
32850
38828
24153
34563
38409
33469
35375
37780
36863
39046
38128
41471
40029
38929
34254
33903
38945
40165
40029
45714
33966
30126
42141
46663
47014
42734
43175
47445
47313
44611
50369
47387
44638
46097
46559
47827
46885
46771
41343
41263
43231
41767
47187
47427
42943
43412
38624
42132
39397
46465
43526
40702
40114
41032
41649
41888
38906
42471
35899
35350
43956
40187
36689
30114
32655
30109
28439
28211
28121
30666
43857
36968
43753
32024
35119
34681
41661
38827
37643
35268
33451
39649
43657
41271
48610
45184
46412
46500
41050
40941
42504
45911
44852
41530
42068
39946
41282
43695
46192
38421
47541
48257
45455
48768
47496
44860
40887
46179
39859
40926
40615
45437
49522
48122
46952
36616
41693
39091
42850
43654
46163
40905
33231
35590
37359
35830
36000
44223
41959
44739
43259
38071
33536
28379
31176
25458
30499
31495
24849
22445
34381
39721
37954
36957
38358
34810
36753
41482
43052
42618
39250
42834
33214
37134
43575
45367
47999
48121
45891
46381
44757
41845
39458
37104
41575
39025
40885
44230
43628
47335
42172
39138
34820
37489
36952
39327
44168
45323
45894
50747
46535
49327
45362
43832
45907
42504
46819
38447
43199
38187
45480
45169
45065
35861
35592
40807
37229
47924
41821
41721
39005
43461
50652
48647
49849
45527
49941
43994
45040
41141
41191
43834
45892
44851
37071
44115
43150
46623
45226
38292
38845
42087
44039
43415
42063
43268
46875
48452
47691
43819
43380
43805
41894
41439
48831
46851
45336
45766
43036
40725
43908
46461
47945
47091
44593
49346
45118
48747
45801
45080
37457
40567
38956
44728
38357
44774
39914
41805
40063
41773
41673
39674
38418
38195
38630
42990
41432
43060
47074
42905
49174
47785
46136
42400
38019
47790
44764
45707
38443
39047
46140
46111
45424
43660
45443
43738
43192
45529
44077
45239
47361
43484
39933
41462
31841
40563
38227
39954
42564
20317
32471
33817
37183
37014
31912
40632
39778
33404
32408
37355
44081
35810
38139
41196
33404
46118
42135
43416
43632
46605
48136
47792
45267
45772
46718
46218
45288
37610
38608
36521
38369
41391
43782
37586
41695
39779
43185
42120
42971
45819
46336
45217
43280
36396
38001
38519
42501
42056
39313
38423
43791
42314
45101
40094
43863
45070
44171
37478
40917
44135
44944
42986
38109
39951
41116
38738
39199
40307
41199
42945
45187
44527
48527
45323
48424
42646
45021
42109
45843
41444
40770
42270
47438
42614
44406
43230
47861
47742
44731
40938
38342
44564
45690
43926
36371
41171
45340
36751
44498
47705
42505
43346
50685
46629
43461
46266
42028
39691
41901
44120
46602
44272
37891
32761
32948
29503
35700
32149
33561
32584
39639
31926
40292
42135
41699
37768
38613
42858
31171
27214
32557
41957
38466
31751
39413
34332
39157
36915
34118
38792
45764
41356
47062
48000
48411
43858
35936
31356
31638
39315
29078
34042
32650
29170
27582
30279
28852
33208
30807
34344
31745
39207
37963
33379
37545
44386
39896
38276
37522
39481
35407
31920
37462
35005
38775
44329
37990
43780
44131
46384
41861
36493
41095
36733
38402
37649
34240
31902
28536
34651
25067
31729
31889
31901
36385
38963
30838
25873
27522
35723
26850
33984
36480
38225
42166
45218
42921
43032
40052
35334
41467
48217
44853
38846
46732
43476
45322
42656
46246
48179
47985
48563
41840
45114
47098
43697
46617
42776
45692
46039
44820
39341
43776
47614
38630
40497
42789
39318
45219
41239
40693
36570
36484
44214
46518
44970
47787
45304
44705
48062
36669
43177
47443
50737
45486
40328
38699
38521
37174
39826
40311
36348
39860
40524
41710
42958
45785
41052
42930
38536
38800
47932
40899
46582
43611
46601
41356
48780
41869
41494
45902
42222
39856
43587
39839
40137
39824
36883
41665
48032
47732
42126
39141
47226
43211
45245
43445
42002
37797
40740
42181
45147
38132
45137
36557
37625
37326
36232
38919
35076
42321
39859
38204
31627
32453
17971
21689
40551
31228
30174
32543
44927
45429
48127
39542
47418
44217
46541
45081
43795
41298
41309
49925
46233
42131
43082
34806
42985
40167
37246
36502
39679
38960
36342
37312
37654
33445
46903
38026
38024
37749
38677
36281
41060
48866
40532
36694
27911
40365
28674
44541
41633
37265
44085
44582
43663
33227
38456
40269
40970
34005
45094
36939
33532
32453
30203
29242
38280
44617
42590
47431
45429
43752
47678
46021
46070
38921
46835
47892
43389
45389
42903
42182
43987
46970
41357
41910
33949
32333
31317
32474
34932
40751
38671
35696
39033
38877
45025
46573
40058
38621
43957
45613
49730
42921
42379
43708
48719
46462
43738
44044
42288
44574
43408
46194
36948
35187
36728
37945
35268
32369
45823
36435
41928
43784
34371
37670
36480
39481
42866
47180
41622
35362
30535
26002
31676
37814
35801
28768
33129
24907
25012
28792
37799
38695
40663
39897
35190
34293
38864
29082
32483
45529
42425
45486
43255
42232
35700
33836
32256
31229
38382
38623
39485
38724
32113
41154
32765
42129
46854
38900
43729
42007
40598
29235
41266
46967
36184
32219
39725
38691
44153
48796
39068
40286
37233
41606
41439
41331
39994
42437
39168
40831
42721
47134
40453
37683
40650
42804
44129
42406
40149
36632
43462
47156
47920
45295
37089
38399
41515
47210
45744
48108
45532
48295
44066
38831
42946
43844
43942
38076
40364
41310
41181
37673
36258
36093
35226
32658
47571
42567
46871
44537
40710
41619
44138
48315
48659
44223
47655
45867
43081
37064
36998
37774
37859
42097
42808
34629
37401
35055
38486
39315
34241
38709
35968
33620
39381
32421
28692
31424
38045
41828
40739
28710
24814
28387
15364
19047
40552
38014
40012
40128
40718
42171
42773
43206
43771
48689
46105
41188
36933
43895
35186
50532
42035
40867
42421
41170
47663
38783
50325
45071
38769
40125
40187
43853
47803
43822
36400
32825
35385
34974
37193
34282
40367
38038
39056
44915
45354
41576
37127
41293
42520
41944
40222
37911
37843
40571
38622
38874
34674
37222
33769
33404
35100
36838
40404
34429
35214
35193
31033
37991
43486
43585
45646
43736
36942
46931
37268
36483
32194
35277
39532
37388
39434
32939
33158
39764
31674
37737
40630
32293
33594
28030
39219
30263
30158
36920
32602
27055
28704
27545
32032
27924
18095
18004
25160
31081
36907
33068
42230
34317
36932
34500
41798
43402
40184
34830
38474
34110
33204
38674
38498
48997
41107
40270
39675
40761
45927
41621
40160
40081
36806
34571
38394
45311
38161
34351
37790
43714
32267
34857
34578
26857
38305
47472
46195
44348
43739
45438
46284
40855
46635
38977
39047
42331
36307
41218
49106
46019
41478
37709
42631
26942
27473
25063
40817
36205
46548
39559
37990
25808
24260
30426
39744
46517
45119
38713
42670
28621
34966
43170
41699
41178
39178
40310
42601
35585
47737
38182
32106
32647
33280
35281
28304
34376
35996
32404
39105
40814
37948
39448
38352
39172
41329
34146
39775
37023
39513
48026
34284
35448
33430
36672
36247
32393
35728
28676
36115
35286
31479
31350
29658
17831
22147
29867
38984
39883
39085
28272
38323
33180
34506
38013
39448
35874
36005
30379
34120
34702
41616
44295
45131
47102
46206
47483
44049
38158
46643
41819
39194
41396
37679
39017
38443
35754
39739
46215
46712
43632
40438
42433
37133
39142
28806
25869
32480
33558
45720
38868
33638
39979
40458
29323
24938
32436
31198
23236
28894
29124
25878
30225
23722
29120
27396
33723
32268
32759
34110
31496
34664
40953
43753
39170
39496
40043
41477
40766
42602
46101
40628
39608
39335
36342
39369
45207
49820
48057
40580
43436
42945
42550
42668
42679
39634
44694
40877
39418
34982
38578
30313
34588
33140
25245
27156
32581
26524
34952
39206
40200
37404
33716
27979
42245
32258
33096
36391
34082
33400
28970
43047
28185
30848
36248
30872
25140
39569
41832
41731
38285
37038
35927
40664
41852
45083
49055
43317
45928
48145
40261
42530
39829
39627
38192
43161
47927
38643
36647
34710
43907
42629
38560
44789
40396
43245
44988
37983
44894
37500
31176
33086
34853
36084
28518
27754
30374
42240
30615
28866
39841
43024
45350
45618
44078
38839
41429
45410
38769
39480
38731
43209
44748
39527
48502
46880
44439
44583
37072
43913
47228
43704
47663
45749
43721
48758
47105
48392
47284
43512
43301
38948
45735
45284
39720
39449
37081
38625
39145
44510
36468
40808
38271
42423
43050
37944
36947
38803
34727
35552
29679
34619
30228
36322
29958
27864
33574
31918
30999
33817
33934
30921
31470
33453
31707
28572
37953
33789
31989
29547
24988
39581
35574
41515
40577
35819
38028
42215
33829
39251
42569
31732
37909
43278
41201
40460
45889
39884
42715
43818
42786
38225
37880
40374
38629
37677
38076
36702
42897
37172
41689
40210
39164
35917
40810
45711
47377
47348
47993
42615
38893
48403
47906
48502
46605
49811
46618
44998
47719
47814
45050
47006
43488
43021
41262
38198
44532
37752
44921
40919
45803
48265
45648
46652
47540
46233
46167
46823
49544
47884
42189
47855
44408
45913
35370
41902
42910
39183
34155
43913
39710
40408
43868
47477
44488
39841
41770
41449
42207
32598
27452
39482
32554
40481
30230
30073
39639
43419
47984
47175
46502
39623
40814
45974
33825
42323
40934
43081
44518
42064
48100
47513
51061
47192
41589
44033
50921
44614
44901
36177
39842
40667
37104
42647
37479
39510
42196
42026
39829
41308
41673
45710
46643
36328
40957
36028
38978
46375
43345
32214
34715
40654
41621
32859
36288
32112
37078
29698
36462
42152
40485
35118
43656
46714
43287
45802
43692
35759
33983
29769
34980
32567
32194
27501
31135
38092
35410
28419
31183
27148
32466
33828
27241
17519
28269
46263
36644
37333
40058
33091
38203
33312
36922
38038
35753
40818
44101
42716
41324
36700
33991
35355
33651
32854
39744
36351
44667
41289
36255
43683
37083
39349
36414
39831
46007
36254
41859
43663
35908
41827
36093
34077
37143
37152
36879
31869
31783
36722
34654
36956
26128
41380
38395
39869
24571
26766
36471
30515
27533
32799
34427
38907
33728
40466
39821
28651
31726
32722
38178
33326
35754
42144
41638
39999
42772
35439
37589
35174
31320
17569
23449
28560
25599
33762
39319
39078
35841
31188
29050
33478
35150
36274
31708
37742
32927
29055
35851
33973
35807
36339
32913
37141
38811
32300
27661
29003
30109
27962
33850
34994
25945
35362
35852
36294
45031
34227
29206
32498
28077
36314
44866
43292
43219
45275
42857
42512
33473
26456
28265
36785
42027
31728
33346
37045
34506
33274
36362
46088
35641
40703
35199
30403
31803
35052
33359
27931
22787
26456
22934
21873
26215
31852
29937
28769
33416
27950
25959
30347
30828
36136
36696
42771
38728
41567
35493
33686
25155
28981
39445
32412
31397
41941
42003
38095
28533
35077
28500
32307
34412
29767
28630
28766
27513
36020
38131
33372
31107
25561
36256
41291
39184
40532
35527
34951
42079
43210
42501
37197
39591
33582
35263
38108
38720
42222
44084
38361
27956
24376
22545
27379
27152
26031
28384
23884
4604
45361
39386
38826
35942
38823
39307
36592
41784
35427
34543
36166
37559
40157
41386
37003
37047
39015
40441
40652
41122
46544
46842
43240
38427
42095
42355
41725
36764
40389
37104
40481
42596
44825
42358
43205
42778
37757
32963
29435
31452
38098
41421
41500
40026
40668
36432
37068
39917
42387
38905
40427
42665
46077
45796
47974
46773
45639
40034
45638
46088
41859
35754
36193
34168
31726
30210
34282
33109
33252
37194
42494
43771
43193
40220
39512
41014
40346
37747
48365
42622
34959
31774
38809
35078
35412
41589
37281
31972
29824
33543
34821
26977
36658
33255
31650
31582
34040
37162
30980
33719
30332
31446
33617
30294
31478
32602
29992
28687
32096
33313
37668
38330
44343
35568
27836
32044
35358
31870
19913
18287
23680
22656
26930
23787
29290
33287
27025
32481
33695
29368
29210
28506
27366
25856
24235
28967
42822
26850
34695
33872
32708
30971
33644
28941
30226
27335
30590
27279
24822
35156
25549
29774
30303
30211
27059
25874
26423
34488
33009
31509
25487
30193
37425
29580
34641
23915
28881
29925
24655
28348
33221
31985
28707
31121
31624
31725
34893
34423
31740
35424
27761
29064
21869
25321
25539
34139
33932
28228
24329
25782
26151
26635
27643
26822
23922
37855
39258
52563
46035
46913
48255
47247
47134
46262
46066
41700
45911
43515
41634
43371
33542
33614
35000
37734
34766
34037
38899
33983
35256
35431
25656
30005
34499
41710
38468
36624
38070
33431
37855
40226
37320
42226
38938
38831
38888
39411
33351
39463
42397
40810
36756
44858
46869
43734
42579
46950
47308
40647
40813
41140
45543
44875
44648
46610
39193
27157
35604
41184
42519
40322
43089
44425
38168
35140
29204
40366
32198
37233
46631
42402
39250
41214
45048
40839
32628
33183
36272
34684
36582
41441
36821
43115
47569
46304
44978
45953
47175
47280
44690
46736
45595
43599
43453
49942
44769
44252
48914
41630
48187
43255
38746
49086
44827
45947
36201
40339
38325
40289
40404
44766
42079
36874
42839
37519
39989
39901
46465
38537
40366
34276
37702
41677
35903
45295
42162
41676
39180
32843
37117
39384
37632
33729
38936
35672
38941
40212
37445
34487
41294
41339
43354
40854
38290
41451
39683
40918
36406
34605
22914
40391
