chr	start	stops	name	BRCA	GACA	LICA	LUAD	MB	PA	PRAD
chr10	104952990	104953345	Ultra-Sensitive	1	1	1	1	1	1	1
chr10	104952991	104953348	Ultra-Sensitive	1	1	1	1	1	1	1
chr10	119046721	119047340	Ultra-Sensitive	1	1	1	1	1	1	1
chr10	127574461	127576609	Ultra-Sensitive	1	1	0.196786965330362	0.0560084981474036	1	1	0.0355289463433142
chr10	127574467	127581831	Ultra-Sensitive	1	0.999894339481889	0.525667949966984	0.329504970490388	1	1	0.000000026308266322664
chr10	127574470	127581814	Ultra-Sensitive	1	1	0.523885768455164	0.327814734423175	1	1	0.0000000256105984971747
chr10	127574522	127576584	Ultra-Sensitive	1	1	0.185108423160729	0.050838585321313	1	1	0.0330004425967794
chr10	127576746	127577021	Ultra-Sensitive	1	1	1	1	1	1	0.036580558176372
chr10	127577231	127579392	Ultra-Sensitive	1	1	0.557584015295163	1	1	1	0.000273221647251458
chr10	127577618	127578936	Ultra-Sensitive	1	1	1	1	1	1	0.0144416697517266
chr10	127577738	127578935	Ultra-Sensitive	1	1	1	1	1	1	0.0120464591470047
chr10	127579241	127581770	Ultra-Sensitive	1	1	1	0.624490375021836	1	1	0.00548652155095681
chr10	127579243	127581800	Ultra-Sensitive	1	1	1	0.628483883361193	1	1	0.00565395191276375
chr10	127579627	127581747	Ultra-Sensitive	1	1	1	0.560852129583765	1	1	0.249072246041704
chr10	127582125	127584410	Ultra-Sensitive	1	1	1	1	1	1	0.265568781291583
chr10	127582151	127584689	Ultra-Sensitive	1	1	1	1	1	1	0.290146317023418
chr10	127582930	127584252	Ultra-Sensitive	1	1	1	1	1	1	1
chr10	127585481	127586380	Ultra-Sensitive	1	1	1	1	1	1	1
chr10	127585484	127586412	Ultra-Sensitive	1	1	1	1	1	1	1
chr10	127586675	127587465	Ultra-Sensitive	1	1	1	0.265765533094577	1	1	0.101445708772071
chr10	127587971	127589142	Ultra-Sensitive	1	0.777797667926287	1	0.366783988662132	1	1	0.146543067478293
chr10	127588399	127589145	Ultra-Sensitive	1	0.61728375399805	1	1	1	1	1
chr10	127588425	127589105	Ultra-Sensitive	1	0.583472195360434	1	1	1	1	1
chr10	127589512	127590467	Ultra-Sensitive	1	0.707166055717758	1	0.311407570408448	1	1	0.00000000809829986373736
chr10	127589562	127590375	Ultra-Sensitive	1	0.648779647249886	1	0.272309960644331	1	1	0.00000000314092882102026
chr10	127589573	127590388	Ultra-Sensitive	1	0.649678540285111	1	0.272876198134673	1	1	0.00000000318673363186786
chr10	127590829	127592238	Ultra-Sensitive	1	1	0.412940147251621	0.422523769996527	1	1	0.00000223037687868406
chr10	127590874	127592232	Ultra-Sensitive	1	1	0.40154808139497	0.411020121190462	1	1	0.00000186678889172213
chr10	127590879	127592372	Ultra-Sensitive	1	1	0.431227237449482	0.440969652224787	1	1	0.00000011014034280272
chr10	127592662	127593451	Ultra-Sensitive	1	0.637809750009999	0.0370415082134327	0.00000000319189105685095	1	1	0.000000132733905594452
chr10	127593756	127594459	Ultra-Sensitive	1	1	1	0.240457889360883	1	1	1
chr10	127593784	127594775	Ultra-Sensitive	1	1	0.0555521245970657	0.320971859785354	1	1	0.000389164668775146
chr10	127593839	127594688	Ultra-Sensitive	1	1	0.274828726714769	0.282433195563873	1	1	0.000248478810357296
chr10	127593843	127594407	Ultra-Sensitive	1	1	1	1	1	1	1
chr10	127595423	127596583	Ultra-Sensitive	1	1	1	1	1	1	0.0000000253151117058938
chr10	127595486	127596425	Ultra-Sensitive	1	1	1	1	1	1	0.00000000733304199435583
chr10	127595893	127596533	Ultra-Sensitive	1	1	1	1	1	1	0.000000000764754276831554
chr10	127596013	127596574	Ultra-Sensitive	1	1	1	1	1	1	1
chr10	127597306	127597883	Ultra-Sensitive	1	1	0.0208995250918455	1	1	1	0.00296610099186331
chr10	127597358	127599296	Ultra-Sensitive	1	0.916181503437609	0.16845133404973	0.0438086295973053	1	1	0.000000000798278346442348
chr10	127597450	127599300	Ultra-Sensitive	1	0.906299592455796	1	0.0391317974644011	1	1	0.0000000153999032163854
chr10	127598176	127599289	Ultra-Sensitive	1	0.760718478392626	1	0.0106721950299233	1	1	0.0000000198743854316894
chr10	127599573	127601174	Ultra-Sensitive	0.270265464345898	0.0607751696149202	1	1	1	1	0.0207576787116559
chr10	127599624	127600941	Ultra-Sensitive	0.228397836846615	0.030828964725572	1	1	1	1	0.0144211027595513
chr10	127599687	127600983	Ultra-Sensitive	1	0.0290864598728266	1	1	1	1	0.013992136910148
chr10	127601579	127604618	Ultra-Sensitive	0.449471615508199	0.979029874128435	0.00703996870360865	0.333884482324203	1	1	0.00000000133983431731682
chr10	127601605	127602704	Ultra-Sensitive	0.194613403298126	0.756401238071109	0.0665067306059241	0.348853132858477	1	1	0.0102477582183619
chr10	127601881	127603431	Ultra-Sensitive	1	0.86288300542711	0.000393823201902513	0.125914303872265	1	1	0.0195482881281122
chr10	127603648	127604692	Ultra-Sensitive	1	0.738666296559257	1	1	1	1	0.0000000136608378624578
chr10	127604929	127606360	Ultra-Sensitive	0.245488963906669	0.840475252613327	1	1	1	1	1
chr10	127604971	127605972	Ultra-Sensitive	0.17894079169823	0.723898066660571	1	1	1	1	1
chr10	127605005	127606729	Ultra-Sensitive	0.287676133836202	0.890068172302558	1	0.488634550054345	1	1	0.207915197633713
chr10	127605135	127606003	Ultra-Sensitive	0.157174775270502	0.672672254449446	1	1	1	1	1
chr10	127607179	127607747	Ultra-Sensitive	1	1	0.0202989033468605	1	1	1	1
chr10	127607187	127607599	Ultra-Sensitive	1	1	0.01111225585344	1	1	1	1
chr10	127613121	127616024	Ultra-Sensitive	0.113512119854186	0.884707263238612	1	0.0000443964923273789	1	1	0.000000312455578718982
chr10	127613302	127616170	Ultra-Sensitive	0.430744025186784	0.880642492682886	1	0.00000601265137165965	1	1	0.000000288392279059156
chr10	127614165	127615594	Ultra-Sensitive	1	1	1	0.0204958776092867	1	1	0.00111312699051919
chr10	127616388	127616803	Ultra-Sensitive	0.0785497821008245	0.414488336169092	1	1	1	1	0.0546743484219415
chr10	128086471	128086991	Ultra-Sensitive	1	0.488452501539509	1	1	1	1	1
chr10	134254439	134255045	Ultra-Sensitive	1	0.111067415939564	1	1	1	1	1
chr10	22518362	22518730	Ultra-Sensitive	1	1	0.0943342826760483	0.11120444281291	1	1	1
chr10	22518365	22518715	Ultra-Sensitive	1	1	0.0899367805729224	0.106072882715655	1	1	1
chr10	35310244	35310797	Ultra-Sensitive	1	0.144327349131989	0.000264668566294522	1	1	1	1
chr10	38083221	38083941	Ultra-Sensitive	1	0.741852793106145	1	1	1	0.0092003981952639	1
chr10	42831420	42831702	Ultra-Sensitive	1	1	1	0.105378570771382	1	1	1
chr10	42832076	42832803	Ultra-Sensitive	0.14867251233815	1	1	0.0348324124457929	1	1	0.000461595289244714
chr10	43015306	43015849	Ultra-Sensitive	1	1	0.114067905914022	0.192733318065227	1	1	1
chr10	43977694	43977831	Ultra-Sensitive	1	1	1	1	1	1	1
chr10	43978115	43978328	Ultra-Sensitive	1	1	1	1	1	1	1
chr10	44019023	44021053	Ultra-Sensitive	1	0.907244869153338	0.132946325577968	0.68651087660078	1	1	1
chr10	47073899	47074805	Ultra-Sensitive	1	1	1	0.0765796500554748	1	1	1
chr10	47114429	47115298	Ultra-Sensitive	1	0.226075641553741	1	1	1	1	1
chr10	47142899	47144672	Ultra-Sensitive	1	0.277079487160769	0.395712065582687	0.581311836804839	1	1	0.250061838854852
chr10	47146995	47147791	Ultra-Sensitive	1	0.0101926706082796	1	1	1	1	1
chr10	47148129	47148739	Ultra-Sensitive	1	1	1	1	1	1	1
chr10	50731896	50732078	Ultra-Sensitive	1	1	1	1	1	1	1
chr10	6065771	6066206	Ultra-Sensitive	1	0.369414677378108	1	1	1	1	1
chr10	6066317	6066482	Ultra-Sensitive	1	1	1	1	1	1	1
chr10	6067646	6067796	Ultra-Sensitive	1	1	1	1	1	1	1
chr10	6067988	6068138	Ultra-Sensitive	1	1	1	1	1	1	1
chr10	69524042	69524416	Ultra-Sensitive	0.0786989746495476	0.341020135666272	1	1	1	1	1
chr10	69524051	69524427	Ultra-Sensitive	0.0791024881291005	0.342485605899639	1	1	1	1	1
chr10	70939797	70940047	Ultra-Sensitive	1	1	1	1	1	1	0.0304271865103132
chr10	75255691	75256066	Ultra-Sensitive	1	1	1	1	1	1	0.0516162198156156
chr10	75255692	75256029	Ultra-Sensitive	1	1	1	1	1	1	0.0465123258989253
chr10	75678457	75678900	Ultra-Sensitive	1	1	1	1	1	1	1
chr10	98561166	98561704	Ultra-Sensitive	1	0.0930080371586119	0.0971264524558603	1	1	1	0.00234556292255355
chr10	98561174	98561711	Ultra-Sensitive	1	0.0927191503411649	0.0969550748669736	1	1	1	0.00233706023961732
chr10	98561228	98561709	Ultra-Sensitive	1	0.0769817371398163	0.0873051984344293	1	1	1	0.00188445195728287
chr10	98561229	98561714	Ultra-Sensitive	1	0.078075687975697	0.0879979232768351	1	1	1	0.00191523947056246
chr11	100274297	100274693	Ultra-Sensitive	0.0865672249569884	0.409185844699265	1	1	1	1	1
chr11	10878239	10878681	Ultra-Sensitive	1	1	1	1	1	1	1
chr11	114420319	114421097	Ultra-Sensitive	1	0.234832238223858	1	1	1	1	1
chr11	117957785	117958762	Ultra-Sensitive	1	1	1	1	1	1	1
chr11	118306726	118307216	Ultra-Sensitive	1	1	0.0809999800711244	0.131714594857289	1	1	1
chr11	118306749	118307227	Ultra-Sensitive	1	1	0.0790978857996779	0.128712101364077	1	1	1
chr11	11880844	11881167	Ultra-Sensitive	1	1	1	0.0799833986828869	1	1	1
chr11	11889352	11889771	Ultra-Sensitive	1	1	1	1	1	1	1
chr11	123985685	123986242	Ultra-Sensitive	1	1	1	1	1	1	1
chr11	123985884	123986263	Ultra-Sensitive	1	1	1	1	1	1	1
chr11	129122450	129122881	Ultra-Sensitive	1	1	1	1	1	1	1
chr1	1243300	1243978	Ultra-Sensitive	1	1	1	1	1	1	1
chr1	1243301	1243914	Ultra-Sensitive	1	1	1	1	1	1	1
chr11	25910229	25910919	Ultra-Sensitive	1	0.700202220790937	1	1	1	1	1
chr11	26036043	26036502	Ultra-Sensitive	1	1	1	0.229824871983294	1	1	1
chr11	26036551	26036847	Ultra-Sensitive	1	1	1	1	1	1	1
chr11	26172735	26173058	Ultra-Sensitive	1	0.0108790415432658	1	1	1	1	1
chr11	26174353	26174740	Ultra-Sensitive	1	0.414004696852085	1	1	1	1	1
chr11	26174480	26174718	Ultra-Sensitive	1	1	1	1	1	1	1
chr11	26179297	26179577	Ultra-Sensitive	1	1	1	1	1	1	1
chr11	26181341	26181772	Ultra-Sensitive	1	1	1	1	1	1	1
chr11	27442770	27443220	Ultra-Sensitive	1	1	1	1	1	1	1
chr11	29141487	29141988	Ultra-Sensitive	1	1	1	1	1	1	1
chr11	36310560	36310911	Ultra-Sensitive	1	0.35582897773157	1	1	1	1	1
chr11	36310962	36311296	Ultra-Sensitive	1	0.341985507414889	1	0.139403380435136	1	1	1
chr11	40466730	40467311	Ultra-Sensitive	1	0.298485055415864	1	0.0981284039975006	1	1	1
chr1	143534258	143535518	Ultra-Sensitive	1	1	1	0.000400898453962169	1	1	0.0136446502424098
chr1	143534262	143535561	Ultra-Sensitive	1	1	1	0.000448951587251497	1	1	0.0144491652317393
chr1	143538897	143540648	Ultra-Sensitive	0.283980839196622	0.671356837408283	1	0.0759517244648466	1	1	0.0251626777950108
chr1	143539113	143539631	Ultra-Sensitive	0.0942451707012397	0.281284477307632	1	0.00824477453456146	1	1	0.00247421626579542
chr1	143540192	143540933	Ultra-Sensitive	1	1	1	1	1	1	1
chr1	143540246	143540943	Ultra-Sensitive	1	1	1	1	1	1	1
chr1	144007903	144008287	Ultra-Sensitive	1	1	1	1	1	1	1
chr1	144008506	144009082	Ultra-Sensitive	1	1	1	1	1	1	1
chr1	144009142	144010139	Ultra-Sensitive	1	1	1	1	1	1	1
chr1	144012739	144013432	Ultra-Sensitive	1	1	1	1	1	1	1
chr1	144013296	144013816	Ultra-Sensitive	1	1	1	1	1	1	1
chr1	144015671	144016455	Ultra-Sensitive	1	1	1	1	1	1	1
chr1	144015830	144016214	Ultra-Sensitive	1	1	1	1	1	1	1
chr1	144528510	144528934	Ultra-Sensitive	1	1	1	0.10272082455281	1	1	1
chr1	144533939	144534372	Ultra-Sensitive	1	0.241304594542647	1	0.0058488180569353	1	1	1
chr1	144534035	144534449	Ultra-Sensitive	1	1	1	0.100427635900014	1	1	1
chr1	144928371	144929181	Ultra-Sensitive	1	1	1	1	1	1	1
chr1	144928434	144929384	Ultra-Sensitive	1	0.453946620771135	1	1	1	1	1
chr1	144936227	144936848	Ultra-Sensitive	0.111883853822521	0.326895710705527	1	1	1	1	1
chr1	144986099	144986673	Ultra-Sensitive	1	1	1	1	1	1	1
chr1	144987242	144987755	Ultra-Sensitive	1	1	1	1	1	1	1
chr1	144988095	144990833	Ultra-Sensitive	0.0979804656205518	1	1	1	1	1	1
chr1	144988127	144989356	Ultra-Sensitive	1	1	1	1	1	1	1
chr1	144988238	144988549	Ultra-Sensitive	1	1	1	1	1	1	1
chr1	144990196	144990644	Ultra-Sensitive	1	1	1	1	1	1	1
chr1	144992476	144992835	Ultra-Sensitive	1	1	1	1	1	1	1
chr1	144995520	144996832	Ultra-Sensitive	0.221546620050228	1	1	1	1	1	1
chr1	144997253	144998162	Ultra-Sensitive	0.15937740936399	1	0.00652069065814234	1	1	1	1
chr1	144997384	144998154	Ultra-Sensitive	0.136785546184061	1	0.0951926213269598	1	1	1	1
chr1	144999057	144999450	Ultra-Sensitive	1	1	1	1	1	1	1
chr1	145000044	145001014	Ultra-Sensitive	1	1	1	1	1	1	1
chr1	145000054	145001231	Ultra-Sensitive	1	1	1	1	1	1	1
chr1	145000579	145001093	Ultra-Sensitive	1	1	1	1	1	1	1
chr1	145001666	145004676	Ultra-Sensitive	0.114486465988873	1	1	1	1	1	1
chr1	145001786	145002146	Ultra-Sensitive	1	1	1	1	1	1	1
chr1	145001789	145002246	Ultra-Sensitive	1	1	1	1	1	1	1
chr1	145002063	145002692	Ultra-Sensitive	1	1	1	1	1	1	1
chr1	145002612	145003060	Ultra-Sensitive	0.00351024169944365	1	1	1	1	1	1
chr1	145004308	145004765	Ultra-Sensitive	1	1	1	1	1	1	1
chr1	145005681	145006250	Ultra-Sensitive	1	1	1	1	1	1	1
chr1	145005986	145007456	Ultra-Sensitive	1	1	1	1	1	1	0.182727781139672
chr1	145006178	145006883	Ultra-Sensitive	1	1	1	1	1	1	1
chr1	145006192	145007090	Ultra-Sensitive	1	1	1	1	1	1	0.116072563736206
chr1	145007830	145008544	Ultra-Sensitive	1	0.365566944258059	1	1	1	1	1
chr1	145008206	145008945	Ultra-Sensitive	1	0.375574941965116	1	1	1	1	1
chr1	145008936	145010198	Ultra-Sensitive	1	0.193533286884596	1	1	1	1	1
chr1	145009072	145009788	Ultra-Sensitive	1	0.0778106160969117	1	1	1	1	1
chr1	145009421	145011309	Ultra-Sensitive	1	0.338988703641868	1	1	1	1	1
chr1	145010585	145011402	Ultra-Sensitive	1	1	1	1	1	1	1
chr1	145010905	145011278	Ultra-Sensitive	1	1	1	1	1	1	1
chr1	145011997	145014070	Ultra-Sensitive	0.326526357283729	1	1	1	1	1	1
chr1	145012265	145012830	Ultra-Sensitive	1	1	1	1	1	1	1
chr1	145012418	145013622	Ultra-Sensitive	0.20535810279911	1	1	1	1	1	1
chr1	145013101	145013976	Ultra-Sensitive	1	1	1	1	1	1	1
chr1	145013147	145014070	Ultra-Sensitive	1	1	1	1	1	1	1
chr1	145013847	145014070	Ultra-Sensitive	1	1	1	1	1	1	1
chr1	145014313	145014444	Ultra-Sensitive	1	1	1	1	1	1	1
chr1	145014313	145014956	Ultra-Sensitive	1	1	1	1	1	1	1
chr1	145014313	145015841	Ultra-Sensitive	1	1	1	1	1	1	1
chr1	145014770	145015338	Ultra-Sensitive	1	1	1	1	1	1	1
chr1	145014840	145015841	Ultra-Sensitive	1	1	1	1	1	1	1
chr1	145014906	145015425	Ultra-Sensitive	1	1	1	1	1	1	1
chr1	145015650	145015841	Ultra-Sensitive	1	1	1	1	1	1	1
chr1	145016011	145016139	Ultra-Sensitive	1	1	1	1	1	1	1
chr1	145016011	145016909	Ultra-Sensitive	1	1	1	1	1	1	0.116072563736206
chr1	145016011	145017759	Ultra-Sensitive	1	0.670732613824025	1	1	1	1	0.213242757227927
chr1	145016281	145017600	Ultra-Sensitive	1	0.567950244245124	1	1	1	1	0.165648007776462
chr1	145018040	145018816	Ultra-Sensitive	1	1	1	1	1	1	1
chr1	145018099	145018959	Ultra-Sensitive	1	1	1	1	1	1	1
chr1	145018337	145018916	Ultra-Sensitive	1	1	1	1	1	1	1
chr1	145019470	145020018	Ultra-Sensitive	1	1	1	1	1	1	1
chr1	145019515	145020103	Ultra-Sensitive	1	1	1	1	1	1	1
chr1	145020674	145021111	Ultra-Sensitive	1	1	0.0552046120119535	1	1	1	0.0583167441659923
chr1	145021167	145021310	Ultra-Sensitive	1	1	1	1	1	1	1
chr1	145021167	145022584	Ultra-Sensitive	1	1	1	0.30296631886584	1	1	1
chr1	145023192	145023802	Ultra-Sensitive	1	1	1	1	1	1	1
chr1	145023800	145024184	Ultra-Sensitive	1	1	1	1	1	1	1
chr1	145024135	145024576	Ultra-Sensitive	1	1	1	1	1	1	1
chr1	145024810	145026636	Ultra-Sensitive	1	0.686580485416279	0.211028960977794	1	1	1	1
chr1	145024861	145026673	Ultra-Sensitive	1	0.683793734291417	0.209595908582427	1	1	1	1
chr1	145025136	145025754	Ultra-Sensitive	1	1	0.077156802376903	1	1	1	1
chr1	145027056	145028429	Ultra-Sensitive	1	1	1	1	1	1	1
chr1	145027345	145027985	Ultra-Sensitive	1	1	1	1	1	1	1
chr1	145027458	145027938	Ultra-Sensitive	1	1	1	1	1	1	1
chr1	145028574	145029447	Ultra-Sensitive	0.153584458034815	1	1	1	1	1	1
chr1	145028688	145030386	Ultra-Sensitive	0.276721119495432	1	1	0.350825106431847	1	1	1
chr1	145028967	145029525	Ultra-Sensitive	1	1	1	1	1	1	1
chr1	145029462	145031584	Ultra-Sensitive	1	1	1	0.416732633510322	1	1	1
chr1	145029732	145031119	Ultra-Sensitive	1	1	1	0.297646790884065	1	1	1
chr1	145029863	145030296	Ultra-Sensitive	1	1	1	0.104779552859488	1	1	1
chr1	145030758	145031847	Ultra-Sensitive	1	1	1	1	1	1	1
chr1	145032905	145034385	Ultra-Sensitive	1	1	1	0.314002852371343	1	1	1
chr1	145033637	145034285	Ultra-Sensitive	1	1	1	0.152542263814584	1	1	1
chr1	145034738	145035208	Ultra-Sensitive	1	1	1	1	1	1	1
chr1	145034801	145035512	Ultra-Sensitive	1	1	1	1	1	1	1
chr1	145040387	145041483	Ultra-Sensitive	1	1	1	1	1	1	1
chr1	145041063	145041895	Ultra-Sensitive	1	1	0.102446520982796	1	1	1	1
chr1	145042776	145043726	Ultra-Sensitive	1	1	1	1	1	1	1
chr1	145042824	145043635	Ultra-Sensitive	1	1	1	1	1	1	1
chr1	145042901	145043651	Ultra-Sensitive	1	1	1	1	1	1	1
chr1	145044748	145046113	Ultra-Sensitive	1	0.580366954319976	1	1	1	1	1
chr1	145045095	145046041	Ultra-Sensitive	1	0.452557312847972	1	1	1	1	1
chr1	145045850	145046772	Ultra-Sensitive	1	1	1	1	1	1	0.118978147457806
chr1	145046053	145046855	Ultra-Sensitive	1	1	1	1	1	1	0.104351794346333
chr1	145046336	145046880	Ultra-Sensitive	1	1	1	1	1	1	0.0720575241795508
chr1	145046399	145047022	Ultra-Sensitive	1	1	1	1	1	1	0.0820707528430932
chr1	145047352	145047779	Ultra-Sensitive	1	1	1	1	1	1	1
chr1	145054012	145054414	Ultra-Sensitive	1	1	1	1	1	1	1
chr1	145054090	145054616	Ultra-Sensitive	0.0956278023286455	1	1	1	1	1	1
chr1	145054232	145055310	Ultra-Sensitive	0.186039342233	1	1	1	1	1	1
chr1	145054784	145055322	Ultra-Sensitive	1	1	1	1	1	1	1
chr1	145055481	145055980	Ultra-Sensitive	1	1	1	1	1	1	0.0663038721054753
chr1	145055562	145056419	Ultra-Sensitive	1	1	1	0.19646197535486	1	1	0.111086146710149
chr1	145055591	145056743	Ultra-Sensitive	1	1	1	0.254505152116128	1	1	0.0115226711664621
chr1	145057309	145057814	Ultra-Sensitive	1	1	1	1	1	1	1
chr1	145057968	145059720	Ultra-Sensitive	1	1	1	1	1	1	1
chr1	145058125	145059076	Ultra-Sensitive	1	1	1	1	1	1	1
chr1	145058410	145059052	Ultra-Sensitive	1	1	1	1	1	1	1
chr1	145058551	145060411	Ultra-Sensitive	1	1	1	1	1	1	1
chr1	145060428	145061688	Ultra-Sensitive	1	1	1	1	1	1	1
chr1	145060691	145061371	Ultra-Sensitive	1	1	1	1	1	1	1
chr1	145060932	145061567	Ultra-Sensitive	1	1	1	1	1	1	1
chr1	145061925	145062756	Ultra-Sensitive	1	1	1	1	1	1	1
chr1	145062723	145063171	Ultra-Sensitive	1	1	1	1	1	1	1
chr1	145064556	145066122	Ultra-Sensitive	0.0371450348279925	1	1	1	1	1	1
chr1	145064675	145065051	Ultra-Sensitive	1	1	1	1	1	1	1
chr1	145065393	145066179	Ultra-Sensitive	0.0103419330189335	1	1	1	1	1	1
chr1	145065525	145065963	Ultra-Sensitive	0.00335964897740365	1	1	1	1	1	1
chr1	145067564	145067856	Ultra-Sensitive	1	1	1	1	1	1	1
chr1	145067666	145068507	Ultra-Sensitive	1	1	1	1	1	1	0.109132425472581
chr1	145068019	145068572	Ultra-Sensitive	1	1	1	1	1	1	0.0732038926348346
chr1	145069414	145070151	Ultra-Sensitive	1	1	1	1	1	1	1
chr1	145069473	145069982	Ultra-Sensitive	1	1	1	1	1	1	1
chr1	145069521	145070208	Ultra-Sensitive	1	1	1	1	1	1	1
chr1	145069558	145069958	Ultra-Sensitive	1	1	1	1	1	1	1
chr1	145071351	145071959	Ultra-Sensitive	1	1	1	1	1	1	0.00337956802713724
chr1	145072500	145073293	Ultra-Sensitive	1	1	1	0.183267325050912	1	1	1
chr1	145073441	145074058	Ultra-Sensitive	1	1	1	1	1	1	1
chr1	145073550	145074309	Ultra-Sensitive	1	1	0.0938994554117797	1	1	1	1
chr1	145073554	145074265	Ultra-Sensitive	1	1	0.0882346237648408	1	1	1	1
chr1	145077614	145079216	Ultra-Sensitive	1	1	1	1	1	1	0.197365147499665
chr1	145077825	145078422	Ultra-Sensitive	1	1	1	1	1	1	1
chr1	145079693	145080120	Ultra-Sensitive	1	1	1	1	1	1	1
chr1	145081478	145081900	Ultra-Sensitive	1	1	1	1	1	1	1
chr1	145081629	145082426	Ultra-Sensitive	1	1	1	1	1	1	1
chr1	145081691	145082116	Ultra-Sensitive	1	1	1	1	1	1	1
chr1	145082555	145083196	Ultra-Sensitive	1	1	1	1	1	1	1
chr1	145083587	145084341	Ultra-Sensitive	1	1	0.0933110345293684	1	1	1	1
chr1	145083618	145085473	Ultra-Sensitive	0.0502429600834493	0.331410040999414	0.21398906747908	1	1	1	1
chr1	145084080	145084846	Ultra-Sensitive	0.136126382850412	1	1	1	1	1	1
chr1	145084632	145085809	Ultra-Sensitive	0.0220522634475589	0.174180063359779	1	1	1	1	1
chr1	145087648	145089053	Ultra-Sensitive	1	1	1	1	1	1	1
chr1	145087733	145088291	Ultra-Sensitive	1	1	1	1	1	1	1
chr1	145088160	145088831	Ultra-Sensitive	1	1	1	1	1	1	1
chr1	145088564	145089131	Ultra-Sensitive	1	0.303359287301568	1	1	1	1	1
chr1	145089800	145090389	Ultra-Sensitive	1	1	1	1	1	1	1
chr1	145090656	145091152	Ultra-Sensitive	1	1	1	1	1	1	1
chr1	145091234	145091724	Ultra-Sensitive	1	1	1	1	1	1	1
chr1	145097015	145098340	Ultra-Sensitive	1	1	0.158071590893351	1	1	1	1
chr1	145097571	145098185	Ultra-Sensitive	1	1	1	1	1	1	1
chr1	145097976	145099118	Ultra-Sensitive	1	1	1	1	1	1	1
chr1	145098632	145100716	Ultra-Sensitive	0.327933608690056	0.733725177327689	0.236972376143922	1	1	1	1
chr1	145098806	145099129	Ultra-Sensitive	1	1	1	1	1	1	1
chr1	145099333	145099750	Ultra-Sensitive	1	1	1	1	1	1	1
chr1	145100209	145100791	Ultra-Sensitive	1	0.309979223602197	1	1	1	1	0.0768878951371509
chr1	145101040	145101661	Ultra-Sensitive	1	1	1	1	1	1	1
chr1	145101331	145102090	Ultra-Sensitive	1	1	1	1	1	1	1
chr1	145101361	145101941	Ultra-Sensitive	1	1	1	1	1	1	1
chr1	145101891	145102630	Ultra-Sensitive	1	1	1	1	1	1	1
chr1	145102338	145103877	Ultra-Sensitive	1	1	1	0.324175671145691	1	1	1
chr1	145102868	145105010	Ultra-Sensitive	1	1	1	0.419665909904244	1	1	1
chr1	145103373	145105880	Ultra-Sensitive	1	0.474008903443858	1	0.470612805598276	1	1	1
chr1	145103414	145103982	Ultra-Sensitive	1	1	1	0.135083989169222	1	1	1
chr1	145104112	145104445	Ultra-Sensitive	1	1	1	1	1	1	1
chr1	145105046	145105836	Ultra-Sensitive	1	0.0918707935834148	1	1	1	1	1
chr1	145106806	145107617	Ultra-Sensitive	1	0.403517459206077	1	1	1	1	1
chr1	145106843	145108008	Ultra-Sensitive	1	0.523619808568925	1	1	1	1	1
chr1	145107212	145107860	Ultra-Sensitive	1	1	1	1	1	1	1
chr1	145109266	145111101	Ultra-Sensitive	0.0492900269141321	0.115295903133698	1	1	1	1	1
chr1	145109374	145110101	Ultra-Sensitive	1	1	1	1	1	1	1
chr1	145109386	145111035	Ultra-Sensitive	1	1	1	1	1	1	1
chr1	145110200	145111155	Ultra-Sensitive	1	1	1	1	1	1	1
chr1	145110304	145111022	Ultra-Sensitive	1	1	1	1	1	1	1
chr1	145111492	145111924	Ultra-Sensitive	1	1	1	1	1	1	1
chr1	145112313	145113321	Ultra-Sensitive	1	1	0.0079490665040008	1	1	1	1
chr1	145112319	145113233	Ultra-Sensitive	1	1	0.006589730715942	1	1	1	1
chr1	145112373	145113253	Ultra-Sensitive	1	1	0.00612684127478215	1	1	1	1
chr1	145112420	145113367	Ultra-Sensitive	1	1	0.00705371439944516	1	1	1	0.121994402454051
chr1	145113763	145118271	Ultra-Sensitive	0.575495889847852	0.941801849758642	0.117786260997403	1	1	1	0.459780660892911
chr1	145113814	145115005	Ultra-Sensitive	1	1	1	1	1	1	0.150883836260273
chr1	145114077	145114670	Ultra-Sensitive	1	1	1	1	1	1	1
chr1	145114131	145117200	Ultra-Sensitive	0.442588778343717	0.856801340880139	0.0616536412140256	1	1	1	0.343076457767324
chr1	145115427	145116390	Ultra-Sensitive	0.16799153982066	1	1	1	1	1	1
chr1	145116445	145117132	Ultra-Sensitive	1	1	0.0853887801491214	1	1	1	1
chr1	145117346	145117841	Ultra-Sensitive	1	1	1	1	1	1	1
chr1	145117496	145118375	Ultra-Sensitive	1	1	1	1	1	1	1
chr1	145117566	145118359	Ultra-Sensitive	1	1	1	1	1	1	1
chr11	45141582	45142061	Ultra-Sensitive	1	1	1	1	1	1	1
chr1	145292265	145292629	Ultra-Sensitive	1	1	1	1	1	1	1
chr1	145382707	145383302	Ultra-Sensitive	0.107464508721653	1	1	0.141017144566592	1	1	1
chr1	145382728	145383138	Ultra-Sensitive	0.0753684380894976	1	1	0.099508673192132	1	1	1
chr1	145395432	145395796	Ultra-Sensitive	0.0672076471703358	0.207206057858635	1	1	1	1	1
chr1	145395433	145395807	Ultra-Sensitive	0.0689879240249667	0.212242040695759	1	1	1	1	1
chr1	145396825	145397171	Ultra-Sensitive	0.00212176838892508	1	1	1	1	1	1
chr1	145397792	145398210	Ultra-Sensitive	1	1	1	0.101345633946553	0.0077466745531171	1	1
chr1	145399131	145399526	Ultra-Sensitive	1	1	1	1	1	1	0.0528664038150736
chr1	145399145	145399510	Ultra-Sensitive	1	1	1	1	1	1	0.0489535425248714
chr1	145575816	145576078	Ultra-Sensitive	1	1	1	1	1	1	1
chr1	145575881	145576078	Ultra-Sensitive	1	1	1	1	1	1	1
chr1	145576102	145576160	Ultra-Sensitive	1	0.0363510601256734	1	1	1	1	1
chr1	145576102	145576180	Ultra-Sensitive	1	0.0485744880460515	1	1	1	1	1
chr11	46722194	46722597	Ultra-Sensitive	1	1	1	1	1	1	1
chr11	46722649	46722677	Ultra-Sensitive	1	1	1	1	1	1	1
chr11	46970418	46970994	Ultra-Sensitive	1	0.447096631283671	1	1	1	1	1
chr11	46973785	46974303	Ultra-Sensitive	1	1	1	1	1	1	1
chr11	46993894	46994223	Ultra-Sensitive	1	1	1	1	1	1	1
chr11	46999219	46999946	Ultra-Sensitive	1	1	1	0.145879261138532	1	1	1
chr1	147393565	147394190	Ultra-Sensitive	1	0.328606913727825	1	1	1	1	1
chr11	47600361	47600484	Ultra-Sensitive	1	1	1	1	1	1	1
chr11	47600503	47600643	Ultra-Sensitive	1	1	1	1	1	1	1
chr1	148241396	148242001	Ultra-Sensitive	1	1	1	0.14320397079404	1	1	0.079799029712521
chr1	148247932	148248283	Ultra-Sensitive	1	1	1	1	1	1	1
chr1	148549781	148551098	Ultra-Sensitive	1	0.56740205979986	1	0.00000000608754496839438	1	1	0.16541935017992
chr1	148550860	148552157	Ultra-Sensitive	1	1	1	1	1	1	1
chr11	49156642	49157418	Ultra-Sensitive	1	0.00152992745484988	1	0.535055297259689	1	1	1
chr1	149294600	149294913	Ultra-Sensitive	1	0.303305264135806	1	1	1	1	1
chr1	149298479	149298830	Ultra-Sensitive	0.0855010855358174	0.333163041450871	1	0.071729997773117	1	1	0.0444852298631909
chr1	149298479	149298845	Ultra-Sensitive	0.0889851607551676	0.344590732045335	1	0.0746747529998465	1	1	0.0463405379221082
chr1	149680105	149680482	Ultra-Sensitive	0.0915315910355723	1	1	1	1	1	1
chr1	149680124	149680488	Ultra-Sensitive	0.0885213962942864	1	1	1	1	1	1
chr1	149683995	149684376	Ultra-Sensitive	1	1	1	0.0776098997191339	1	1	0.0481921586851595
chr1	149684005	149684353	Ultra-Sensitive	1	1	1	0.0711398908634747	1	1	0.0441137251150765
chr1	150459589	150459915	Ultra-Sensitive	1	1	1	1	1	1	1
chr1	151689317	151689567	Ultra-Sensitive	1	1	1	1	1	1	1
chr1	152008279	152008780	Ultra-Sensitive	1	1	1	1	1	1	1
chr1	152983019	152983330	Ultra-Sensitive	1	1	1	1	1	1	1
chr1	153643516	153643895	Ultra-Sensitive	0.108316838665489	1	1	1	1	1	0.00205550058472913
chr1	155194594	155194667	Ultra-Sensitive	1	1	1	1	1	1	1
chr1	155194669	155195036	Ultra-Sensitive	1	1	1	1	1	1	1
chr1	15571359	15571801	Ultra-Sensitive	1	1	1	1	1	1	1
chr11	59318025	59319377	Ultra-Sensitive	1	0.392570374702015	1	1	1	1	0.206816581045663
chr11	59318060	59319358	Ultra-Sensitive	1	0.373628865747056	1	1	1	1	0.199461556254516
chr11	59323703	59324055	Ultra-Sensitive	0.0832367098718611	1	1	1	1	1	1
chr11	59327731	59328090	Ultra-Sensitive	0.000113153826521859	0.00608077510406752	1	1	1	1	1
chr11	59383251	59383631	Ultra-Sensitive	1	1	1	1	1	1	1
chr1	160370071	160370366	Ultra-Sensitive	1	1	1	1	1	1	1
chr1	161085010	161085322	Ultra-Sensitive	1	1	1	1	1	1	1
chr1	161369395	161369770	Ultra-Sensitive	0.0839917501403595	0.0536829726011758	1	0.0821916116746852	1	1	1
chr1	161391803	161392167	Ultra-Sensitive	1	0.0509396821706753	1	0.0798824220548953	1	1	1
chr1	161397600	161398147	Ultra-Sensitive	1	0.10233431851889	1	1	1	1	1
chr1	161397794	161398173	Ultra-Sensitive	1	0.310868768076022	1	1	1	1	1
chr1	161493543	161493928	Ultra-Sensitive	1	1	1	1	1	1	0.0566198430041831
chr1	161493564	161493914	Ultra-Sensitive	1	1	1	1	1	1	0.0516110088059417
chr1	161500046	161500410	Ultra-Sensitive	0.00347368049309785	1	1	1	1	1	1
chr1	161500700	161501057	Ultra-Sensitive	1	0.295835430844241	1	1	1	1	0.0526149488472094
chr1	161509827	161510210	Ultra-Sensitive	1	0.31356712625081	1	1	1	1	1
chr1	161582320	161582600	Ultra-Sensitive	1	1	1	0.0620503592664152	1	1	0.0415115128023895
chr1	161591303	161591579	Ultra-Sensitive	1	0.237577305175659	1	1	1	1	1
chr11	61730751	61731575	Ultra-Sensitive	1	0.0500405140935358	0.137868752958653	1	1	1	1
chr11	61731591	61731859	Ultra-Sensitive	1	0.232350566868563	1	1	1	1	1
chr11	61792972	61793462	Ultra-Sensitive	1	1	1	0.129658188704784	1	1	1
chr11	62320559	62320996	Ultra-Sensitive	1	1	1	1	0.014207860411909	1	1
chr11	62608723	62609295	Ultra-Sensitive	1	0.0216931035083661	0.000192639076231465	0.0000000000000123533289108321	1	1	0.00345392029684776
chr11	62608765	62609333	Ultra-Sensitive	1	0.0213054333080806	0.00000514114669831683	4.00620649980019e-18	1	1	0.0034071771287051
chr11	62608794	62609397	Ultra-Sensitive	1	0.0248273874946313	0.00000649489627974445	4.2338122048602e-16	1	1	0.00382628585368264
chr11	62608900	62609311	Ultra-Sensitive	1	0.0667520991559141	0.0000731392634922075	0.0000000000000318956531440349	1	1	0.00181287820255155
chr1	163291448	163291785	Ultra-Sensitive	0.0896896918866576	0.335999929572954	1	1	1	1	1
chr11	6464956	6465357	Ultra-Sensitive	1	0.394333355967767	1	1	1	1	1
chr1	164717484	164718029	Ultra-Sensitive	1	1	1	1	1	1	1
chr11	64794460	64795009	Ultra-Sensitive	0.119335134653766	0.430463232047038	1	1	1	1	1
chr11	64794605	64795003	Ultra-Sensitive	1	1	1	1	1	1	1
chr11	65190235	65192697	Ultra-Sensitive	1	0.683555729399944	0.0772303795921115	0.341642184509161	0.0678920041900529	1	1
chr11	65192725	65193478	Ultra-Sensitive	1	1	1	1	1	1	1
chr11	65193434	65193945	Ultra-Sensitive	1	1	0.0900167544316137	1	1	1	0.0573395010626288
chr11	65194080	65195060	Ultra-Sensitive	1	0.610355230946892	0.000041296827247329	1	1	1	0.107003368676041
chr11	65194209	65196168	Ultra-Sensitive	0.342120610893817	0.294243358096531	0.000567688817827422	1	1	1	0.202224753089429
chr11	65195494	65196204	Ultra-Sensitive	1	0.151120693964395	0.122812835156807	1	1	1	1
chr11	65265887	65268446	Ultra-Sensitive	1	0.447461668241171	1	0.352329759086206	1	1	0.255382828699962
chr11	65269018	65270068	Ultra-Sensitive	1	0.635619102462953	1	1	1	1	0.000290206769026783
chr11	65269096	65269493	Ultra-Sensitive	1	1	1	1	1	1	1
chr11	65270304	65271001	Ultra-Sensitive	0.138661480321759	1	1	1	1	1	1
chr11	65270487	65270904	Ultra-Sensitive	1	1	1	1	1	1	1
chr11	65271205	65273453	Ultra-Sensitive	1	0.635582673280392	0.339114235145361	0.317416979308576	1	1	1
chr11	65271446	65272296	Ultra-Sensitive	1	1	0.145166307618365	1	1	1	1
chr11	65272586	65273789	Ultra-Sensitive	1	0.685239763967659	1	0.018818208556404	1	1	1
chr11	65273660	65275289	Ultra-Sensitive	1	0.790405768938952	1	1	1	1	1
chr11	65274119	65275229	Ultra-Sensitive	1	1	1	1	1	1	1
chr11	65291210	65291917	Ultra-Sensitive	1	1	1	1	1	1	1
chr11	65430353	65430670	Ultra-Sensitive	1	1	1	1	1	1	1
chr11	65430355	65430672	Ultra-Sensitive	1	1	1	1	1	1	1
chr11	65769287	65769850	Ultra-Sensitive	1	1	1	1	1	1	1
chr11	66115382	66115762	Ultra-Sensitive	1	1	1	1	1	1	0.0466425023039549
chr11	66703892	66704270	Ultra-Sensitive	1	1	1	1	1	1	1
chr1	167683735	167684141	Ultra-Sensitive	1	0.368224387964045	1	1	1	1	1
chr1	167683755	167684125	Ultra-Sensitive	1	0.34201556140837	1	1	1	1	1
chr1	167684655	167685009	Ultra-Sensitive	0.0869374308307415	0.330017825830628	0.0779144843117342	1	1	1	1
chr1	167684655	167685012	Ultra-Sensitive	0.0876404642747831	0.332284086797443	0.0785478278622591	1	1	1	1
chr11	68227504	68227847	Ultra-Sensitive	1	1	0.0595009311356936	1	1	1	1
chr11	68227518	68227867	Ultra-Sensitive	1	1	0.0605092447841473	1	1	1	1
chr11	68484050	68484479	Ultra-Sensitive	1	1	1	1	1	1	0.0638471505381523
chr1	16872338	16872720	Ultra-Sensitive	1	1	1	1	1	1	1
chr1	16872374	16872710	Ultra-Sensitive	1	1	1	1	1	1	1
chr1	16890870	16891662	Ultra-Sensitive	0.1311997342058	1	1	1	1	1	0.00482696431363128
chr1	16892104	16893877	Ultra-Sensitive	1	1	1	1	1	1	0.00000491415791712169
chr11	69453470	69453958	Ultra-Sensitive	1	1	0.0835647258905389	1	1	1	1
chr1	17004674	17005013	Ultra-Sensitive	1	1	1	1	1	1	1
chr1	17053565	17053994	Ultra-Sensitive	1	1	1	1	1	1	1
chr11	71639632	71640107	Ultra-Sensitive	1	0.359928722242618	1	1	1	1	0.126018827584605
chr11	71639636	71640107	Ultra-Sensitive	1	0.357523796739872	1	1	1	1	0.125028483652859
chr1	173683873	173684188	Ultra-Sensitive	0.071752157879034	1	1	1	1	1	1
chr1	174973098	174973491	Ultra-Sensitive	1	0.0106029374093808	1	1	1	1	1
chr11	75946339	75947142	Ultra-Sensitive	0.13521803376201	1	1	1	1	1	0.0950764226437601
chr11	75946349	75947139	Ultra-Sensitive	0.133183782741097	1	1	1	1	1	0.0936133257197238
chr11	76170648	76170976	Ultra-Sensitive	1	1	1	1	1	1	1
chr11	76171129	76171293	Ultra-Sensitive	1	1	1	1	1	1	1
chr11	76493990	76494363	Ultra-Sensitive	1	1	1	1	1	1	1
chr1	178723455	178724573	Ultra-Sensitive	0.21418370175547	1	1	1	1	1	1
chr11	8008552	8008854	Ultra-Sensitive	1	1	1	1	1	1	1
chr11	89236917	89237459	Ultra-Sensitive	1	1	1	0.215545341324035	0.0156717206975252	1	1
chr1	190138654	190139022	Ultra-Sensitive	1	1	1	1	1	1	1
chr11	92850302	92850860	Ultra-Sensitive	1	1	1	0.268756128830626	1	1	1
chr11	92851314	92851951	Ultra-Sensitive	0.159526332814629	0.217790197892309	1	0.300295389224639	1	1	1
chr11	93465215	93465569	Ultra-Sensitive	1	0.298044512927296	1	1	1	1	1
chr11	94659285	94659852	Ultra-Sensitive	0.108003208603783	0.136883323884296	1	1	1	1	1
chr11	9482137	9482708	Ultra-Sensitive	1	0.469899916020554	1	1	1	1	1
chr11	9587676	9588046	Ultra-Sensitive	1	1	1	1	1	1	1
chr1	197090927	197091044	Ultra-Sensitive	1	0.127912050645709	1	1	1	1	1
chr1	197091173	197091288	Ultra-Sensitive	1	0.125870513874973	1	1	1	1	1
chr11	98000804	98001367	Ultra-Sensitive	0.15090969035771	0.69219718079448	1	0.406307396796722	1	1	1
chr1	200348488	200349054	Ultra-Sensitive	1	1	1	1	1	1	1
chr1	204475466	204475837	Ultra-Sensitive	1	1	0.0778815906709927	1	1	1	0.0353136045396412
chr1	204475685	204476437	Ultra-Sensitive	1	0.041115252042213	0.151483998106918	1	1	1	1
chr1	204476057	204476448	Ultra-Sensitive	1	0.0592322123856931	1	1	1	1	1
chr1	204476068	204476626	Ultra-Sensitive	1	0.108281743206751	1	1	1	1	1
chr1	206785538	206785639	Ultra-Sensitive	1	1	1	1	1	1	1
chr1	206785695	206785976	Ultra-Sensitive	1	1	1	1	1	1	1
chr1	207478018	207478469	Ultra-Sensitive	1	0.309365793756514	1	1	1	1	1
chr1	207501493	207502098	Ultra-Sensitive	0.142576710124675	1	1	1	1	1	1
chr12	102329581	102330171	Ultra-Sensitive	1	1	0.122736948429295	1	1	1	1
chr12	104531860	104532183	Ultra-Sensitive	1	1	1	1	1	1	1
chr12	104531865	104532141	Ultra-Sensitive	1	1	1	1	1	1	1
chr12	109915229	109915560	Ultra-Sensitive	1	0.306871510660435	1	1	1	1	1
chr12	112279635	112279974	Ultra-Sensitive	1	1	1	1	1	1	1
chr12	112279658	112279961	Ultra-Sensitive	1	1	1	1	1	1	1
chr12	115374619	115375270	Ultra-Sensitive	1	1	1	0.299310191813046	1	1	1
chr12	120729162	120729720	Ultra-Sensitive	0.0895136445311731	0.108389272564895	1	0.125269342615563	1	1	1
chr12	120729251	120729676	Ultra-Sensitive	0.0689440974949891	0.0685203991011202	1	0.0969569672328755	1	1	1
chr12	120883945	120884028	Ultra-Sensitive	1	1	1	1	1	1	1
chr12	120884175	120884283	Ultra-Sensitive	1	0.102210246467728	1	1	1	1	1
chr12	120884364	120884411	Ultra-Sensitive	1	1	1	1	1	1	1
chr12	120884364	120884423	Ultra-Sensitive	1	1	1	1	1	1	1
chr12	123459089	123459798	Ultra-Sensitive	1	1	0.106516626358723	1	1	1	1
chr12	123459116	123459798	Ultra-Sensitive	1	1	1	1	1	1	1
chr12	125406190	125406582	Ultra-Sensitive	1	0.0553664572040547	1	0.0988501808777313	1	1	1
chr12	125411819	125412676	Ultra-Sensitive	1	0.051089773079912	1	1	1	1	1
chr12	125411830	125412670	Ultra-Sensitive	1	0.0486855123252003	1	1	1	1	1
chr12	125424091	125424678	Ultra-Sensitive	0.101366382785182	1	1	0.144222361098447	1	1	1
chr12	125424111	125424656	Ultra-Sensitive	0.0944728001045759	1	1	0.134652562996352	1	1	1
chr12	130825701	130826532	Ultra-Sensitive	1	1	0.351859110461159	1	1	1	1
chr12	131249610	131250087	Ultra-Sensitive	1	0.478301594311291	1	1	1	1	1
chr12	132195215	132195716	Ultra-Sensitive	1	1	1	0.266363265565943	0.0236677272746077	1	1
chr12	132628841	132629033	Ultra-Sensitive	1	1	1	1	1	1	1
chr12	17250475	17250833	Ultra-Sensitive	1	1	1	1	1	1	1
chr1	220699718	220700061	Ultra-Sensitive	1	1	1	0.117827226442113	1	1	1
chr12	22421339	22421870	Ultra-Sensitive	1	1	1	1	1	1	1
chr1	222638163	222638506	Ultra-Sensitive	1	1	1	1	1	1	1
chr12	2364801	2365216	Ultra-Sensitive	1	1	1	1	1	1	1
chr12	26473209	26473821	Ultra-Sensitive	1	1	1	1	1	1	1
chr1	227884120	227885559	Ultra-Sensitive	0.267349604677251	0.759372466416703	1	1	1	1	1
chr1	231081799	231082238	Ultra-Sensitive	1	1	0.100279521068402	1	1	1	1
chr1	231560659	231560938	Ultra-Sensitive	1	1	1	1	1	1	1
chr12	31603232	31603769	Ultra-Sensitive	1	1	0.0990775436819843	0.155926378870994	1	1	1
chr12	31881845	31881904	Ultra-Sensitive	1	1	1	1	1	1	1
chr12	31881886	31881904	Ultra-Sensitive	1	1	1	1	1	1	1
chr12	31881942	31882276	Ultra-Sensitive	1	0.294993570420183	1	1	1	1	1
chr12	31881942	31882294	Ultra-Sensitive	1	0.30812981002228	1	1	1	1	1
chr1	232837268	232837772	Ultra-Sensitive	1	1	1	1	1	1	1
chr1	234912450	234913314	Ultra-Sensitive	1	1	1	1	1	1	0.00682539313943291
chr1	235110861	235111214	Ultra-Sensitive	1	1	1	1	1	1	1
chr12	46121257	46121648	Ultra-Sensitive	0.0765258566998977	1	1	1	1	1	1
chr12	46121312	46121640	Ultra-Sensitive	1	1	1	1	1	1	1
chr12	46763675	46764088	Ultra-Sensitive	1	0.32315184255848	1	1	1	1	1
chr12	46825378	46825923	Ultra-Sensitive	1	1	1	1	1	1	1
chr1	247319688	247319870	Ultra-Sensitive	1	1	1	1	1	1	1
chr12	48499815	48500356	Ultra-Sensitive	1	1	1	1	1	1	1
chr12	51180492	51180939	Ultra-Sensitive	1	0.380134416508815	1	1	1	1	1
chr12	52445170	52446148	Ultra-Sensitive	1	1	0.192232872319514	1	1	1	1
chr12	52445249	52446588	Ultra-Sensitive	1	1	0.253338417148841	1	1	1	1
chr12	53773262	53773910	Ultra-Sensitive	1	1	1	1	1	1	1
chr12	56367382	56367892	Ultra-Sensitive	1	0.0867056397423482	1	0.0823204753970177	1	1	1
chr12	56583959	56584297	Ultra-Sensitive	0.00181586189752363	0.00000000272980218987023	1	1	1	1	1
chr12	57039747	57040132	Ultra-Sensitive	1	0.328402177969329	1	1	1	1	1
chr12	61457479	61457893	Ultra-Sensitive	1	1	1	1	1	1	1
chr12	6752495	6752704	Ultra-Sensitive	1	1	1	1	1	1	1
chr12	6752837	6753289	Ultra-Sensitive	1	1	1	1	1	1	1
chr12	6753771	6754063	Ultra-Sensitive	1	1	1	1	1	1	1
chr12	75905279	75905292	Ultra-Sensitive	1	1	1	1	1	1	1
chr12	75905377	75905586	Ultra-Sensitive	1	1	1	1	1	1	1
chr12	8149146	8149704	Ultra-Sensitive	1	0.00460508450535534	1	0.182209719140609	1	1	1
chr12	82751801	82752001	Ultra-Sensitive	1	1	0.0886724652563551	1	1	1	1
chr12	82752155	82752344	Ultra-Sensitive	1	1	1	1	1	1	1
chr12	87120168	87120772	Ultra-Sensitive	0.00964256534214602	1	1	1	1	1	1
chr1	28975049	28975405	Ultra-Sensitive	0.0684966760627437	0.055589375832465	1	1	0.00992327766897355	1	1
chr1	28975064	28975535	Ultra-Sensitive	0.0895909829080667	0.0899061351917413	1	1	0.0131074089392092	1	1
chr12	95432	95649	Ultra-Sensitive	1	1	1	1	1	1	1
chr12	95433	95649	Ultra-Sensitive	1	1	1	1	1	1	1
chr12	96429576	96429976	Ultra-Sensitive	1	0.327511743287699	1	1	1	1	1
chr12	9842145	9843002	Ultra-Sensitive	1	0.582766271453188	0.150262841652665	1	0.0430495492283915	1	1
chr12	98897058	98897451	Ultra-Sensitive	1	1	1	1	1	1	1
chr12	98897817	98898201	Ultra-Sensitive	0.00287482552669386	1	0.129605715296832	0.017691250213936	1	1	1
chr13	110378485	110379018	Ultra-Sensitive	1	0.535998111831997	1	1	1	1	1
chr13	20370318	20370673	Ultra-Sensitive	1	0.333850608766746	1	1	1	1	1
chr13	25752067	25752607	Ultra-Sensitive	1	1	1	1	1	1	1
chr13	28033551	28034216	Ultra-Sensitive	0.11852996772937	1	0.000535420949158571	0.192326384254084	1	1	1
chr13	28033556	28034212	Ultra-Sensitive	0.117024912375763	1	0.000514787528516719	0.189995247512873	1	1	1
chr13	28033557	28034148	Ultra-Sensitive	0.106077402283496	1	0.000380747060796438	0.172952441745942	1	1	1
chr13	41634773	41635128	Ultra-Sensitive	0.0593896856594165	0.00579066474477535	1	1	1	1	1
chr13	45491985	45492330	Ultra-Sensitive	0.00189883353329076	1	1	1	1	1	1
chr13	49547644	49548359	Ultra-Sensitive	1	0.000530573363473545	0.128373126501035	1	1	1	1
chr13	61984395	61984808	Ultra-Sensitive	1	1	1	1	1	1	1
chr13	63621330	63621993	Ultra-Sensitive	1	1	1	1	1	1	1
chr13	63624775	63625393	Ultra-Sensitive	1	1	0.331124733193881	0.0203973003199196	1	1	0.11939379129598
chr13	63625320	63625962	Ultra-Sensitive	1	1	1	1	1	1	1
chr13	63630061	63630767	Ultra-Sensitive	1	1	0.368251912815682	1	1	1	0.135166682563048
chr13	63633026	63633859	Ultra-Sensitive	1	0.827532241069843	1	1	1	1	0.157421638138072
chr13	63634732	63635262	Ultra-Sensitive	1	1	1	1	1	1	1
chr13	63644500	63645038	Ultra-Sensitive	1	1	1	1	1	1	1
chr13	73790330	73790962	Ultra-Sensitive	1	0.456220215059739	1	1	1	1	1
chr13	95201809	95202186	Ultra-Sensitive	1	1	1	0.00687720521352916	1	1	1
chr13	96819537	96819930	Ultra-Sensitive	0.0720080067917676	0.355816741218752	1	1	1	1	1
chr14	102783224	102783575	Ultra-Sensitive	1	1	1	1	1	1	1
chr14	106322617	106326857	Ultra-Sensitive	1	0.634808649535178	1	1	1	1	0.00000125707730751674
chr14	19793707	19794726	Ultra-Sensitive	1	0.0265988976972119	1	1	1	1	0.268900521183135
chr14	20811386	20811772	Ultra-Sensitive	0.113480053315651	1	1	0.199492867528564	1	1	0.112117464241527
chr14	20811394	20811800	Ultra-Sensitive	0.11899067969452	1	1	0.208638397853675	1	1	0.117563263047023
chr14	21737654	21737956	Ultra-Sensitive	1	1	1	1	1	1	1
chr14	23398698	23399072	Ultra-Sensitive	0.0718786059732689	1	0.0697685439014479	1	1	1	1
chr14	23938602	23938924	Ultra-Sensitive	0.062207224355773	1	1	1	1	1	1
chr14	23938936	23939116	Ultra-Sensitive	1	1	1	1	1	1	1
chr14	24583215	24583960	Ultra-Sensitive	0.131235825657207	1	1	1	1	1	1
chr14	24583260	24583917	Ultra-Sensitive	0.116691275080427	1	1	1	1	1	1
chr14	32671023	32671417	Ultra-Sensitive	1	1	0.146253548947984	1	1	1	1
chr14	32671043	32671420	Ultra-Sensitive	1	1	0.140414312217456	1	1	1	1
chr14	32672292	32672726	Ultra-Sensitive	1	0.4539101559756	1	1	1	1	1
chr14	32672294	32672709	Ultra-Sensitive	1	0.439290104220258	1	1	1	1	1
chr1	45186975	45187622	Ultra-Sensitive	1	0.470609938167396	1	1	1	1	1
chr14	55878540	55878720	Ultra-Sensitive	1	1	1	1	1	1	1
chr14	56093178	56093627	Ultra-Sensitive	1	0.332434436850384	1	1	1	1	1
chr14	69263078	69263445	Ultra-Sensitive	1	1	1	1	1	1	1
chr14	70465722	70466685	Ultra-Sensitive	1	1	1	1	1	1	1
chr14	70826318	70826634	Ultra-Sensitive	1	1	1	1	1	1	1
chr14	71067197	71067332	Ultra-Sensitive	1	1	1	1	1	1	1
chr14	71067354	71067451	Ultra-Sensitive	1	1	1	1	1	1	1
chr14	73322258	73322539	Ultra-Sensitive	1	1	1	1	1	1	1
chr14	75748935	75749456	Ultra-Sensitive	1	1	1	1	1	1	1
chr14	75749886	75750424	Ultra-Sensitive	0.0863461743734742	0.0953897861722966	1	1	1	1	1
chr14	76073831	76074305	Ultra-Sensitive	1	0.000123615700899122	1	1	1	1	1
chr14	88237438	88237992	Ultra-Sensitive	1	0.515915460704266	1	0.232992184730844	1	1	1
chr14	88237440	88237981	Ultra-Sensitive	1	0.50762883324341	1	0.228220864707734	1	1	1
chr14	88237445	88237983	Ultra-Sensitive	1	0.505696306400036	1	0.227115461538616	1	1	1
chr15	20597854	20598167	Ultra-Sensitive	1	0.0965818484895829	1	1	1	1	1
chr15	20616277	20616643	Ultra-Sensitive	1	0.0000460971295449491	1	1	1	1	1
chr15	21939607	21940232	Ultra-Sensitive	1	0.64418305744786	1	1	1	1	0.172053088296324
chr15	25296310	25297181	Ultra-Sensitive	1	1	1	0.432796457307507	1	1	1
chr15	25301450	25302876	Ultra-Sensitive	1	0.108409141568781	1	0.602914744907234	1	1	0.0366700865513566
chr15	25306702	25308450	Ultra-Sensitive	0.370316620203189	0.0907373497594953	0.449556533398741	0.11212139616888	1	1	1
chr15	25312094	25319145	Ultra-Sensitive	0.289129732162558	0.127388023248074	0.226558607841389	0.934069794008878	0.288866018427915	1	0.427852240737537
chr15	40401057	40401487	Ultra-Sensitive	1	1	1	1	0.00992376180871648	1	1
chr15	40401067	40401570	Ultra-Sensitive	1	1	1	1	0.0115985333630785	1	1
chr15	40885933	40886315	Ultra-Sensitive	1	1	1	0.0733190782072781	1	1	1
chr15	40885959	40886309	Ultra-Sensitive	1	1	1	0.0673950904791321	1	1	1
chr15	41694583	41694938	Ultra-Sensitive	1	1	1	1	1	1	1
chr15	43398021	43398139	Ultra-Sensitive	1	1	1	1	1	1	1
chr15	43398220	43398373	Ultra-Sensitive	1	1	1	0.025490079080898	1	1	1
chr15	45490707	45490969	Ultra-Sensitive	0.0489290806655556	1	1	1	1	1	1
chr15	45490716	45490969	Ultra-Sensitive	0.047289267806978	1	1	1	1	1	1
chr15	45492507	45492924	Ultra-Sensitive	0.0767254257500012	0.324706903070105	1	0.0965552454713337	1	1	1
chr15	45492520	45492924	Ultra-Sensitive	0.0744261077624634	0.31640426892809	1	0.0936948773307358	1	1	1
chr15	45493069	45493495	Ultra-Sensitive	0.00319327671105573	1	1	1	1	1	1
chr15	45493069	45493499	Ultra-Sensitive	0.0032518309268399	1	1	1	1	1	1
chr15	50148118	50148429	Ultra-Sensitive	1	1	1	1	1	1	1
chr15	50414420	50414924	Ultra-Sensitive	1	1	1	1	1	1	1
chr15	59527402	59527885	Ultra-Sensitive	0.0753023365773945	1	0.0992512514311358	1	1	1	1
chr15	59548758	59549133	Ultra-Sensitive	1	1	1	1	1	1	1
chr15	59591233	59591565	Ultra-Sensitive	1	1	1	1	1	1	1
chr15	64679801	64680062	Ultra-Sensitive	1	0.234905461650439	1	1	1	1	1
chr15	64680163	64680180	Ultra-Sensitive	1	1	1	1	1	1	1
chr15	65588190	65588784	Ultra-Sensitive	0.091985135942623	0.446994060894272	0.00421756866301497	1	1	1	1
chr15	65588359	65588856	Ultra-Sensitive	0.0775720559658555	1	0.0758077500035099	1	1	1	1
chr15	65596952	65597674	Ultra-Sensitive	0.110655584484204	1	0.108188508971768	1	1	1	1
chr15	65597003	65597407	Ultra-Sensitive	0.0635354615192555	1	0.0620784912129927	1	1	1	1
chr15	66161298	66161684	Ultra-Sensitive	1	1	1	0.0908423497116038	1	1	1
chr15	66161312	66161666	Ultra-Sensitive	1	1	1	0.0836449360214627	1	1	1
chr15	68132201	68132606	Ultra-Sensitive	0.0745741013697768	0.00729645365168025	1	1	1	1	1
chr15	68132203	68132665	Ultra-Sensitive	0.0846071550583101	0.0103992742320962	1	1	1	1	1
chr15	79152686	79153079	Ultra-Sensitive	0.00403962210176453	1	1	0.129310952122883	1	1	1
chr15	89878089	89878475	Ultra-Sensitive	1	1	1	1	1	1	1
chr15	89878099	89878463	Ultra-Sensitive	1	1	1	1	1	1	1
chr15	90950293	90950812	Ultra-Sensitive	1	1	1	1	1	1	1
chr15	93347239	93347782	Ultra-Sensitive	1	1	1	1	1	1	1
chr15	93447291	93448137	Ultra-Sensitive	1	0.645408523914501	1	1	1	1	1
chr15	93448238	93448467	Ultra-Sensitive	1	1	1	0.0621227693514012	1	1	1
chr15	99440183	99440520	Ultra-Sensitive	1	1	1	1	1	1	1
chr16	10970534	10971164	Ultra-Sensitive	1	1	0.133755889170369	1	1	1	1
chr16	1358899	1359518	Ultra-Sensitive	0.13092990386055	1	1	1	1	1	1
chr16	1358991	1359495	Ultra-Sensitive	0.107993008409604	1	1	1	1	1	1
chr16	1401805	1401966	Ultra-Sensitive	1	1	1	1	1	1	1
chr16	14379555	14379917	Ultra-Sensitive	1	1	1	1	1	1	0.0434770285475844
chr16	14379588	14379931	Ultra-Sensitive	1	1	1	1	1	1	0.0412439324925326
chr16	14580731	14581146	Ultra-Sensitive	1	1	1	1	1	1	0.0496780945306715
chr16	15583001	15583706	Ultra-Sensitive	1	1	1	1	1	1	1
chr16	15684603	15685102	Ultra-Sensitive	1	0.335213209319449	1	1	1	1	1
chr16	18822114	18822942	Ultra-Sensitive	1	1	1	1	1	1	1
chr16	22206939	22207317	Ultra-Sensitive	0.0785127700527874	1	1	1	1	1	1
chr16	22206941	22207323	Ultra-Sensitive	0.0793092782001857	1	1	1	1	1	1
chr16	22308236	22308612	Ultra-Sensitive	1	1	1	0.0976011499652457	1	1	1
chr16	22308248	22308629	Ultra-Sensitive	1	1	1	0.0988308579831754	1	1	1
chr16	22309761	22310150	Ultra-Sensitive	1	1	1	1	1	1	0.0489899400755293
chr16	22642700	22643219	Ultra-Sensitive	1	0.0832952494759965	0.107334172517604	1	1	1	1
chr16	22659019	22659703	Ultra-Sensitive	0.137473036063665	0.465023756516125	1	1	1	1	1
chr16	22659426	22660288	Ultra-Sensitive	1	0.188013623997787	0.171796808889749	1	1	1	1
chr16	30381923	30382508	Ultra-Sensitive	1	1	1	1	1	1	1
chr16	3200479	3200854	Ultra-Sensitive	0.0662956233717554	1	1	0.0858567558170933	1	1	0.0444958587988003
chr16	3200490	3200845	Ultra-Sensitive	0.0628750597912449	1	1	0.0814750368105331	1	1	0.0421747087100663
chr16	3202713	3203052	Ultra-Sensitive	1	0.309545086358179	1	0.0779541094101979	1	1	1
chr16	3207312	3207682	Ultra-Sensitive	1	0.332501727795305	1	1	1	1	1
chr16	34680816	34681343	Ultra-Sensitive	1	0.453815319603362	1	1	1	1	1
chr16	34681781	34682193	Ultra-Sensitive	1	0.0127095997322349	1	1	1	1	1
chr16	34682256	34682298	Ultra-Sensitive	1	1	1	1	1	1	1
chr16	420468	420838	Ultra-Sensitive	1	1	1	1	1	1	1
chr16	420477	420834	Ultra-Sensitive	1	1	1	1	1	1	1
chr16	57333672	57334016	Ultra-Sensitive	1	0.271054657774637	1	0.0651026844304618	1	1	1
chr16	57334298	57334687	Ultra-Sensitive	0.0000457318092855201	1	1	1	1	1	1
chr16	57334301	57334690	Ultra-Sensitive	0.0000457318092855201	1	1	1	1	1	1
chr16	67225695	67226130	Ultra-Sensitive	0.0876490633688744	1	1	1	1	1	1
chr16	67225772	67226130	Ultra-Sensitive	0.0727220135658811	1	1	1	1	1	1
chr16	68596601	68596946	Ultra-Sensitive	1	1	1	1	1	1	1
chr16	68598638	68599338	Ultra-Sensitive	1	1	1	1	1	1	1
chr16	686638	687014	Ultra-Sensitive	1	0.0405565277163972	1	1	1	1	0.0642372364652633
chr16	686649	687003	Ultra-Sensitive	1	0.0363886840754098	1	1	1	1	0.0605976871774308
chr16	69599612	69599981	Ultra-Sensitive	1	1	1	0.0629053689999799	1	1	1
chr16	69599617	69599992	Ultra-Sensitive	1	1	1	0.0638938946506823	1	1	1
chr16	70812908	70813218	Ultra-Sensitive	1	1	1	1	1	1	1
chr16	70974629	70975261	Ultra-Sensitive	1	1	1	0.00983340879550791	1	1	1
chr16	70997992	70998418	Ultra-Sensitive	1	0.363474856948571	1	1	1	1	1
chr16	71075866	71076338	Ultra-Sensitive	0.00500571204558237	1	1	1	1	1	1
chr16	71076462	71076938	Ultra-Sensitive	1	0.482285620419794	1	1	1	1	1
chr16	71106103	71106538	Ultra-Sensitive	1	1	1	1	1	1	1
chr16	71132576	71133079	Ultra-Sensitive	1	0.501207001677712	1	1	1	1	1
chr16	71146838	71147099	Ultra-Sensitive	1	0.303321005439366	1	1	1	1	1
chr16	71481989	71481998	Ultra-Sensitive	1	1	1	1	1	1	1
chr16	75228114	75228504	Ultra-Sensitive	1	1	1	1	1	1	1
chr16	80871508	80872000	Ultra-Sensitive	1	1	1	1	1	1	1
chr16	87328927	87329282	Ultra-Sensitive	1	1	1	1	1	1	1
chr17	17875684	17876208	Ultra-Sensitive	1	0.366690995100033	1	1	1	1	0.0730444337593733
chr17	21231530	21232824	Ultra-Sensitive	1	0.677747221638031	0.264388443747176	0.0659188408558028	1	1	1
chr17	21304989	21306486	Ultra-Sensitive	1	1	1	0.377610626429038	1	1	0.326884749516739
chr17	26368278	26368831	Ultra-Sensitive	1	1	1	0.13491265615191	1	1	0.0665056514231523
chr17	27051911	27052249	Ultra-Sensitive	1	0.31162806329087	1	1	1	1	1
chr17	30325675	30325676	Ultra-Sensitive	1	1	1	1	1	1	1
chr17	30326019	30326195	Ultra-Sensitive	1	1	1	1	1	1	1
chr17	36404532	36405285	Ultra-Sensitive	1	0.155117128814762	1	1	1	1	1
chr17	36907949	36908314	Ultra-Sensitive	0.0700928912086345	0.0459530480663605	0.0496811976292174	1	1	1	0.0542307502570042
chr17	36981413	36981418	Ultra-Sensitive	1	1	1	1	1	1	1
chr17	36981436	36981789	Ultra-Sensitive	1	1	1	1	1	1	1
chr17	37025467	37025818	Ultra-Sensitive	1	1	1	1	1	1	1
chr17	37309882	37310268	Ultra-Sensitive	1	1	1	0.0689635373545183	1	1	1
chr17	37617435	37617790	Ultra-Sensitive	1	1	0.0654320117681935	1	1	1	1
chr17	39646904	39647273	Ultra-Sensitive	1	1	1	1	1	1	1
chr17	40540465	40540964	Ultra-Sensitive	1	1	1	1	1	1	1
chr17	40540548	40540957	Ultra-Sensitive	1	1	1	1	1	1	1
chr17	40925259	40925493	Ultra-Sensitive	1	1	1	1	1	1	1
chr17	40925546	40925567	Ultra-Sensitive	1	1	1	1	1	1	1
chr17	41393162	41393668	Ultra-Sensitive	1	0.420102537150642	0.0793973588701695	1	1	1	0.0702370102967906
chr17	41399737	41401304	Ultra-Sensitive	0.275744610928771	1	1	1	1	1	1
chr17	41399768	41401335	Ultra-Sensitive	0.275744610928771	1	1	1	1	1	1
chr17	41399876	41401288	Ultra-Sensitive	0.252309164791016	1	1	1	1	1	1
chr17	41437745	41438757	Ultra-Sensitive	1	0.025820351815117	0.152420903084128	0.153104809827418	1	1	1
chr17	41438194	41438773	Ultra-Sensitive	1	0.00401370207944553	1	0.0907845422152846	1	1	1
chr17	41445001	41445508	Ultra-Sensitive	1	1	1	1	1	1	1
chr17	41445105	41445447	Ultra-Sensitive	1	1	1	1	1	1	1
chr17	44210281	44210780	Ultra-Sensitive	1	1	1	1	1	1	1
chr17	44227400	44228294	Ultra-Sensitive	1	1	1	1	1	1	1
chr17	44234778	44235483	Ultra-Sensitive	1	1	1	0.133483096447514	1	1	1
chr17	44243892	44244305	Ultra-Sensitive	1	1	1	1	1	1	1
chr17	44271545	44272301	Ultra-Sensitive	0.107129538156275	0.36404889675255	1	1	1	1	1
chr17	45212730	45214517	Ultra-Sensitive	1	0.805735993607719	0.0000013607355538671	0.324499878646222	1	1	1
chr17	45212732	45214517	Ultra-Sensitive	1	0.805381880414167	0.00000135206610471574	0.3242048869544	1	1	1
chr17	45212753	45214517	Ultra-Sensitive	1	0.801624157802613	0.00000126372660762765	0.321099461778713	1	1	1
chr17	45212758	45214517	Ultra-Sensitive	1	0.800718728905979	0.00000124340380842048	0.320357913630986	1	1	1
chr17	45212760	45214517	Ultra-Sensitive	1	0.800355391461768	0.00000123534975337558	0.320061061125341	1	1	1
chr17	45214726	45214885	Ultra-Sensitive	1	1	0.000405713689380436	1	1	1	1
chr17	45214726	45214887	Ultra-Sensitive	1	1	0.000415882659392234	1	1	1	1
chr17	45214726	45214892	Ultra-Sensitive	1	1	0.000441844415856895	1	1	1	1
chr17	45214726	45214897	Ultra-Sensitive	1	1	0.000468575494534225	1	1	1	1
chr17	45216005	45216104	Ultra-Sensitive	1	1	1	1	1	1	1
chr17	45216257	45216370	Ultra-Sensitive	1	0.0990346105923854	1	1	1	1	1
chr17	45219074	45219218	Ultra-Sensitive	1	1	1	1	1	1	1
chr17	45219077	45219218	Ultra-Sensitive	1	1	1	1	1	1	1
chr17	45219391	45219445	Ultra-Sensitive	1	1	1	1	1	1	1
chr17	45219391	45219542	Ultra-Sensitive	1	1	1	1	1	1	1
chr17	45221085	45221248	Ultra-Sensitive	1	1	1	1	1	1	1
chr17	45221094	45221248	Ultra-Sensitive	1	1	1	1	1	1	1
chr17	45221348	45221457	Ultra-Sensitive	1	1	1	1	1	1	1
chr17	45221348	45221459	Ultra-Sensitive	1	1	1	1	1	1	1
chr17	45234129	45234278	Ultra-Sensitive	1	1	1	1	1	1	1
chr17	45234165	45234278	Ultra-Sensitive	1	1	1	1	1	1	1
chr17	45234490	45234575	Ultra-Sensitive	1	1	1	1	1	1	1
chr17	45234490	45234595	Ultra-Sensitive	1	1	1	1	1	1	1
chr17	45235409	45235571	Ultra-Sensitive	1	1	1	1	1	1	1
chr17	45235410	45235571	Ultra-Sensitive	1	1	1	1	1	1	1
chr17	45235420	45235571	Ultra-Sensitive	1	1	1	1	1	1	1
chr17	45235669	45235786	Ultra-Sensitive	1	1	1	1	1	1	1
chr17	45235669	45235825	Ultra-Sensitive	1	1	1	1	1	1	1
chr17	45235669	45235828	Ultra-Sensitive	1	1	1	1	1	1	1
chr17	45249129	45249282	Ultra-Sensitive	1	1	1	1	1	1	1
chr17	45249141	45249282	Ultra-Sensitive	1	1	1	1	1	1	1
chr17	45249143	45249282	Ultra-Sensitive	1	1	1	1	1	1	1
chr17	45249430	45249516	Ultra-Sensitive	1	1	1	1	1	1	1
chr17	45249430	45249523	Ultra-Sensitive	1	1	1	1	1	1	1
chr17	45249430	45249524	Ultra-Sensitive	1	1	1	1	1	1	1
chr17	45258770	45258927	Ultra-Sensitive	1	1	1	1	1	1	1
chr17	45259003	45259155	Ultra-Sensitive	1	1	1	1	1	1	1
chr17	45973072	45973652	Ultra-Sensitive	0.107299354528412	1	1	1	1	1	1
chr17	45973145	45973652	Ultra-Sensitive	0.094463930872664	1	1	1	1	1	1
chr17	45973659	45973833	Ultra-Sensitive	1	1	1	1	1	1	1
chr17	45973659	45973862	Ultra-Sensitive	1	1	1	1	1	1	1
chr17	47269654	47270051	Ultra-Sensitive	1	0.0808443019812959	1	1	1	1	1
chr17	47785306	47785437	Ultra-Sensitive	1	1	1	1	1	1	1
chr17	47785526	47785702	Ultra-Sensitive	1	1	1	1	1	1	1
chr17	56063172	56063729	Ultra-Sensitive	1	0.126681351025333	1	1	1	1	1
chr17	56708718	56709170	Ultra-Sensitive	1	1	1	1	1	1	1
chr17	56708728	56709238	Ultra-Sensitive	1	1	1	1	1	1	0.0627950772326825
chr17	56736172	56736756	Ultra-Sensitive	1	0.0279969204549938	0.112198489450667	0.153594657629977	0.0202591660773522	1	0.0715652414712896
chr17	56736233	56736730	Ultra-Sensitive	1	0.0185267378987371	0.0963282672986913	0.132348512574172	0.0172677399025239	1	0.0612456372380708
chr17	57287169	57287412	Ultra-Sensitive	0.0653401962653151	1	1	1	1	1	1
chr17	57914995	57915655	Ultra-Sensitive	1	1	1	1	1	1	1
chr17	57915758	57915921	Ultra-Sensitive	1	1	1	1	1	1	1
chr17	57916887	57917128	Ultra-Sensitive	1	1	1	0.0490992183811419	1	1	1
chr17	57917269	57917565	Ultra-Sensitive	1	1	1	1	1	1	1
chr17	57920528	57920970	Ultra-Sensitive	0.115614127762308	1	1	1	1	1	1
chr17	57922982	57923354	Ultra-Sensitive	0.0982503072433523	0.377973172070838	1	0.074740799191467	1	1	1
chr17	57923769	57924291	Ultra-Sensitive	1	1	1	1	1	1	1
chr17	59491508	59491612	Ultra-Sensitive	1	1	1	1	1	1	1
chr17	61677972	61678362	Ultra-Sensitive	0.083123947213267	1	1	1	1	1	1
chr17	66015915	66016298	Ultra-Sensitive	1	1	0.0692771080995482	0.108142378988695	1	1	1
chr17	71912906	71913272	Ultra-Sensitive	1	0.303455464233559	1	1	1	1	1
chr17	73029789	73030149	Ultra-Sensitive	1	0.297748466289667	1	1	1	1	1
chr17	73663213	73663452	Ultra-Sensitive	1	1	1	1	1	1	1
chr17	73663558	73663787	Ultra-Sensitive	1	0.201455521595552	1	1	1	1	1
chr17	76164393	76164697	Ultra-Sensitive	1	1	1	1	1	1	1
chr17	76971038	76971355	Ultra-Sensitive	1	1	1	1	1	1	1
chr17	76971099	76971425	Ultra-Sensitive	1	1	1	1	1	1	1
chr17	8042702	8043020	Ultra-Sensitive	1	1	1	1	1	1	1
chr17	80452517	80452881	Ultra-Sensitive	1	1	1	0.078315788250051	1	1	0.0809325113951735
chr17	8076270	8076947	Ultra-Sensitive	1	1	1	0.175576539522395	1	1	1
chr17	8076347	8077020	Ultra-Sensitive	1	1	1	0.174638131263565	1	1	1
chr17	8089470	8091054	Ultra-Sensitive	1	0.0393473370160296	1	0.0773024772010276	1	1	1
chr17	8129495	8130515	Ultra-Sensitive	1	0.68907424623762	0.146836313791543	0.252098182117101	1	1	1
chr1	78469988	78470483	Ultra-Sensitive	1	1	0.101131456684485	1	1	1	1
chr17	9666942	9667453	Ultra-Sensitive	0.102236108663319	1	1	1	1	1	0.0626092737763403
chr17	9741185	9741744	Ultra-Sensitive	1	0.172653936553929	1	1	1	1	1
chr18	15409264	15409846	Ultra-Sensitive	1	1	1	9.98219250064827e-23	1	1	0.180282581824703
chr1	822906	823571	Ultra-Sensitive	1	1	1	0.0117294349135451	1	1	1
chr18	3602991	3603801	Ultra-Sensitive	0.163432596817561	0.0115015611361783	1	1	1	1	1
chr18	47018780	47019175	Ultra-Sensitive	1	1	0.0627598943481046	1	1	1	1
chr18	47018808	47019259	Ultra-Sensitive	1	1	0.071329006468545	1	1	1	1
chr1	85986363	85986972	Ultra-Sensitive	1	1	1	1	1	1	1
chr1	85999233	85999754	Ultra-Sensitive	1	1	1	1	1	1	1
chr19	1021201	1021981	Ultra-Sensitive	0.130127483417528	1	0.0766555728849471	0.198572649712485	1	1	1
chr19	1021262	1021709	Ultra-Sensitive	0.0768149137075872	1	0.0446848179267253	0.119291505788284	1	1	1
chr19	10828121	10828750	Ultra-Sensitive	1	1	1	0.132240455390726	1	1	1
chr19	12090047	12090137	Ultra-Sensitive	1	1	1	1	1	1	1
chr19	12256000	12256114	Ultra-Sensitive	1	1	1	1	1	1	1
chr19	12298813	12299133	Ultra-Sensitive	1	1	1	1	1	1	1
chr19	12904018	12905977	Ultra-Sensitive	0.369492951227717	0.000000289911587672525	1	0.3401851863707	1	1	0.275997103971881
chr19	1383258	1383722	Ultra-Sensitive	0.0796151909390907	1	1	1	1	1	1
chr19	1383290	1383736	Ultra-Sensitive	0.0766499226861299	1	1	1	1	1	1
chr19	14117048	14117782	Ultra-Sensitive	1	1	1	1	1	1	1
chr19	20116780	20116816	Ultra-Sensitive	1	1	1	1	1	1	1
chr19	20118084	20118102	Ultra-Sensitive	1	1	1	1	1	1	1
chr19	20230166	20230177	Ultra-Sensitive	1	1	1	1	1	1	1
chr19	21565989	21567947	Ultra-Sensitive	0.379883049655458	0.510860599849346	1	1	0.0823055352202858	1	1
chr19	22153960	22153995	Ultra-Sensitive	1	1	1	1	1	1	1
chr19	23965181	23965548	Ultra-Sensitive	1	1	1	0.216705928080693	1	1	1
chr19	2933383	2933489	Ultra-Sensitive	1	1	1	1	1	1	1
chr19	30096984	30097225	Ultra-Sensitive	1	1	1	1	1	1	1
chr19	30097232	30097340	Ultra-Sensitive	1	1	1	1	1	1	1
chr19	33667755	33668131	Ultra-Sensitive	1	1	1	0.0903182280529531	1	1	1
chr19	35249300	35249941	Ultra-Sensitive	1	1	1	1	1	1	1
chr19	35251464	35251849	Ultra-Sensitive	1	1	1	1	1	1	1
chr19	36119748	36120055	Ultra-Sensitive	1	0.040087783017271	0.0523679433986348	1	1	1	1
chr19	37129147	37129557	Ultra-Sensitive	1	1	1	1	1	1	1
chr19	37903440	37903501	Ultra-Sensitive	1	1	1	1	1	1	1
chr19	37905321	37905378	Ultra-Sensitive	1	1	1	1	1	1	1
chr19	38159126	38159984	Ultra-Sensitive	1	0.614170008620276	1	1	1	1	1
chr19	38160062	38160068	Ultra-Sensitive	1	1	1	1	1	1	1
chr19	38161049	38161375	Ultra-Sensitive	1	1	1	1	1	1	1
chr19	38229233	38229395	Ultra-Sensitive	1	1	1	1	1	1	1
chr19	39902722	39903113	Ultra-Sensitive	0.074539081826339	0.010619717899646	0.0018698160205873	1	1	1	1
chr19	39902742	39903107	Ultra-Sensitive	0.0697621716703714	0.00883182231634731	0.00163398577369611	1	1	1	1
chr19	42772780	42773420	Ultra-Sensitive	0.118342069568967	1	1	1	1	1	1
chr1	94312918	94313302	Ultra-Sensitive	1	1	1	1	1	1	1
chr1	94312942	94313289	Ultra-Sensitive	1	1	1	1	1	1	1
chr19	45981392	45982404	Ultra-Sensitive	0.0194065075691072	1	0.0103330269360663	1	1	1	1
chr19	45981763	45982169	Ultra-Sensitive	0.00340063078087548	1	0.0585219591908601	1	1	1	1
chr19	46220651	46221066	Ultra-Sensitive	1	1	1	1	1	1	1
chr19	46220668	46221054	Ultra-Sensitive	1	1	1	1	1	1	1
chr19	4723870	4724226	Ultra-Sensitive	0.00214331981903969	1	1	1	1	1	1
chr19	4723883	4724248	Ultra-Sensitive	0.00225048107779179	1	1	1	1	1	1
chr19	4724530	4724938	Ultra-Sensitive	0.0733518120005223	1	0.0550456108626123	0.00556957153574362	1	1	1
chr19	4724568	4724965	Ultra-Sensitive	0.0714476074350869	1	0.0536025329247115	0.00528401498406477	1	1	1
chr19	50561825	50562044	Ultra-Sensitive	1	1	1	1	1	1	1
chr19	53343949	53343980	Ultra-Sensitive	1	1	1	1	1	1	1
chr19	53886593	53887245	Ultra-Sensitive	1	1	1	1	1	1	1
chr19	56159110	56159756	Ultra-Sensitive	1	1	1	1	1	1	1
chr19	56159175	56159643	Ultra-Sensitive	1	1	1	1	1	1	1
chr19	56952336	56952533	Ultra-Sensitive	1	1	1	1	1	1	1
chr19	58579854	58579987	Ultra-Sensitive	1	1	1	1	1	1	1
chr19	58774117	58774948	Ultra-Sensitive	1	0.0561306799242209	1	1	1	1	1
chr19	7515055	7516034	Ultra-Sensitive	1	0.714637102556251	1	1	1	1	1
chr19	7515130	7516034	Ultra-Sensitive	1	1	1	1	1	1	1
chr19	893202	893659	Ultra-Sensitive	0.0000891298805657477	0.0711970767746496	0.0456610287771877	0.00794874189339335	1	1	0.0863920418883079
chr19	893247	893659	Ultra-Sensitive	0.0000657183412797836	0.0595012622996691	0.0412601142256361	0.00651822099117058	1	1	0.078235308402561
chr19	925350	925824	Ultra-Sensitive	1	0.361946197103008	1	1	1	1	1
chr19	925356	925828	Ultra-Sensitive	1	0.360737645896501	1	1	1	1	1
chr20	15533076	15534064	Ultra-Sensitive	1	0.38877487228198	1	0.355580953584674	1	1	1
chr20	18447831	18448118	Ultra-Sensitive	1	1	1	1	1	1	1
chr20	26188666	26190662	Ultra-Sensitive	1	1	0.00507582395441821	1	1	1	1
chr20	29628525	29628863	Ultra-Sensitive	1	1	1	1	1	1	1
chr20	29634587	29634838	Ultra-Sensitive	1	1	1	1	1	1	0.00000829974264123028
chr20	29635845	29636208	Ultra-Sensitive	1	1	1	1	1	1	1
chr20	29635857	29636353	Ultra-Sensitive	1	1	1	1	1	1	0.0691620104778959
chr20	29635873	29636701	Ultra-Sensitive	1	1	1	1	1	1	0.00675356206565202
chr20	29636118	29636652	Ultra-Sensitive	1	1	1	1	1	1	0.00289276119213331
chr20	29637065	29638093	Ultra-Sensitive	1	1	1	0.0388431048703597	1	1	0.0102049919728181
chr20	29637396	29638749	Ultra-Sensitive	1	1	1	0.0630241064918077	1	1	0.0171170823424768
chr20	29637487	29638754	Ultra-Sensitive	1	1	1	0.312373873361672	1	1	0.167095503149886
chr20	29637768	29638579	Ultra-Sensitive	1	1	1	1	1	1	0.11052458236456
chr20	29637807	29638122	Ultra-Sensitive	1	1	1	1	1	1	0.0445093499716942
chr20	29646201	29647544	Ultra-Sensitive	1	0.79857200135249	1	1	1	1	0.0168816794227532
chr20	29646281	29647214	Ultra-Sensitive	1	1	1	1	1	1	0.126034587419846
chr20	29646839	29647227	Ultra-Sensitive	1	1	1	1	1	1	0.0545315748451924
chr20	29648011	29649059	Ultra-Sensitive	1	1	1	1	1	1	0.140401223750897
chr20	29648049	29649149	Ultra-Sensitive	1	1	1	1	1	1	0.146817854216937
chr20	29649419	29651103	Ultra-Sensitive	1	1	1	1	1	1	0.215602908570476
chr20	29649618	29651146	Ultra-Sensitive	1	1	1	1	1	1	0.0214573389790179
chr20	29649621	29651028	Ultra-Sensitive	1	1	1	1	1	1	0.183714302295373
chr20	29649912	29650754	Ultra-Sensitive	1	1	1	1	1	1	0.114492155211881
chr20	29651469	29652561	Ultra-Sensitive	1	1	1	1	1	1	1
chr20	29651500	29652540	Ultra-Sensitive	1	1	1	1	1	1	1
chr20	29651562	29652219	Ultra-Sensitive	1	1	1	1	1	1	1
chr20	29651595	29652019	Ultra-Sensitive	1	1	1	1	1	1	1
chr20	29652977	29653766	Ultra-Sensitive	1	1	1	1	1	1	1
chr20	30194451	30195515	Ultra-Sensitive	1	1	0.189322463874585	1	1	1	0.142380815810876
chr20	30194996	30195966	Ultra-Sensitive	1	1	0.174167928098128	1	1	1	0.13068351966025
chr20	32319774	32319827	Ultra-Sensitive	1	1	1	1	1	1	1
chr20	32319788	32319827	Ultra-Sensitive	1	1	1	1	1	1	1
chr20	32319858	32320277	Ultra-Sensitive	1	1	1	1	1	1	1
chr20	32319858	32320300	Ultra-Sensitive	1	1	1	1	1	1	1
chr20	33544799	33545750	Ultra-Sensitive	1	1	1	1	1	1	0.101312724648894
chr20	43324358	43324975	Ultra-Sensitive	1	1	1	0.156175592784521	1	1	1
chr20	44485954	44486311	Ultra-Sensitive	1	1	0.0778537772521131	1	1	1	1
chr20	45084646	45085334	Ultra-Sensitive	1	0.00768900920625686	0.134090370751655	1	1	1	1
chr20	45085652	45085960	Ultra-Sensitive	1	1	1	1	1	1	1
chr20	48315392	48316120	Ultra-Sensitive	1	1	1	1	1	1	1
chr20	48330452	48330846	Ultra-Sensitive	1	1	1	1	1	1	1
chr20	48330491	48330880	Ultra-Sensitive	1	1	1	1	1	1	1
chr20	55689930	55691042	Ultra-Sensitive	1	0.774241269178949	1	1	0.035494210744615	1	1
chr20	61555807	61557115	Ultra-Sensitive	1	1	1	1	1	1	0.209730168909895
chr21	11054839	11055043	Ultra-Sensitive	1	1	1	1	1	1	1
chr21	11057634	11057851	Ultra-Sensitive	1	1	1	1	1	1	1
chr21	11118280	11118437	Ultra-Sensitive	1	1	1	1	1	1	1
chr21	11120560	11120999	Ultra-Sensitive	1	1	1	1	1	1	0.123021061630175
chr21	11124894	11125067	Ultra-Sensitive	1	1	1	1	1	1	1
chr21	11130267	11130790	Ultra-Sensitive	1	1	1	1	1	1	0.14473521187468
chr21	11141534	11141769	Ultra-Sensitive	1	1	1	0.109280633924734	1	1	0.00241402652164253
chr21	11145292	11145818	Ultra-Sensitive	1	1	1	1	1	1	1
chr21	11172265	11172606	Ultra-Sensitive	1	1	1	1	1	1	1
chr21	11174226	11174758	Ultra-Sensitive	1	1	1	1	1	1	0.147028851188504
chr2	11244268	11244596	Ultra-Sensitive	1	1	1	0.105116699177584	1	1	1
chr21	18429039	18429418	Ultra-Sensitive	1	1	1	1	1	1	0.0510778959552025
chr2	131094595	131094983	Ultra-Sensitive	1	0.257208016229724	1	0.123822718193565	1	1	1
chr2	133015021	133015492	Ultra-Sensitive	1	1	0.0000000000000164201042230472	1	1	1	0.0567257034639707
chr2	133016250	133017456	Ultra-Sensitive	1	0.709513915699186	1	0.0793546068533689	1	1	0.138748326273237
chr2	133016407	133017526	Ultra-Sensitive	0.182310272447917	1	1	0.0698556656632904	1	1	0.12943319742703
chr2	133018612	133021356	Ultra-Sensitive	1	1	1	0.28115134017183	1	1	0.287585766937029
chr2	133018668	133021283	Ultra-Sensitive	1	1	1	0.263320396809821	1	1	0.276181749677598
chr2	133018668	133021286	Ultra-Sensitive	1	1	1	0.263735482956878	1	1	0.276449070399491
chr2	133018672	133021282	Ultra-Sensitive	1	1	1	0.262628559957447	1	1	0.275735990464431
chr2	133018677	133021283	Ultra-Sensitive	1	1	1	0.262075067946558	1	1	0.275379180780564
chr2	133021599	133031935	Ultra-Sensitive	0.840807075143776	0.946934651005528	0.725411309192283	0.00167625910228978	1	1	0.0114004057807533
chr2	133021799	133022401	Ultra-Sensitive	1	1	1	1	1	1	1
chr2	133021799	133024659	Ultra-Sensitive	1	0.945569727106114	1	0.297133465529331	1	1	1
chr2	133021802	133031935	Ultra-Sensitive	0.835032012493963	0.940604427859441	0.715467406589971	0.00143723286401087	1	1	0.0105541110872769
chr2	133024872	133035246	Ultra-Sensitive	0.841865124522513	0.977533039396988	0.478477503748546	0.00456687799213987	1	1	0.0443355361743061
chr2	133025000	133027700	Ultra-Sensitive	1	0.762280289859147	1	0.637614038245536	1	1	0.0456465694051747
chr2	133028013	133031929	Ultra-Sensitive	0.504341039856515	1	0.257025835936426	0.00545395453598127	1	1	0.0868172646402139
chr2	133034133	133035292	Ultra-Sensitive	1	1	0.251454306213665	0.355538096796845	1	1	1
chr2	133051187	133051382	Ultra-Sensitive	1	1	1	0.0716127640517171	1	1	1
chr21	35201625	35201927	Ultra-Sensitive	1	1	1	1	1	1	1
chr21	35202049	35202527	Ultra-Sensitive	1	0.392417412415988	1	1	1	1	1
chr2	157257073	157257910	Ultra-Sensitive	1	0.58744101871344	1	1	0.041284246849669	1	1
chr2	157257093	157257909	Ultra-Sensitive	1	0.578208173692761	1	1	0.0402699167178463	1	1
chr2	191769898	191770107	Ultra-Sensitive	1	1	1	1	1	1	1
chr2	197518968	197519032	Ultra-Sensitive	1	0.0024625655429244	1	1	1	1	1
chr2	197896781	197897367	Ultra-Sensitive	0.114351376369774	0.14083052807421	1	1	1	1	1
chr21	9899899	9900408	Ultra-Sensitive	0.145185413309573	0.498549186901241	1	0.221335057285748	1	1	1
chr2	211423433	211424151	Ultra-Sensitive	1	1	0.0178749090388858	1	1	1	1
chr2	219260820	219261189	Ultra-Sensitive	1	1	1	1	1	1	1
chr22	22452766	22453155	Ultra-Sensitive	1	1	0.0683147787321555	1	1	1	1
chr22	22453216	22453247	Ultra-Sensitive	1	1	1	1	1	1	1
chr22	22492271	22492754	Ultra-Sensitive	1	0.0000105482938821562	1	0.157524874741349	1	1	0.0944861326212177
chr22	23023740	23024070	Ultra-Sensitive	1	1	1	0.0826163182598442	1	1	1
chr22	29663774	29664149	Ultra-Sensitive	1	1	1	1	1	1	1
chr22	29663789	29664190	Ultra-Sensitive	1	1	1	1	1	1	1
chr22	42471090	42471985	Ultra-Sensitive	1	1	1	1	1	1	1
chr2	27273433	27274245	Ultra-Sensitive	1	0.577663796704503	1	1	1	1	1
chr2	27273433	27274260	Ultra-Sensitive	1	0.220765030387526	1	1	1	1	1
chr2	27886549	27886619	Ultra-Sensitive	1	0.0718433559205805	1	1	1	1	1
chr2	40083865	40084225	Ultra-Sensitive	1	1	1	1	1	1	1
chr2	43037477	43037858	Ultra-Sensitive	1	1	1	1	1	0.000977802469667219	1
chr2	43037500	43037844	Ultra-Sensitive	1	1	1	1	1	0.000882888371453561	1
chr2	46727388	46727773	Ultra-Sensitive	0.0843244481792605	1	1	1	1	1	1
chr2	62957742	62958107	Ultra-Sensitive	1	0.000000000816710740051538	1	1	1	1	1
chr2	70476053	70476642	Ultra-Sensitive	0.112629887626044	1	1	1	1	1	1
chr2	91766204	91766868	Ultra-Sensitive	1	1	1	1	1	1	1
chr2	91768933	91769923	Ultra-Sensitive	1	1	1	1	1	1	1
chr2	91769237	91770908	Ultra-Sensitive	1	1	1	1	1	1	1
chr2	91770210	91771197	Ultra-Sensitive	1	1	1	1	1	1	1
chr2	91785363	91787675	Ultra-Sensitive	1	1	1	1	1	1	1
chr2	91786092	91787837	Ultra-Sensitive	1	1	1	1	1	1	1
chr2	91786141	91787951	Ultra-Sensitive	1	1	1	1	1	1	1
chr2	91788887	91789961	Ultra-Sensitive	1	0.530223145020233	1	1	1	1	1
chr2	91790274	91791733	Ultra-Sensitive	1	1	1	1	1	1	0.257778951463518
chr2	91790476	91792464	Ultra-Sensitive	1	1	1	1	1	1	0.00876489429870463
chr2	91791032	91792397	Ultra-Sensitive	1	1	1	1	1	1	0.00313567892668255
chr2	91794620	91795424	Ultra-Sensitive	1	1	1	1	1	1	1
chr2	91794638	91795942	Ultra-Sensitive	1	1	1	1	1	1	0.233972665084257
chr2	91812980	91813842	Ultra-Sensitive	1	1	1	1	1	1	1
chr2	95814464	95815029	Ultra-Sensitive	1	1	0.0739727875339861	1	1	1	1
chr2	95880035	95882041	Ultra-Sensitive	1	1	1	1	0.0404045373047612	1	1
chr2	97582342	97583069	Ultra-Sensitive	1	0.452864010788846	1	1	1	1	1
chr3	111274530	111274774	Ultra-Sensitive	0.0592807148108916	1	1	1	1	1	1
chr3	121134116	121134388	Ultra-Sensitive	1	1	1	1	1	1	1
chr3	127309327	127309870	Ultra-Sensitive	1	0.103439818261244	1	0.160351509224323	1	1	1
chr3	127309334	127309761	Ultra-Sensitive	1	0.0689418727541899	1	0.128473683977285	1	1	1
chr3	128879830	128880605	Ultra-Sensitive	1	1	1	0.00133257211084939	1	1	1
chr3	134315073	134315530	Ultra-Sensitive	1	1	0.00560479176211305	1	1	1	1
chr3	138421705	138422348	Ultra-Sensitive	0.128150540429281	1	1	1	1	1	1
chr3	145608344	145608672	Ultra-Sensitive	1	1	1	1	1	1	1
chr3	149105883	149106319	Ultra-Sensitive	1	1	1	1	1	1	1
chr3	150089689	150090089	Ultra-Sensitive	1	0.362890041086456	1	1	1	1	1
chr3	162309676	162310084	Ultra-Sensitive	1	1	1	1	1	1	1
chr3	169489806	169490198	Ultra-Sensitive	1	0.00742970622756934	0.134030187038356	1	0.0184179137670782	1	0.0501107338266783
chr3	171685090	171685581	Ultra-Sensitive	1	1	1	1	1	1	1
chr3	172467115	172467736	Ultra-Sensitive	1	1	0.171705176884176	1	1	1	1
chr3	189633906	189634279	Ultra-Sensitive	1	1	1	1	1	1	1
chr3	189655161	189656015	Ultra-Sensitive	1	1	0.190587800356093	1	1	1	1
chr3	27254008	27254303	Ultra-Sensitive	1	1	1	0.0962676716068087	1	1	1
chr3	4326642	4326941	Ultra-Sensitive	1	1	1	1	1	1	1
chr3	44612878	44612880	Ultra-Sensitive	1	1	1	1	1	1	1
chr3	44612901	44613024	Ultra-Sensitive	1	1	1	1	1	1	1
chr3	44775641	44775913	Ultra-Sensitive	1	1	1	1	1	1	1
chr3	44776726	44777003	Ultra-Sensitive	1	1	1	1	1	1	1
chr3	45730387	45730762	Ultra-Sensitive	1	0.311753112627467	1	1	1	1	1
chr3	45730401	45730766	Ultra-Sensitive	1	0.304872584081741	1	1	1	1	1
chr3	45947014	45947179	Ultra-Sensitive	1	1	1	1	1	1	1
chr3	63554468	63554849	Ultra-Sensitive	1	1	1	1	1	1	1
chr3	75731573	75732317	Ultra-Sensitive	1	0.683457527101115	1	1	1	1	1
chr3	75733398	75734276	Ultra-Sensitive	1	1	1	1	1	1	1
chr3	75736720	75738721	Ultra-Sensitive	1	1	1	0.0258173543771129	1	1	0.333380356924265
chr3	75740253	75740916	Ultra-Sensitive	1	1	1	0.0990460700900364	1	1	1
chr3	75741696	75742239	Ultra-Sensitive	1	1	1	1	1	1	1
chr3	75742997	75744059	Ultra-Sensitive	1	0.230263486435394	1	0.564553570479927	1	1	0.0206182562975614
chr3	75743759	75744113	Ultra-Sensitive	1	1	1	1	1	1	1
chr3	75747752	75748936	Ultra-Sensitive	1	1	1	0.603720143326394	1	1	1
chr3	75754760	75756392	Ultra-Sensitive	1	0.918627602387887	0.593630360054138	0.368769587584094	1	1	1
chr3	75755419	75756276	Ultra-Sensitive	1	1	1	0.489536004850062	1	1	1
chr3	75758689	75760073	Ultra-Sensitive	1	0.881270908307139	1	0.101640046001698	1	1	1
chr3	75758800	75760783	Ultra-Sensitive	1	0.808803537586846	1	0.211526323615185	1	1	1
chr3	75759347	75760103	Ultra-Sensitive	1	1	1	0.447806637459365	1	1	1
chr3	75765496	75765767	Ultra-Sensitive	1	1	1	1	1	1	1
chr3	75774946	75775437	Ultra-Sensitive	1	1	1	1	1	1	1
chr3	75779294	75779744	Ultra-Sensitive	1	1	1	1	1	1	1
chr3	75781084	75781210	Ultra-Sensitive	1	1	1	1	1	1	1
chr3	75781272	75781612	Ultra-Sensitive	1	0.409664939025845	1	1	1	1	1
chr3	75785410	75786031	Ultra-Sensitive	1	0.617451331161729	1	1	1	1	1
chr3	75788496	75789578	Ultra-Sensitive	1	0.81160210172857	1	0.571237427822566	1	1	1
chr3	75788669	75789584	Ultra-Sensitive	1	1	1	1	1	1	1
chr3	75791216	75792648	Ultra-Sensitive	1	1	1	1	1	1	1
chr3	75791666	75792575	Ultra-Sensitive	1	1	1	1	1	1	1
chr4	119890477	119890842	Ultra-Sensitive	1	0.00764868521468982	1	0.113484169540848	1	1	1
chr4	122744181	122744570	Ultra-Sensitive	1	0.384484941185544	1	1	1	1	1
chr4	154316	156376	Ultra-Sensitive	1	0.86805073018798	0.286551063456123	0.361774049027863	1	1	1
chr4	15743322	15744216	Ultra-Sensitive	1	0.647926346333008	0.172607921445247	0.253555246115877	1	1	1
chr4	17321526	17322354	Ultra-Sensitive	0.193763533103132	0.340015738929762	1	0.313391659094906	1	1	1
chr4	181893952	181894187	Ultra-Sensitive	0.0666667710435331	1	0.135012189832307	0.178899711997285	1	1	1
chr4	190484211	190484650	Ultra-Sensitive	1	1	1	0.0479089531175907	1	1	1
chr4	190494908	190495432	Ultra-Sensitive	1	1	1	1	1	1	0.120656205323832
chr4	190497945	190498570	Ultra-Sensitive	1	1	1	0.384888458993754	1	1	1
chr4	190502773	190503378	Ultra-Sensitive	1	1	1	1	1	1	0.137931348242427
chr4	190532423	190532806	Ultra-Sensitive	1	1	1	0.0375692695522077	1	1	1
chr4	190538969	190539614	Ultra-Sensitive	1	1	0.322342409090792	1	1	1	1
chr4	190555795	190556257	Ultra-Sensitive	1	0.593461208507753	1	1	1	1	1
chr4	190587067	190587463	Ultra-Sensitive	1	1	1	1	1	1	0.0926315209773663
chr4	190591919	190592440	Ultra-Sensitive	1	1	1	1	1	1	1
chr4	190593756	190594281	Ultra-Sensitive	1	1	1	0.33545504620116	1	1	1
chr4	190596421	190596705	Ultra-Sensitive	1	1	1	1	1	1	1
chr4	190603763	190604335	Ultra-Sensitive	1	1	1	1	1	1	1
chr4	190623930	190624411	Ultra-Sensitive	1	0.608177169550298	1	0.31242674959723	1	1	1
chr4	190632487	190633292	Ultra-Sensitive	0.183705831235615	1	1	1	1	1	1
chr4	190633451	190633775	Ultra-Sensitive	1	1	1	1	1	1	1
chr4	190634046	190634408	Ultra-Sensitive	1	1	1	1	1	1	1
chr4	190636899	190637572	Ultra-Sensitive	1	1	1	1	1	1	0.152165531796309
chr4	190637796	190638698	Ultra-Sensitive	1	1	1	1	1	1	1
chr4	190641482	190641951	Ultra-Sensitive	1	0.598946640782888	1	1	1	1	1
chr4	190683302	190683734	Ultra-Sensitive	1	1	1	1	1	1	1
chr4	190842332	190842978	Ultra-Sensitive	1	1	1	1	1	1	1
chr4	190842422	190843019	Ultra-Sensitive	1	1	1	1	1	1	1
chr4	26114343	26115595	Ultra-Sensitive	1	0.354996497246513	1	1	1	1	1
chr4	264235	264890	Ultra-Sensitive	1	1	1	0.133603125048171	1	1	1
chr4	42615	44190	Ultra-Sensitive	1	1	1	0.290968907017677	1	1	1
chr4	42742	44178	Ultra-Sensitive	1	1	1	0.269221746543273	1	1	1
chr4	42775	44066	Ultra-Sensitive	1	1	1	0.245803675697894	1	1	1
chr4	44606	46013	Ultra-Sensitive	1	1	1	0.00415941818369698	1	1	1
chr4	46346	47128	Ultra-Sensitive	1	1	1	1	1	1	1
chr4	46389	47152	Ultra-Sensitive	1	1	1	1	1	1	1
chr4	47645	48932	Ultra-Sensitive	1	1	1	1	1	1	1
chr4	47674	48874	Ultra-Sensitive	1	1	1	1	1	1	1
chr4	47693	48863	Ultra-Sensitive	1	1	1	1	1	1	1
chr4	47772	48943	Ultra-Sensitive	1	1	1	1	1	1	1
chr4	49172	49974	Ultra-Sensitive	1	1	1	1	1	1	0.0942122113873842
chr4	49181	50178	Ultra-Sensitive	1	1	1	1	1	1	0.115713619078324
chr4	50616	51727	Ultra-Sensitive	0.159791812978553	1	1	1	1	1	0.00876438920917028
chr4	55741	57417	Ultra-Sensitive	1	1	1	1	1	1	1
chr4	56392	57050	Ultra-Sensitive	1	1	1	1	1	1	1
chr4	56541	57726	Ultra-Sensitive	1	1	1	1	1	1	1
chr4	58427	59322	Ultra-Sensitive	1	1	1	1	1	1	1
chr4	59449	59950	Ultra-Sensitive	1	1	1	1	1	1	1
chr4	59515	59950	Ultra-Sensitive	1	1	1	1	1	1	1
chr4	60050	60247	Ultra-Sensitive	1	1	1	1	1	1	1
chr4	60293	60880	Ultra-Sensitive	1	1	1	1	1	1	1
chr4	60293	61055	Ultra-Sensitive	1	0.529158706473895	1	1	1	1	1
chr4	61312	62654	Ultra-Sensitive	1	1	1	0.254127144459129	1	1	1
chr4	63604	64052	Ultra-Sensitive	1	1	1	1	1	1	1
chr4	65729	67731	Ultra-Sensitive	1	1	1	0.353704295605356	1	1	1
chr4	66260	67174	Ultra-Sensitive	1	1	1	1	1	1	1
chr4	67760	68614	Ultra-Sensitive	1	1	1	0.0158439653894373	1	1	0.00529311842324149
chr4	80273384	80274041	Ultra-Sensitive	1	1	0.00343700932080213	1	1	1	0.0873069397346646
chr4	80273391	80274888	Ultra-Sensitive	1	0.829766572427152	0.0306846096425897	1	1	1	0.019245763256525
chr4	80273392	80274040	Ultra-Sensitive	1	1	0.00330777172681026	1	1	1	0.0861652530372906
chr4	80273402	80274040	Ultra-Sensitive	1	1	0.00316771561529707	1	1	1	0.0848949976149448
chr4	80274310	80274886	Ultra-Sensitive	1	1	1	1	1	1	1
chr4	85684	87522	Ultra-Sensitive	1	0.542016734594251	1	0.330313548855545	1	1	1
chr5	105878568	105880167	Ultra-Sensitive	1	0.837137695702459	0.5603833761822	1	1	1	1
chr5	123795560	123796179	Ultra-Sensitive	0.137398516742984	0.482067268466951	1	0.196737998872476	1	1	1
chr5	129949025	129949357	Ultra-Sensitive	1	1	1	1	1	1	1
chr5	132042424	132042777	Ultra-Sensitive	1	1	1	1	1	1	1
chr5	134913787	134914123	Ultra-Sensitive	1	0.000499384301553938	1	1	1	1	1
chr5	134914229	134914276	Ultra-Sensitive	1	1	1	1	1	1	1
chr5	135149834	135150444	Ultra-Sensitive	1	1	1	0.239856566204198	0.024768815766916	1	1
chr5	135416120	135416484	Ultra-Sensitive	1	1	1	1	1	1	1
chr5	137090078	137090516	Ultra-Sensitive	1	1	1	1	1	1	1
chr5	138088635	138089149	Ultra-Sensitive	1	1	1	1	1	1	1
chr5	138088653	138089093	Ultra-Sensitive	1	1	1	1	1	1	1
chr5	140090648	140091038	Ultra-Sensitive	1	0.40868999370036	0.104621100628581	1	1	1	0.0710360166571697
chr5	140098306	140098696	Ultra-Sensitive	1	0.40868999370036	1	1	1	1	1
chr5	140098314	140098687	Ultra-Sensitive	1	0.395020581298837	1	1	1	1	1
chr5	140105548	140105932	Ultra-Sensitive	1	1	1	1	1	1	1
chr5	140142613	140144950	Ultra-Sensitive	1	0.819056351945484	0.143383286648618	0.0806934596241176	1	1	1
chr5	142585751	142586474	Ultra-Sensitive	0.119022140605957	1	1	0.138820940213906	1	1	1
chr5	142975699	142976255	Ultra-Sensitive	1	1	1	1	1	1	1
chr5	155478428	155478853	Ultra-Sensitive	1	1	1	0.179294808755221	1	1	1
chr5	171730740	171731143	Ultra-Sensitive	1	0.00100215633905309	1	1	1	1	1
chr5	178311289	178311465	Ultra-Sensitive	1	1	1	1	1	1	1
chr5	179684518	179687080	Ultra-Sensitive	1	0.734265466738987	1	0.459529619045901	1	1	1
chr5	19602177	19602567	Ultra-Sensitive	1	0.560594420579968	0.280155371964157	1	1	1	1
chr5	20439216	20439814	Ultra-Sensitive	1	1	1	0.0198474219225647	1	1	1
chr5	20833465	20834098	Ultra-Sensitive	1	0.665001391624334	1	0.441142217756987	1	1	1
chr5	21526067	21526752	Ultra-Sensitive	1	0.331919741147433	0.360577210107973	1	1	1	1
chr5	21555760	21556477	Ultra-Sensitive	0.198303655085965	0.130460557115648	1	1	1	1	1
chr5	21565164	21565705	Ultra-Sensitive	1	1	1	0.0955067184753507	1	1	1
chr5	21566856	21567411	Ultra-Sensitive	0.157302370260254	1	1	1	1	1	1
chr5	21567961	21568418	Ultra-Sensitive	0.131473046375093	1	0.258152408143551	1	1	1	1
chr5	21833903	21834197	Ultra-Sensitive	1	0.0932583336781347	1	1	1	1	1
chr5	24266553	24266963	Ultra-Sensitive	1	0.276600579124814	1	1	1	1	1
chr5	26681928	26682468	Ultra-Sensitive	1	0.741572673498888	1	0.0347628574883796	1	1	1
chr5	28365002	28365285	Ultra-Sensitive	1	0.467213496328477	1	1	1	1	1
chr5	30015713	30016193	Ultra-Sensitive	1	1	0.0346744631532295	1	1	1	1
chr5	38887096	38887842	Ultra-Sensitive	1	1	0.204749260236839	1	0.0316416192056119	1	1
chr5	39498501	39498941	Ultra-Sensitive	1	0.0916361847037441	1	1	1	1	1
chr5	42023291	42023583	Ultra-Sensitive	1	0.329337661679086	1	1	1	1	1
chr5	5031879	5032262	Ultra-Sensitive	1	1	1	0.291778948352903	1	1	1
chr6	11181765	11182010	Ultra-Sensitive	1	1	1	1	1	1	1
chr6	119558407	119558865	Ultra-Sensitive	1	1	1	1	1	1	0.0530028691308654
chr6	119558409	119558868	Ultra-Sensitive	1	1	1	1	1	1	0.0531153941292226
chr6	126101330	126101664	Ultra-Sensitive	1	1	1	1	1	1	1
chr6	144537524	144537854	Ultra-Sensitive	1	1	1	1	1	1	1
chr6	15245796	15246264	Ultra-Sensitive	0.0947776104430492	1	1	1	1	1	1
chr6	15245805	15246303	Ultra-Sensitive	0.100532926717773	1	1	1	1	1	1
chr6	26157275	26158087	Ultra-Sensitive	0.187359105641093	0.516023730914348	0.133522238160622	1	1	1	1
chr6	26286520	26286916	Ultra-Sensitive	0.0962966889237445	0.00583721277914134	1	1	1	1	0.00354158148463378
chr6	26286545	26286917	Ultra-Sensitive	0.0907377158937638	0.0049180001840732	1	1	1	1	0.00313656134383065
chr6	26311881	26312257	Ultra-Sensitive	1	0.285807098955736	0.0642390022525705	1	1	1	1
chr6	26312777	26313632	Ultra-Sensitive	0.196224668025925	1	1	0.244554236462919	1	1	1
chr6	26313246	26313643	Ultra-Sensitive	1	1	1	0.122343293834389	1	1	1
chr6	26322851	26323188	Ultra-Sensitive	1	0.260464685246222	0.0577747515584094	1	1	1	1
chr6	26327723	26328520	Ultra-Sensitive	1	0.0364144181520033	1	0.230099424932301	1	1	1
chr6	26330442	26330800	Ultra-Sensitive	1	1	1	1	1	1	1
chr6	264646	264897	Ultra-Sensitive	1	1	1	1	1	1	1
chr6	26521243	26521595	Ultra-Sensitive	0.0860787540555754	1	0.060266333233719	1	1	1	0.0732851094055097
chr6	26521265	26521588	Ultra-Sensitive	0.0792802188743561	1	0.0554432434533898	1	1	1	0.06746082551555
chr6	26533046	26533433	Ultra-Sensitive	0.0942161245276925	1	1	0.119458829909801	1	1	1
chr6	26537516	26538444	Ultra-Sensitive	0.211051513050058	0.563527682994854	0.151065079108837	1	1	1	1
chr6	26553580	26553891	Ultra-Sensitive	0.0764520499368488	1	0.0534401611361054	1	1	1	0.0650398294295501
chr6	26554147	26554486	Ultra-Sensitive	1	1	1	1	1	1	0.0706788420013795
chr6	26568871	26569264	Ultra-Sensitive	0.00478772237513975	1	1	1	1	1	0.0814559743837379
chr6	26568890	26569238	Ultra-Sensitive	0.00378354724682687	1	1	1	1	1	0.0724839788191773
chr6	26572014	26572366	Ultra-Sensitive	1	0.040667810809623	1	0.109286182175211	1	1	0.0732851094055097
chr6	26577127	26577488	Ultra-Sensitive	0.0881782755095729	0.27616533185878	1	1	1	1	1
chr6	27059327	27059673	Ultra-Sensitive	1	0.352269417177754	1	1	1	1	1
chr6	27125694	27126020	Ultra-Sensitive	1	0.0645118893346164	0.108378667244372	1	1	1	1
chr6	27129864	27130209	Ultra-Sensitive	1	0.351457401762096	1	1	1	1	1
chr6	27144895	27145259	Ultra-Sensitive	1	0.00132191331609373	0.120212583201329	1	1	1	1
chr6	27247976	27248292	Ultra-Sensitive	0.114127439865687	0.327457022147945	1	1	1	1	1
chr6	27263082	27263352	Ultra-Sensitive	1	1	1	1	1	1	1
chr6	27325937	27327423	Ultra-Sensitive	0.433376617519988	0.843382057961839	0.406439166878841	1	1	1	1
chr6	27421039	27421074	Ultra-Sensitive	1	1	1	1	1	1	1
chr6	27446388	27446746	Ultra-Sensitive	1	0.361934001246474	1	1	1	1	1
chr6	27447239	27447608	Ultra-Sensitive	1	1	0.12175779868337	0.176103026231443	1	1	1
chr6	27471329	27471656	Ultra-Sensitive	1	0.336664300362001	1	1	1	1	1
chr6	27487100	27487476	Ultra-Sensitive	1	0.376158932691382	1	0.179116538437937	1	1	1
chr6	27513246	27513616	Ultra-Sensitive	1	1	0.122066512028524	1	1	1	1
chr6	27515359	27515783	Ultra-Sensitive	0.150027437865373	0.412548446964834	1	0.199477511148078	1	1	1
chr6	27515423	27515787	Ultra-Sensitive	0.130269083701245	0.366711627568656	1	0.173943552110397	1	1	1
chr6	27560507	27560870	Ultra-Sensitive	1	1	1	1	1	1	1
chr6	27570291	27570639	Ultra-Sensitive	1	0.0722001835224385	1	1	1	1	1
chr6	27618628	27618983	Ultra-Sensitive	1	0.0747052796970602	1	0.170041814555598	1	1	1
chr6	27655765	27656098	Ultra-Sensitive	1	0.341632766205891	1	1	1	1	1
chr6	27721077	27721458	Ultra-Sensitive	0.135914114510486	1	0.00831562404159737	1	1	1	0.00227687695113733
chr6	27759039	27759389	Ultra-Sensitive	0.125592160025886	0.0729131092086132	1	1	1	1	1
chr6	27763543	27763930	Ultra-Sensitive	1	1	0.00856738740306876	1	1	1	1
chr6	27870185	27870949	Ultra-Sensitive	0.0357643905645462	0.249842700504706	1	1	1	1	0.000411429756477839
chr6	27870194	27870974	Ultra-Sensitive	0.037125955453132	0.257211479306975	1	1	1	1	0.000436826573716596
chr6	28180599	28180987	Ultra-Sensitive	1	1	1	0.147919257893527	1	1	1
chr6	28442234	28442603	Ultra-Sensitive	1	1	1	1	1	1	1
chr6	28510812	28511136	Ultra-Sensitive	1	1	0.00367088713311087	0.125165501048175	1	1	1
chr6	28556961	28557293	Ultra-Sensitive	1	1	0.0859493046944132	1	1	1	1
chr6	28565039	28565369	Ultra-Sensitive	1	0.321332470973994	1	0.127324967515205	1	1	1
chr6	28574726	28575098	Ultra-Sensitive	1	0.0102795421438608	0.00479674464870613	1	1	1	1
chr6	28611049	28611387	Ultra-Sensitive	1	0.0611990951022752	1	1	1	1	1
chr6	28615885	28616261	Ultra-Sensitive	0.107503570718581	1	1	1	0.0212443943410786	1	1
chr6	28625938	28626237	Ultra-Sensitive	1	0.296202697951896	1	1	1	1	1
chr6	28641530	28641899	Ultra-Sensitive	0.105613324234171	0.351666480728772	1	1	1	1	1
chr6	28696882	28697229	Ultra-Sensitive	1	1	0.0896510601256167	0.133413728286051	1	1	0.0476423974436521
chr6	28696892	28697257	Ultra-Sensitive	1	1	0.0940731457558665	0.139813036922443	1	1	0.0500494244249332
chr6	28715287	28715682	Ultra-Sensitive	1	1	1	1	1	1	0.0540473067307192
chr6	28763655	28764010	Ultra-Sensitive	1	1	1	1	1	1	1
chr6	28763679	28763999	Ultra-Sensitive	1	1	1	1	1	1	1
chr6	28775524	28775880	Ultra-Sensitive	1	1	1	1	1	1	1
chr6	28775531	28775882	Ultra-Sensitive	1	1	1	1	1	1	1
chr6	28806136	28806498	Ultra-Sensitive	0.103719017495412	0.346324402815294	1	0.138749870750987	1	1	1
chr6	28831351	28831741	Ultra-Sensitive	0.000260910261978773	0.0116588127293214	0.100178891774515	1	1	1	1
chr6	28831394	28831741	Ultra-Sensitive	0.000185641250571015	0.00852923879755379	0.0896510601256167	1	1	1	1
chr6	28848951	28849312	Ultra-Sensitive	0.000208342742089335	1	1	0.138395181725621	1	1	0.0495150682450831
chr6	28863940	28864329	Ultra-Sensitive	0.00025896922979589	0.366688223550815	1	0.148269914531597	1	1	1
chr6	28863947	28864308	Ultra-Sensitive	0.000208342742089335	0.345557633539519	1	0.138395181725621	1	1	1
chr6	28908625	28909007	Ultra-Sensitive	1	0.361470960946102	0.0982295977530014	1	1	1	0.0523170098391624
chr6	28909302	28909627	Ultra-Sensitive	1	0.317341344601971	0.003692904656913	1	1	1	1
chr6	28911343	28911655	Ultra-Sensitive	1	0.306853281361001	1	0.120830062092469	1	1	1
chr6	28912156	28912504	Ultra-Sensitive	0.0999181878611588	1	1	0.13377052691272	1	1	0.0477762848046158
chr6	28918594	28918971	Ultra-Sensitive	1	1	0.0970091192954136	0.144052219364402	1	1	1
chr6	28920950	28921307	Ultra-Sensitive	1	0.0672846253178421	1	1	1	1	1
chr6	28949418	28950119	Ultra-Sensitive	1	0.00170565621284067	0.00102089677273613	1	1	1	1
chr6	52860023	52860589	Ultra-Sensitive	0.11032657986737	1	1	1	1	1	1
chr6	52860176	52860590	Ultra-Sensitive	0.0819707045836588	1	1	1	1	1	1
chr6	53480500	53480792	Ultra-Sensitive	1	1	1	1	1	1	1
chr6	57233548	57234109	Ultra-Sensitive	1	1	1	1	1	1	1
chr6	57373394	57374049	Ultra-Sensitive	1	1	1	1	1	1	1
chr6	57375330	57376202	Ultra-Sensitive	1	1	1	1	1	1	1
chr6	57411673	57412239	Ultra-Sensitive	1	1	1	1	1	1	1
chr6	57418366	57418685	Ultra-Sensitive	1	0.507373504339673	1	1	1	1	1
chr6	57430343	57430732	Ultra-Sensitive	1	1	1	1	1	1	1
chr6	57432880	57433459	Ultra-Sensitive	1	1	1	1	1	1	1
chr6	57463104	57463880	Ultra-Sensitive	1	0.820027062557812	1	1	1	1	1
chr6	57463377	57463826	Ultra-Sensitive	1	1	1	1	1	1	1
chr6	57498524	57498996	Ultra-Sensitive	1	1	1	0.327459153982352	1	1	1
chr6	57542539	57542886	Ultra-Sensitive	1	0.53696206720841	1	1	1	1	1
chr6	6811553	6812262	Ultra-Sensitive	1	1	1	1	1	1	1
chr6	74230671	74231218	Ultra-Sensitive	1	0.488221103819975	1	1	1	1	0.0912551684701895
chr6	86552462	86552681	Ultra-Sensitive	1	1	1	1	1	1	1
chr7	102004008	102004273	Ultra-Sensitive	1	1	1	1	1	1	1
chr7	128423279	128423651	Ultra-Sensitive	1	0.337646300276444	1	1	1	1	1
chr7	139025227	139025608	Ultra-Sensitive	0.078071180325316	0.0855408655239293	1	0.00483074703211176	1	1	1
chr7	139025237	139025626	Ultra-Sensitive	0.0796424807404535	0.0885869969697726	1	0.00502834971482096	1	1	1
chr7	148638201	148638769	Ultra-Sensitive	1	0.521722080952275	0.00647068369710408	1	1	1	1
chr7	148638338	148638767	Ultra-Sensitive	1	0.427357414364273	0.00376378035319982	1	1	1	1
chr7	148659788	148660588	Ultra-Sensitive	1	0.279644676109863	1	0.259067279604543	1	1	0.129362221846636
chr7	148660217	148660593	Ultra-Sensitive	1	0.0874349452450581	1	1	1	1	0.0630873078481668
chr7	148680557	148681129	Ultra-Sensitive	1	0.0403743708494271	0.111689413105676	1	1	1	1
chr7	148680630	148681026	Ultra-Sensitive	1	0.0158732904966963	0.0787378694451581	1	1	1	1
chr7	148684158	148684837	Ultra-Sensitive	1	0.585699205284962	0.131136854887344	1	1	1	1
chr7	148684159	148684561	Ultra-Sensitive	1	1	0.0798813321267921	1	1	1	1
chr7	149388179	149388559	Ultra-Sensitive	1	0.319599444076363	1	1	1	1	1
chr7	150974127	150974506	Ultra-Sensitive	1	1	1	1	1	1	1
chr7	150974192	150974482	Ultra-Sensitive	1	1	1	1	1	1	1
chr7	152099286	152100110	Ultra-Sensitive	1	1	1	1	1	1	1
chr7	152099354	152100286	Ultra-Sensitive	1	1	1	1	1	1	1
chr7	152099454	152100192	Ultra-Sensitive	1	1	1	1	1	1	1
chr7	152100608	152101920	Ultra-Sensitive	1	1	1	1	1	1	1
chr7	152100861	152101303	Ultra-Sensitive	1	1	1	1	1	1	1
chr7	152103447	152104478	Ultra-Sensitive	1	1	1	1	1	1	1
chr7	152103818	152104471	Ultra-Sensitive	1	1	1	1	1	1	1
chr7	152105638	152106261	Ultra-Sensitive	1	0.611105998087096	1	1	1	1	1
chr7	152107841	152110560	Ultra-Sensitive	1	1	1	0.71451674787331	1	1	1
chr7	152107950	152109345	Ultra-Sensitive	1	1	1	0.477315101108451	1	1	1
chr7	152108357	152108865	Ultra-Sensitive	1	1	1	1	1	1	1
chr7	152109101	152110208	Ultra-Sensitive	1	1	1	1	1	1	1
chr7	152111901	152112664	Ultra-Sensitive	1	1	1	1	1	1	1
chr7	27826754	27827036	Ultra-Sensitive	1	0.00273485852896447	1	1	1	1	1
chr7	43910624	43911114	Ultra-Sensitive	1	0.410725208959728	1	1	1	1	1
chr7	57232561	57233633	Ultra-Sensitive	1	0.0360327260434886	0.225831040176917	0.00747510009516139	1	1	1
chr7	62547644	62548753	Ultra-Sensitive	1	0.00127217880165183	0.30767980349238	1	1	1	1
chr7	6296869	6297534	Ultra-Sensitive	1	0.490772802527632	1	1	1	1	1
chr7	63336651	63337998	Ultra-Sensitive	1	0.561827731583728	1	0.110449795016496	1	1	1
chr7	63537644	63537653	Ultra-Sensitive	1	1	1	1	1	1	1
chr7	63538924	63539711	Ultra-Sensitive	1	0.101466440020202	1	1	1	1	1
chr7	6713304	6713375	Ultra-Sensitive	1	1	1	1	1	1	1
chr7	6713397	6713423	Ultra-Sensitive	1	1	1	1	1	1	1
chr7	6713456	6713534	Ultra-Sensitive	1	1	1	1	1	1	1
chr7	6713674	6713780	Ultra-Sensitive	1	1	1	1	1	1	1
chr7	6713798	6713802	Ultra-Sensitive	1	1	1	1	1	1	1
chr7	6713855	6713919	Ultra-Sensitive	1	1	1	1	1	1	1
chr7	6714075	6714481	Ultra-Sensitive	0.0931197455484787	0.337992863805484	1	1	1	1	1
chr7	6714584	6714598	Ultra-Sensitive	1	1	1	1	1	1	1
chr7	6714653	6714738	Ultra-Sensitive	1	1	1	1	1	1	1
chr7	6714811	6714864	Ultra-Sensitive	1	1	1	1	1	1	1
chr7	6714953	6714989	Ultra-Sensitive	1	1	1	1	1	1	1
chr7	6714994	6715246	Ultra-Sensitive	1	1	1	1	1	1	1
chr7	6715369	6715403	Ultra-Sensitive	1	1	1	1	1	1	1
chr7	6715618	6715620	Ultra-Sensitive	1	1	1	1	1	1	1
chr7	6715991	6716359	Ultra-Sensitive	1	1	1	1	1	1	1
chr7	90893446	90893836	Ultra-Sensitive	1	1	1	1	1	1	1
chr7	90893479	90893862	Ultra-Sensitive	1	1	1	1	1	1	1
chr8	122709437	122709916	Ultra-Sensitive	1	1	1	1	1	1	1
chr8	124169382	124169758	Ultra-Sensitive	1	0.334680078268359	0.0693503420212504	1	1	1	1
chr8	124169395	124169747	Ultra-Sensitive	1	0.317176881837845	0.0650728261492795	1	1	1	1
chr8	125950597	125950989	Ultra-Sensitive	1	0.359382669480772	1	1	1	1	1
chr8	128230523	128234003	Ultra-Sensitive	0.608854106471318	0.00000403899530040544	0.5935518495701	0.654205724166798	0.13241852671199	1	0.392715976526094
chr8	128230592	128233934	Ultra-Sensitive	0.59411608617519	0.00000246232280125031	0.578857023011152	0.639553103060566	0.127523081070513	1	0.380654336037756
chr8	128230631	128235087	Ultra-Sensitive	0.698718140579401	0.0000723327415189864	0.683695969078873	0.164654399228029	0.166254197196777	1	0.471436535515209
chr8	128234266	128234791	Ultra-Sensitive	1	1	1	0.149802659506186	1	1	1
chr8	128234781	128236135	Ultra-Sensitive	1	1	1	0.067808071617622	1	1	1
chr8	128236650	128237460	Ultra-Sensitive	1	1	1	1	1	1	1
chr8	128236753	128237528	Ultra-Sensitive	1	1	1	1	1	1	1
chr8	128236802	128237619	Ultra-Sensitive	1	1	1	1	1	1	1
chr8	128237800	128238265	Ultra-Sensitive	1	0.394675986226746	1	1	1	1	1
chr8	128238856	128240320	Ultra-Sensitive	1	0.792639591399027	1	0.0774807494568319	1	1	1
chr8	128238875	128239381	Ultra-Sensitive	1	0.420825094743803	1	0.144805798637716	1	1	1
chr8	128239626	128240427	Ultra-Sensitive	1	1	1	1	1	1	1
chr8	128240290	128240745	Ultra-Sensitive	1	1	1	1	1	1	1
chr8	128240687	128241484	Ultra-Sensitive	1	1	1	0.218133221043473	1	1	1
chr8	132986630	132987139	Ultra-Sensitive	1	0.234697522185917	1	1	1	1	1
chr8	133121489	133121892	Ultra-Sensitive	1	0.0218028005920367	1	1	1	1	1
chr8	141698288	141698833	Ultra-Sensitive	1	0.478013751098864	0.0936169872605373	1	1	1	1
chr8	144679206	144679766	Ultra-Sensitive	1	1	1	1	1	1	1
chr8	145682078	145682692	Ultra-Sensitive	1	0.144346041163716	1	1	1	1	0.122795415685786
chr8	145931852	145932294	Ultra-Sensitive	1	1	1	1	1	1	1
chr8	145932366	145933515	Ultra-Sensitive	1	0.353478738328358	0.158696376815401	1	1	1	1
chr8	17352625	17352946	Ultra-Sensitive	1	1	1	1	1	1	1
chr8	194892	195153	Ultra-Sensitive	1	1	1	1	1	1	1
chr8	196359	196643	Ultra-Sensitive	1	1	1	1	1	1	1
chr8	2275831	2276046	Ultra-Sensitive	1	1	1	1	1	1	1
chr8	41565331	41566197	Ultra-Sensitive	1	0.09432694314326	1	0.281656147423227	1	1	1
chr8	41909375	41909917	Ultra-Sensitive	1	1	1	1	1	1	1
chr8	41909377	41909906	Ultra-Sensitive	1	1	1	1	1	1	1
chr8	47696368	47697669	Ultra-Sensitive	1	0.0363595274445356	1	0.533297944075296	1	1	1
chr8	47782438	47783716	Ultra-Sensitive	1	1	1	0.17668296661385	1	1	1
chr8	67025390	67025731	Ultra-Sensitive	1	0.365090497332345	1	1	1	1	1
chr8	67025405	67025731	Ultra-Sensitive	1	0.352299479287928	1	1	1	1	1
chr8	67026089	67026567	Ultra-Sensitive	1	0.470747728377004	0.00398629367857995	1	1	1	1
chr8	82754517	82754957	Ultra-Sensitive	1	1	1	0.000606338542046447	1	1	0.0598336370943737
chr8	82754579	82754966	Ultra-Sensitive	1	1	1	0.000418852122372656	1	1	1
chr8	82754591	82754962	Ultra-Sensitive	1	1	1	0.000370710646832872	1	1	1
chr8	82754674	82754963	Ultra-Sensitive	1	1	1	0.0972434488245228	1	1	1
chr8	82754676	82754956	Ultra-Sensitive	1	1	1	0.0943668765364185	1	1	1
chr8	91683027	91683393	Ultra-Sensitive	1	1	1	1	1	1	0.0587019179054001
chr8	94658573	94660006	Ultra-Sensitive	0.0663158712272608	0.859671145492501	1	1	1	1	1
chr8	96281799	96282183	Ultra-Sensitive	0.00000423598351864081	0.389183542541367	1	0.0134260150209291	1	1	1
chr8	96281816	96282187	Ultra-Sensitive	0.00000370141281667795	0.0837009654529299	1	0.012582801474705	1	1	1
chr9	123545762	123546367	Ultra-Sensitive	1	0.491285737966683	1	1	1	1	1
chr9	124128285	124128664	Ultra-Sensitive	1	1	1	1	1	1	1
chr9	125488728	125488769	Ultra-Sensitive	1	1	1	1	1	1	1
chr9	127422050	127422469	Ultra-Sensitive	1	0.377637753922803	1	1	1	1	1
chr9	130829521	130830068	Ultra-Sensitive	1	1	1	1	1	1	1
chr9	131317112	131317702	Ultra-Sensitive	1	1	1	1	1	1	1
chr9	131318545	131319108	Ultra-Sensitive	1	0.458655851299212	0.081783228139537	0.112842088279431	1	1	1
chr9	134009969	134010284	Ultra-Sensitive	1	1	1	1	1	1	1
chr9	134010391	134011326	Ultra-Sensitive	1	1	1	1	1	1	1
chr9	134011393	134012989	Ultra-Sensitive	1	1	1	1	1	1	1
chr9	137029497	137029946	Ultra-Sensitive	1	1	0.00224785406707483	0.00565131855139639	1	1	0.0755009311337286
chr9	137029516	137029957	Ultra-Sensitive	1	1	0.00217025460266467	0.00545910216393103	1	1	0.0742080875917743
chr9	140082984	140083178	Ultra-Sensitive	1	1	1	0.0540709500699119	1	1	1
chr9	140083230	140083247	Ultra-Sensitive	1	1	1	1	1	1	1
chr9	140222259	140222758	Ultra-Sensitive	0.00846751744689218	1	1	1	1	1	1
chr9	17915400	17915796	Ultra-Sensitive	1	1	1	0.146379048807652	1	1	1
chr9	35147553	35149299	Ultra-Sensitive	1	0.527667570468169	1	1	1	1	1
chr9	35657624	35658292	Ultra-Sensitive	0.00038033664217996	0.148765143925993	0.000265508603356628	0.000290907538831533	1	1	0.0000765267895964679
chr9	35657837	35658246	Ultra-Sensitive	0.0000909045568841886	0.0660573820639537	0.000063153823065465	0.00267854911359594	1	1	0.0000179892445449228
chr9	6594560	6594923	Ultra-Sensitive	1	0.314137571778921	0.0668146184323014	1	1	1	1
chr9	66468793	66469033	Ultra-Sensitive	1	1	1	1	1	1	1
chr9	68403185	68403637	Ultra-Sensitive	1	1	1	1	1	1	1
chr9	68996778	68997146	Ultra-Sensitive	1	1	1	1	1	1	1
chr9	68996778	68997496	Ultra-Sensitive	1	1	1	1	1	1	1
chr9	68998620	68999214	Ultra-Sensitive	1	0.417432674760705	1	0.139865181120261	1	1	1
chr9	68999196	68999697	Ultra-Sensitive	1	1	1	1	1	1	1
chr9	68999580	69001621	Ultra-Sensitive	1	0.842174051619483	1	1	1	1	0.26738567438887
chr9	69000856	69001492	Ultra-Sensitive	1	1	1	1	1	1	0.0926245724247571
chr9	69000901	69001718	Ultra-Sensitive	1	1	1	1	1	1	0.117344454574074
chr9	69001794	69002571	Ultra-Sensitive	1	1	1	0.178770522171213	1	1	0.11194149571074
chr9	69002223	69002737	Ultra-Sensitive	1	1	1	1	1	1	0.0755637458472305
chr9	95087519	95087854	Ultra-Sensitive	1	1	1	1	1	1	1
chrX	111556680	111557047	Ultra-Sensitive	1	1	1	1	1	1	1
chrX	111556680	111557052	Ultra-Sensitive	1	1	1	1	1	1	1
chrX	13416137	13416845	Ultra-Sensitive	1	0.0191195208136422	1	1	1	1	1
chrX	136520244	136520653	Ultra-Sensitive	1	1	1	1	1	1	1
chrX	18692933	18693307	Ultra-Sensitive	0.00451922330842542	0.281847665662616	0.0607157331318961	1	1	1	0.00083510137370969
chrX	2256441	2256951	Ultra-Sensitive	1	1	1	1	1	1	1
chrX	2382112	2382877	Ultra-Sensitive	1	1	1	0.206948373911302	1	1	1
chrX	37934047	37934625	Ultra-Sensitive	0.149118781807128	1	1	1	0.0312773089312647	1	1
chrX	49047404	49047896	Ultra-Sensitive	1	0.334538310001708	1	1	1	1	1
chrX	51599926	51600791	Ultra-Sensitive	1	0.145151244242949	1	1	1	1	1
chrX	70288181	70288572	Ultra-Sensitive	0.0943263453436149	1	1	0.0938395127284978	1	1	1
chrX	70288187	70288560	Ultra-Sensitive	0.0901888607167779	1	1	0.0897251027395718	1	1	1
