name	ct	len	pval	p.adj	den
TERT	5	556	2.63963295665803e-11	1.9559680208836e-08	0.00899280575539568
RP11-511I2.2	2	207	1.03156838460183e-06	0.000763360604605356	0.00966183574879227
RP11-60A8.1	2	295	2.34932293952106e-06	0.00173614965230606	0.00677966101694915
RAB3B	2	466	5.79305980019651e-06	0.00427527813254502	0.00429184549356223
RNU6-2	2	580	1.43976702514648e-05	0.0106110829753295	0.00344827586206897
TMEM259	2	637	1.70035532952584e-05	0.0125146152253102	0.00313971742543171
ASS1P11	1	35	1.84148470677714e-05	0.013534912594812	0.0285714285714286
RP1-202O8.2	1	78	1.86369780711404e-05	0.0136795419042171	0.0128205128205128
RNA5SP51	2	113	1.87975186399259e-05	0.0137785811630657	0.0176991150442478
KB-1615E4.2	1	99	2.01294454508227e-05	0.0147347540700022	0.0101010101010101
SAMD7	1	101	2.82661919059901e-05	0.0206625862832788	0.0099009900990099
RP11-797A18.6	1	172	3.21226544076625e-05	0.0234495377175936	0.00581395348837209
ALDH3B1	2	1071	3.22646026029716e-05	0.0235208952975663	0.00186741363211951
CNOT6	2	842	3.45150764231583e-05	0.0251269756360593	0.00237529691211401
RP11-510N19.2	1	173	3.975116188637e-05	0.028899094691391	0.00578034682080925
RP5-1011O1.3	1	64	4.13272118524599e-05	0.0300035558048859	0.015625
RP11-404O18.1	1	62	4.2574827806785e-05	0.0308667501599191	0.0161290322580645
FCF1P7	1	178	4.79187660997749e-05	0.034693186656237	0.00561797752808989
RP11-98L5.4	1	181	4.79295470261487e-05	0.034693186656237	0.00552486187845304
RN7SL114P	1	114	4.8013242532563e-05	0.034693186656237	0.0087719298245614
MC2R	1	148	5.04129312943746e-05	0.0363477234632441	0.00675675675675676
AC005329.7	1	206	5.25623743351522e-05	0.0378449095213096	0.00485436893203883
IGF1	1	112	5.48466044258955e-05	0.0394347085822189	0.00892857142857143
OR7E43P	1	87	5.59520791025836e-05	0.040173592795655	0.0114942528735632
RP11-232C2.1	1	109	5.78311714151125e-05	0.0414649499046357	0.00917431192660551
CTD-2325P2.3	1	199	5.83232028689151e-05	0.0417594132541432	0.0050251256281407
SPECC1	2	788	6.2295813494484e-05	0.0445415066485561	0.00253807106598985
AC144836.1	1	168	6.28606789332409e-05	0.044882524758334	0.00595238095238095
RNU6-1286P	1	66	6.63348670825181e-05	0.0472967602298354	0.0151515151515152
METTL11B	1	152	6.80691711691939e-05	0.048465249872466	0.00657894736842105
RP11-711K1.7	1	128	7.05234484136286e-05	0.0501421718220899	0.0078125
PFDN1	1	196	8.07977237989865e-05	0.0573663838972804	0.00510204081632653
GOLGA8UP	1	132	8.10725862908646e-05	0.057480463680223	0.00757575757575758
OR10J8P	1	110	8.61809204989461e-05	0.0610160917132538	0.00909090909090909
SNORD28	1	197	8.6855403701569e-05	0.0614067704170093	0.0050761421319797
HNRNPUP1	1	55	8.84030786725276e-05	0.0624125735428045	0.0181818181818182
AC018890.4	1	201	9.70570514945424e-05	0.0684252213036524	0.00497512437810945
ADIRF	1	226	0.000100287263644527	0.0706022336057472	0.00442477876106195
AFAP1-AS1	1	162	0.000101085893167374	0.071063382896664	0.00617283950617284
STRA6	2	1940	0.000103132592381927	0.0723990798521128	0.00103092783505155
CCDC50	2	587	0.000110435908380224	0.0774155717745372	0.00340715502555366
RP11-64C12.8	1	150	0.00011047502787187	0.0774155717745372	0.00666666666666667
AMER2	2	718	0.000110865436473206	0.0774949400947713	0.00278551532033426
SAMD9	1	299	0.000113176165312479	0.07899696338811	0.00334448160535117
IL1R1	2	1034	0.000114762829661053	0.0799896922737536	0.00193423597678917
KIRREL3-AS1	1	291	0.000118284175052552	0.0823257858365762	0.00343642611683849
SLC38A8	1	151	0.000121295795896814	0.0843005781482858	0.00662251655629139
RNA5SP432	1	151	0.000121295795896814	0.0843005781482858	0.00662251655629139
CTD-2089N3.3	2	555	0.000124718756462916	0.0864300982288008	0.0036036036036036
STAC2	1	204	0.000126735381258403	0.0877008838308146	0.00490196078431373
RTN3P1	1	87	0.000128638858794883	0.088889451427264	0.0114942528735632
RP11-966I7.2	2	471	0.000139580145474549	0.096310300377439	0.00424628450106157
RP11-83B20.1	1	432	0.000143007777590687	0.0985323587599832	0.00231481481481481
SYT13	1	187	0.000144757230911008	0.0995929748667734	0.0053475935828877
MFSD2B	1	199	0.000147055527325635	0.101027147272711	0.0050251256281407
AP003354.1	1	237	0.000155596818454562	0.10673941745983	0.00421940928270042
ATAD3C	1	284	0.000158218020260947	0.108379343878749	0.00352112676056338
C14orf23	2	504	0.000158672585605424	0.10853204855411	0.00396825396825397
FREM1	1	222	0.000159694866011639	0.10907159348595	0.0045045045045045
MAG	1	151	0.000160246625261595	0.109288198428408	0.00662251655629139
RP11-173E2.1	1	131	0.000161924123000423	0.110270327763288	0.00763358778625954
CTSS	1	490	0.000171049345309093	0.116313554810183	0.00204081632653061
PAEP	1	309	0.000172279699073519	0.116977915670919	0.00323624595469256
DUOXA2	1	226	0.000176735113823767	0.119826407172514	0.00442477876106195
TROVE2	2	658	0.000182743628971638	0.123717436813799	0.00303951367781155
UCHL5	2	619	0.000184285631111392	0.124577086631301	0.00323101777059774
ALDOC	1	184	0.00018638943580529	0.125812869168571	0.00543478260869565
SNORA40	1	266	0.000189561736461452	0.127764610375019	0.0037593984962406
RP11-401P9.5	1	172	0.0001937780665211	0.1304126387687	0.00581395348837209
SNAP47	2	983	0.000196535472652082	0.132071837622199	0.00203458799593082
MTERFD2	1	217	0.000199721224749094	0.134012941806642	0.00460829493087558
RP11-456H18.2	1	132	0.000205813278739586	0.137894896755523	0.00757575757575758
BATF2	1	351	0.000208597089293883	0.139551452737607	0.00284900284900285
TLE2	1	305	0.000216369219301793	0.144534638493598	0.00327868852459016
RNY1	1	336	0.000217458589574893	0.145044879246453	0.00297619047619048
RP11-344E13.3	1	397	0.000220761821064452	0.147027372828925	0.00251889168765743
LHX1	2	1153	0.000220861804256622	0.147027372828925	0.00173460537727667
LUZPP1	1	162	0.000224123266896914	0.148817849219551	0.00617283950617284
OSM	1	256	0.00022596948260134	0.149817766964689	0.00390625
ELTD1	1	120	0.000230860879095074	0.152829901960939	0.00833333333333333
RNU5A-8P	1	384	0.000249893893596531	0.165179863667307	0.00260416666666667
LAD1	1	491	0.000254664185117104	0.168078362177289	0.00203665987780041
RP11-241G9.3	1	393	0.00025810712258223	0.170092593781689	0.00254452926208651
CTB-131B5.5	1	332	0.00026673034205793	0.175508565074118	0.00301204819277108
UTS2B	2	888	0.000268733148103495	0.176557678303996	0.00225225225225225
C1orf173	1	139	0.00028202430525881	0.185007944249779	0.00719424460431655
NDST4	1	176	0.000292880454860645	0.191836697933722	0.00568181818181818
DEFB133	1	170	0.000313034781234678	0.204724746927479	0.00588235294117647
EXOC3L1	1	427	0.000313368886901144	0.204724746927479	0.00234192037470726
NUP85	1	304	0.000319908735965657	0.208580495849608	0.00328947368421053
MED6	1	396	0.000325761546759673	0.212070766940547	0.00252525252525253
NTF6B	1	324	0.000338543107998635	0.220053020199112	0.00308641975308642
CCDC144NL	1	277	0.000341331734659889	0.221524295794268	0.0036101083032491
CCBE1	2	882	0.000343869598058877	0.222827499542152	0.00226757369614512
AC087269.1	1	296	0.000349274381697851	0.225980524958509	0.00337837837837838
CLDN23	1	296	0.000349274381697851	0.225980524958509	0.00337837837837838
LNPEP	2	1089	0.000353600491665884	0.228072317124495	0.00183654729109275
RNA5SP40	1	352	0.000380065594207668	0.244762242669738	0.00284090909090909
TNFSF12	1	440	0.000394534808328406	0.253685881755165	0.00227272727272727
TNFSF12-TNFSF13	1	440	0.000394534808328406	0.253685881755165	0.00227272727272727
POM121L12	1	121	0.000396193545239454	0.25396006249849	0.00826446280991736
SHCBP1L	1	226	0.000401575787631003	0.257008504083842	0.00442477876106195
RP5-874C20.3	1	315	0.000405667431046419	0.259221488438662	0.00317460317460317
GPR35	1	398	0.000408119639319859	0.26038032988607	0.00251256281407035
KLK2	1	219	0.000423607847778507	0.269838199034909	0.0045662100456621
DDX53	1	205	0.000425602901013789	0.270683445044769	0.0048780487804878
RPS15	1	300	0.000426681068777635	0.270942478673798	0.00333333333333333
PSG6	1	219	0.000434760139923163	0.275637928711285	0.0045662100456621
RP4-662A9.2	1	217	0.000438378233094894	0.277493421549068	0.00460829493087558
C3orf62	1	397	0.000446856857005407	0.282413533627417	0.00251889168765743
STC1	1	504	0.000452550910494121	0.28555962452179	0.00198412698412698
RP11-451O13.1	1	276	0.000457800148508936	0.288414093560629	0.0036231884057971
CCDC62	1	489	0.00048248165785314	0.303480962789625	0.00204498977505112
SARS	1	443	0.000483218400656127	0.303480962789625	0.00225733634311512
AC106786.1	2	1121	0.000516919383358405	0.32410845336572	0.00178412132024978
DPF2	1	437	0.000523962530094679	0.328000543839269	0.0022883295194508
DHRS4	1	366	0.000527286091255741	0.329553807034838	0.00273224043715847
RP3-412A9.16	1	413	0.000529664785684836	0.330510826267338	0.00242130750605327
SIKE1	1	263	0.000532012077865351	0.331443524510114	0.00380228136882129
QARS	1	535	0.000558241945306737	0.34722648998079	0.00186915887850467
CLCN7	1	429	0.00056911815314642	0.353422373103927	0.00233100233100233
TMEM214	1	428	0.000574645990419231	0.356280514059923	0.00233644859813084
RP11-155D18.14	1	540	0.000581295201873888	0.359821729959937	0.00185185185185185
RP11-155D18.12	1	540	0.000581295201873888	0.359821729959937	0.00185185185185185
MCCC2	1	728	0.000586520877410956	0.36188338136256	0.00137362637362637
MS4A13	1	235	0.000590238499473372	0.363586915675597	0.00425531914893617
FKBPL	1	342	0.000614037808343793	0.377633252131432	0.00292397660818713
NUCB1	1	392	0.000618882775751284	0.379994024311288	0.00255102040816327
DUOX2	1	388	0.000635661713899949	0.389660630620669	0.00257731958762887
RAB30-AS1	1	389	0.000641760197991226	0.39275724117063	0.0025706940874036
CNKSR2	2	929	0.000647433820289312	0.395582064196769	0.00215285252960172
RP11-483E23.4	1	591	0.00066230871845141	0.40400831825536	0.00169204737732657
RP11-137J7.2	1	276	0.000664735894196244	0.404824159565513	0.0036231884057971
ATG14	1	405	0.000666885272273987	0.405466245542584	0.00246913580246914
NMBR	1	280	0.000669779029732642	0.406555871047714	0.00357142857142857
COL5A3	1	640	0.000682302649733568	0.413475405738542	0.0015625
EBPL	1	413	0.000686734372344233	0.415474295268261	0.00242130750605327
AC009948.5	1	381	0.000688457846255708	0.415828539138448	0.0026246719160105
AD000684.2	1	482	0.000688845946374195	0.415828539138448	0.0020746887966805
CTD-2026K11.3	1	434	0.000695483076140313	0.418680811836468	0.00230414746543779
PSRC1	1	426	0.000704262433430358	0.423261722491645	0.00234741784037559
ZC3H8	1	348	0.000707260101501683	0.42435606090101	0.0028735632183908
TNK2-AS1	1	403	0.000710280840739319	0.425458223602852	0.00248138957816377
ZNF678	1	422	0.000714637961514164	0.42735350098547	0.0023696682464455
C11orf44	1	448	0.000714951257285934	0.42735350098547	0.00223214285714286
RUNDC3A	1	511	0.000724126918472678	0.431579643409716	0.00195694716242661
AC003102.3	1	511	0.000724126918472678	0.431579643409716	0.00195694716242661
CALB2	1	492	0.000726451421594887	0.431579643409716	0.00203252032520325
ZSCAN23	1	306	0.000742462997760596	0.440280557672033	0.00326797385620915
AC093702.1	1	413	0.000766756458579154	0.453919823478859	0.00242130750605327
ABHD14A-ACY1	1	636	0.000772825347126083	0.456739780151515	0.00157232704402516
NHP2L1	1	427	0.000774407121950205	0.456900201950621	0.00234192037470726
C22orf46	1	427	0.000774407121950205	0.456900201950621	0.00234192037470726
TRPC7	1	226	0.000774846003021801	0.456900201950621	0.00442477876106195
STOX1	1	376	0.00078154983198353	0.458769751374332	0.00265957446808511
CTD-2528L19.4	1	400	0.000781607473377854	0.458769751374332	0.0025
ZNF607	1	400	0.000781607473377854	0.458769751374332	0.0025
DPPA4	1	268	0.000781796239840427	0.458769751374332	0.00373134328358209
CTD-2366F13.1	1	298	0.000793475123975873	0.462595997277934	0.00335570469798658
MOCS2	1	298	0.000793475123975873	0.462595997277934	0.00335570469798658
VPS11	1	447	0.000795110147509437	0.462595997277934	0.00223713646532438
RP11-110I1.13	1	447	0.000795110147509437	0.462595997277934	0.00223713646532438
PRKAG1	1	568	0.000809704895321395	0.468819134391088	0.00176056338028169
CACNB1	1	633	0.000816130366304679	0.471723351724105	0.00157977883096367
STK33	1	430	0.000824583195330075	0.475784503705453	0.00232558139534884
AP000769.7	1	564	0.000846502910702762	0.487585676564791	0.00177304964539007
TREX1	1	720	0.000866007740326524	0.497954450687751	0.00138888888888889
ZSCAN25	1	525	0.000867945675125936	0.498200817522287	0.0019047619047619
ABHD14A	1	664	0.000873573119002602	0.500557397188491	0.00150602409638554
RP1-152L7.5	1	484	0.000897117688975935	0.513151318094235	0.00206611570247934
BIRC3	1	416	0.000900489844867125	0.514179701419128	0.00240384615384615
NFATC2IP	1	552	0.000901832042782047	0.514179701419128	0.00181159420289855
SCAMP2	1	492	0.000928987058960273	0.528593636548396	0.00203252032520325
IGHVIII-26-1	1	279	0.000929009611678411	0.528593636548396	0.003584229390681
AC004076.9	1	293	0.000930094480567689	0.528593636548396	0.00341296928327645
ZNF772	1	293	0.000930094480567689	0.528593636548396	0.00341296928327645
AC003005.2	1	293	0.000930094480567689	0.528593636548396	0.00341296928327645
RLTPR	1	683	0.000943707018373985	0.532250758362927	0.00146412884333821
MGEA5	1	663	0.000945698728982425	0.532428384417105	0.00150829562594268
KCNIP2-AS1	1	663	0.000945698728982425	0.532428384417105	0.00150829562594268
SEPT5	1	560	0.000998583765694949	0.560205492554867	0.00178571428571429
ILF2	1	418	0.00100018717568584	0.560205492554867	0.00239234449760766
FAM133B	1	283	0.00101934535376946	0.56981405275713	0.00353356890459364
CTC-548K16.2	1	497	0.00103079913672832	0.575185918294404	0.00201207243460765
LMBR1L	1	659	0.00104473678009231	0.581918386511419	0.00151745068285281
RP11-345J4.8	1	722	0.00104515187105692	0.581918386511419	0.00138504155124654
RNF24	1	647	0.00104585283241421	0.581918386511419	0.00154559505409583
RP11-313M3.1	1	133	0.00106323067156711	0.589029792048177	0.0075187969924812
PRSS50	1	441	0.0010639987318718	0.589029792048177	0.00226757369614512
PRSS44	1	441	0.0010639987318718	0.589029792048177	0.00226757369614512
PRSS45	1	441	0.0010639987318718	0.589029792048177	0.00226757369614512
MRPS22	1	423	0.00107086591321659	0.589029792048177	0.00236406619385343
UBE3D	1	391	0.00107790188547108	0.591768135123622	0.00255754475703325
POMC	1	375	0.00108266719027739	0.593301620272008	0.00266666666666667
MTX1	1	833	0.00108880041004489	0.595573824294554	0.00120048019207683
C6orf58	1	388	0.00109533467943457	0.598052734971274	0.00257731958762887
GRWD1	1	643	0.00111888709016372	0.609793464139229	0.0015552099533437
TMEM63C	1	717	0.00112666846942622	0.612907647367862	0.00139470013947001
RPRD2	1	734	0.00114163604730011	0.61990837368396	0.00136239782016349
SGTA	1	512	0.00115416136188373	0.625555458140983	0.001953125
ZNF747	1	635	0.00115438917037058	0.625555458140983	0.0015748031496063
AC002310.12	1	635	0.00115438917037058	0.625555458140983	0.0015748031496063
MALAT1	1	676	0.00116674155932628	0.628873700476864	0.0014792899408284
FKBP11	1	620	0.00117235959383954	0.630729461485675	0.00161290322580645
TMC8	1	712	0.00117401692038011	0.630729461485675	0.00140449438202247
RAB3GAP1	1	396	0.00117846688141199	0.631658248436826	0.00252525252525253
SLC16A3	2	3436	0.00119329024554315	0.638410281365588	0.000582072176949942
SEC31B	1	680	0.00119672312537822	0.639050148951969	0.00147058823529412
CPNE7	1	748	0.00119677654171113	0.639050148951969	0.00133689839572193
TMED4	1	581	0.00120127525654279	0.639078436480764	0.00172117039586919
RNF8	1	608	0.00122118328906784	0.648448326495023	0.00164473684210526
ZNF789	1	613	0.00122363884830579	0.648528589602066	0.00163132137030995
RP11-297D21.4	1	749	0.00122835184119763	0.649798123993545	0.00133511348464619
PFDN2	1	626	0.00123136616879327	0.650161337122846	0.00159744408945687
AC131097.3	1	774	0.00124744351959993	0.657402734829165	0.00129198966408269
NFKBIE	1	572	0.00130254328950763	0.685137770281013	0.00174825174825175
NIT1	1	669	0.00131472357673579	0.690229877786289	0.00149476831091181
VTI1B	1	530	0.0013318963252168	0.697913674413602	0.00188679245283019
SNUPN	1	726	0.0013445740767738	0.703212242152696	0.00137741046831956
ELP6	1	655	0.00134487942911532	0.703212242152696	0.00152671755725191
NMT1	1	809	0.00134621494567111	0.703212242152696	0.00123609394313968
ATP6V0D1	1	805	0.00134757012228148	0.703212242152696	0.00124223602484472
CTD-2540B15.10	1	498	0.00137175688628821	0.711941823983582	0.00200803212851406
ANKZF1	1	421	0.00138174990067219	0.715746448548195	0.00237529691211401
ATG9A	1	421	0.00138174990067219	0.715746448548195	0.00237529691211401
THBS3	1	987	0.00138351715236451	0.715746448548195	0.00101317122593718
AK1	1	964	0.00139517206045237	0.718513611132968	0.00103734439834025
CHST13	1	543	0.00139792949843565	0.718535762195922	0.00184162062615101
RP11-677M14.2	1	538	0.00140361216529628	0.720053040796989	0.00185873605947955
MBD3	1	906	0.00140394149215928	0.720053040796989	0.0011037527593819
VAMP3	1	499	0.00141870765560403	0.724959612013662	0.00200400801603206
RP11-603J24.14	1	788	0.00142185025751296	0.725143631331608	0.00126903553299492
RP11-638F5.1	1	695	0.00143272158710572	0.729255287836813	0.00143884892086331
SNHG3	1	551	0.00143433695153672	0.729255287836813	0.00181488203266788
MIR378A	1	602	0.00143795406991132	0.729255287836813	0.00166112956810631
HYOU1	1	760	0.00144032410990402	0.729255287836813	0.00131578947368421
NT5C	1	616	0.00145046342971433	0.732484032005738	0.00162337662337662
ZNF20	1	652	0.00146744735060544	0.739593464705144	0.00153374233128834
ANXA3	1	545	0.00147497650902173	0.74191318403793	0.0018348623853211
OPA3	1	487	0.00147965480892631	0.742786714081008	0.00205338809034908
ZNF623	1	657	0.00148776534575079	0.745370438221146	0.0015220700152207
KDM1A	1	632	0.00149012033079965	0.745370438221146	0.00158227848101266
ARMCX3-AS1	1	404	0.0015008500968271	0.748924198316723	0.00247524752475248
CTD-2035E11.3	1	385	0.00150272406287155	0.748924198316723	0.0025974025974026
LINC00355	1	393	0.00150757054218265	0.749262559464775	0.00254452926208651
CITED1	1	325	0.00150913454265378	0.749262559464775	0.00307692307692308
ZNF44	1	584	0.00151105433823007	0.749262559464775	0.00171232876712329
AKIRIN1	1	925	0.00151498844568088	0.749262559464775	0.00108108108108108
RPS6	1	402	0.00152721102360787	0.752915034638678	0.00248756218905473
HDDC2	1	653	0.00153542543965679	0.755429316311141	0.00153139356814701
ERVK3-1	1	448	0.00153624751218906	0.755429316311141	0.00223214285714286
MIR10A	1	544	0.00154309611284364	0.756117095293386	0.00183823529411765
RP11-396C23.2	1	586	0.00155404521732083	0.759928111269887	0.00170648464163823
MAPKAP1	1	933	0.00156518542942874	0.763810489561225	0.00107181136120043
DDX10	1	512	0.00158959943603787	0.774134925350442	0.001953125
CSTB	1	656	0.00160793343204269	0.781455647972745	0.00152439024390244
ZDHHC13	1	607	0.00160978017314783	0.781455647972745	0.00164744645799012
STXBP1	1	973	0.00161999252302858	0.784076381145832	0.00102774922918808
ZNF528	1	619	0.0016314783897502	0.788004062249345	0.00161550888529887
APPL2	1	747	0.00164460199035565	0.792698159351425	0.00133868808567604
GANAB	1	442	0.00165521093586718	0.796156460152113	0.00226244343891403
RHBDD3	1	797	0.00166259950993985	0.79804776477113	0.00125470514429109
SLCO6A1	1	282	0.00166725493003073	0.798615111484718	0.00354609929078014
UPF3B	1	431	0.00168164379216307	0.803825732653946	0.00232018561484919
RAB30	1	804	0.0016823477139517	0.803825732653946	0.00124378109452736
RP11-293M10.6	1	858	0.0016883976248212	0.803825732653946	0.00116550116550117
PLD6	1	1009	0.00169939163799204	0.80721102804622	0.000991080277502478
CLPTM1	1	672	0.00169983144421959	0.80721102804622	0.00148809523809524
AC008738.2	1	604	0.00172497146223705	0.815911501638123	0.00165562913907285
ZNF347	1	516	0.00172693337452601	0.815911501638123	0.00193798449612403
ATRX	1	335	0.00173224802601912	0.815911501638123	0.00298507462686567
EWSR1	1	841	0.00173514574200484	0.815911501638123	0.00118906064209275
RP11-79E3.3	1	308	0.00175521459576955	0.823195645415919	0.00324675324675325
C1GALT1C1	1	404	0.00178396539546855	0.834895805079279	0.00247524752475248
LIPT2	1	395	0.0017855835934466	0.834895805079279	0.00253164556962025
CCDC151	1	636	0.00179175076821303	0.834955857987272	0.00157232704402516
JMJD4	1	476	0.00179505131619728	0.834955857987272	0.00210084033613445
DNAJC27	1	701	0.00181804324396029	0.843572065197574	0.0014265335235378
DNAJC27-AS1	1	701	0.00181804324396029	0.843572065197574	0.0014265335235378
JDP2	1	900	0.00186349354885473	0.860934019570887	0.00111111111111111
CTD-3018O17.3	1	659	0.00186715115507707	0.860934019570887	0.00151745068285281
MAP3K7CL	1	994	0.00186832975448969	0.860934019570887	0.00100603621730382
GLRX	1	764	0.00186851123922394	0.860934019570887	0.00130890052356021
NUF2	1	497	0.00187731838676464	0.860934019570887	0.00201207243460765
PQBP1	1	509	0.001881408575788	0.860934019570887	0.00196463654223969
TIMM17B	1	509	0.001881408575788	0.860934019570887	0.00196463654223969
COL1A2	1	697	0.0018940634939052	0.861798889726864	0.00143472022955524
MYL6	1	980	0.00189938822541436	0.862322254338117	0.00102040816326531
LCMT2	1	482	0.00190061265992947	0.862322254338117	0.0020746887966805
TAF7	1	293	0.00191190661777874	0.864181791235989	0.00341296928327645
AC005618.1	1	293	0.00191190661777874	0.864181791235989	0.00341296928327645
RP11-267N12.3	1	521	0.0019189986392496	0.864181791235989	0.00191938579654511
GLG1	1	785	0.00192473222197176	0.86420476766532	0.00127388535031847
GPR139	1	682	0.00193383018433957	0.866355922584127	0.00146627565982405
PPP2R2A	1	661	0.00195161294433366	0.872370986117145	0.00151285930408472
ADAM11	1	821	0.00196406286110473	0.87597203605271	0.00121802679658952
SCD5	1	731	0.00196659409704536	0.87597203605271	0.00136798905608755
RGS5	1	548	0.00199253540091626	0.88468571800682	0.00182481751824818
MAPK1IP1L	1	636	0.00200301792068125	0.887336938861793	0.00157232704402516
AC009506.1	1	609	0.0020204291752397	0.893029695455948	0.00164203612479475
PRDX4	1	440	0.0020208070633233	0.893029695455948	0.00227272727272727
ZMYM4	1	765	0.00202126676474723	0.893029695455948	0.00130718954248366
RP4-739H11.4	1	704	0.0020215921675083	0.893029695455948	0.00142045454545455
DDX17	1	765	0.00204656850236162	0.896397004034391	0.00130718954248366
RP3-522D1.1	1	459	0.0020486786095778	0.896397004034391	0.00217864923747277
METTL24	1	568	0.00206062506110904	0.898432526643544	0.00176056338028169
HEXDC	1	1297	0.00206324947389713	0.898432526643544	0.000771010023130301
CDHR3	1	822	0.00206593253699405	0.898432526643544	0.00121654501216545
ARMCX2	1	573	0.00207993340982104	0.900611166452512	0.00174520069808028
VCP	1	763	0.00210157076133755	0.90787856889782	0.00131061598951507
CSK	1	1186	0.00212059350748861	0.913975801727591	0.000843170320404722
EIF4A2	1	474	0.00212304261238616	0.913975801727591	0.00210970464135021
POLD4	1	1202	0.00215079719458777	0.922691996478154	0.000831946755407654
APEH	1	977	0.00215518963968686	0.922691996478154	0.00102354145342886
C11orf31	1	600	0.00217469060617037	0.928592888834748	0.00166666666666667
RP11-691N7.6	1	600	0.00217469060617037	0.928592888834748	0.00166666666666667
DAXX	1	826	0.00219283976557216	0.931956900368169	0.00121065375302663
NUDT3	1	817	0.00219667204712526	0.931956900368169	0.00122399020807834
ADAL	1	536	0.00220709381632467	0.933600684305334	0.00186567164179104
ITPKB	1	957	0.00221159610845723	0.933600684305334	0.00104493207941484
PLA2G6	1	1353	0.0022141997978935	0.933600684305334	0.00073909830007391
SOWAHD	1	557	0.00222317539244576	0.933733664827221	0.00179533213644524
SLC30A10	1	457	0.00223842755705794	0.937901146407278	0.00218818380743982
ZNF770	1	525	0.00225203289177067	0.941349748760141	0.0019047619047619
PTPN13	1	721	0.00229100491744705	0.955349050575419	0.0013869625520111
KDM4A-AS1	1	938	0.00231279176551136	0.962121374452725	0.00106609808102345
PSPC1	1	524	0.00231412743402726	0.962121374452725	0.00190839694656489
SETD4	1	562	0.00232265065118853	0.962121374452725	0.00177935943060498
LRPPRC	1	634	0.0023472076859089	0.969396774280377	0.00157728706624606
ST3GAL3	1	957	0.00235181142257412	0.969396774280377	0.00104493207941484
RP11-23F23.2	1	519	0.00235917791859086	0.969622124540844	0.00192678227360308
CBX7	1	889	0.00236301071647149	0.969622124540844	0.00112485939257593
RAB14	1	918	0.00236345998860155	0.969622124540844	0.00108932461873638
DGKB	1	61	0.00238381382450645	0.972596040398633	0.0163934426229508
MDGA2	1	1172	0.00240634378925497	0.979381922226771	0.000853242320819113
AP001372.2	1	452	0.00241588644364221	0.980849896118738	0.00221238938053097
CASC14	1	701	0.00241739965521248	0.980849896118738	0.0014265335235378
KCND1	1	853	0.00243594312084749	0.984121020822388	0.00117233294255569
TCERG1	1	617	0.00244607615602788	0.985768690879234	0.00162074554294976
DHRS4-AS1	1	779	0.00245290889050864	0.986069373984474	0.00128369704749679
AC096534.1	1	699	0.00246074912162753	0.986760397772638	0.00143061516452074
CTD-2089N3.2	1	356	0.00247694311112945	0.990777244451779	0.00280898876404494
BMS1	1	549	0.00248348990042868	0.990912470271044	0.00182149362477231
BUB1	1	880	0.00249347013074985	0.992401112038442	0.00113636363636364
KRT17	1	734	0.0025150173648969	0.998461893864069	0.00136239782016349
CTBP2P3	1	416	0.00251572388933674	0.998461893864069	0.00240384615384615
ATXN7L1	1	990	0.00251878733639355	0.998461893864069	0.00101010101010101
DBI	1	665	0.00252228471771965	0.998461893864069	0.00150375939849624
C2orf76	1	665	0.00252228471771965	0.998461893864069	0.00150375939849624
PRKAR2B	1	676	0.00254756931753863	0.998647172475144	0.0014792899408284
IL1RAPL2	1	484	0.00255075759391055	0.998647172475144	0.00206611570247934
FEZF2	1	770	0.00255101429191773	0.998647172475144	0.0012987012987013
PRKCSH	1	792	0.00256566078620957	0.998647172475144	0.00126262626262626
LDOC1L	1	723	0.00257625896323599	0.999588477735564	0.00138312586445367
YWHAE	1	1112	0.00262173839040136	1	0.000899280575539568
MYOM3	1	1034	0.00265676636489065	1	0.000967117988394584
CRK	1	1339	0.00266662679722685	1	0.000746825989544436
BEAN1	1	955	0.0026700633354706	1	0.00104712041884817
SEC1P	1	878	0.00267131336188453	1	0.00113895216400911
KMT2D	1	1006	0.00267572378395342	1	0.00099403578528827
ARMCX3	1	577	0.00267662543758562	1	0.00173310225303293
PNKP	1	963	0.0026787496979529	1	0.00103842159916926
MTHFD2	1	837	0.00269655263678326	1	0.001194743130227
NAA60	1	863	0.00269712502304698	1	0.00115874855156431
VAX2	1	816	0.00270385322872457	1	0.00122549019607843
RECQL	1	458	0.00270773145730518	1	0.00218340611353712
TRMT10A	1	422	0.00270890863268325	1	0.0023696682464455
MTTP	1	422	0.00270890863268325	1	0.0023696682464455
RP11-426L16.8	1	529	0.00272548837096742	1	0.00189035916824197
RAB34	1	1272	0.0027312983548281	1	0.000786163522012579
SMO	1	1017	0.00275677053901113	1	0.000983284169124877
ACY1	1	1258	0.00275873906739776	1	0.000794912559618442
NFYC	1	967	0.00277818490940362	1	0.00103412616339193
MYL6B	1	1102	0.00278589205200674	1	0.000907441016333938
CA11	1	1179	0.00278614255435194	1	0.000848176420695505
HMGCS1	1	568	0.00278759491359604	1	0.00176056338028169
PRKCI	1	768	0.00279245194770339	1	0.00130208333333333
FOXJ2	1	821	0.00279557882576309	1	0.00121802679658952
RHOB	1	580	0.00282870090443832	1	0.00172413793103448
RP11-234B24.4	1	549	0.0028307807970066	1	0.00182149362477231
KCNA6	1	562	0.00284699545492262	1	0.00177935943060498
PHF14	1	593	0.00288119890607563	1	0.00168634064080944
RP11-2N1.2	1	398	0.00288348956307882	1	0.00251256281407035
MYD88	1	724	0.00288629832562837	1	0.00138121546961326
UBQLN2	1	600	0.00288721541921921	1	0.00166666666666667
MPHOSPH8	1	687	0.00288888414686228	1	0.00145560407569141
RP11-634B7.4	1	531	0.00290503569074041	1	0.00188323917137476
FAIM3	1	526	0.00295560353638924	1	0.00190114068441065
RP11-308D16.4	1	746	0.0029766376722945	1	0.00134048257372654
TTC13	1	926	0.0030101024297946	1	0.00107991360691145
RP11-978I15.10	1	565	0.00301788578143536	1	0.00176991150442478
ARV1	1	945	0.00304207197026041	1	0.00105820105820106
ABHD14B	1	1304	0.00310068871552893	1	0.000766871165644172
TECPR1	1	635	0.00312094527927775	1	0.0015748031496063
RP11-428K3.1	1	731	0.0031415235379213	1	0.00136798905608755
PAPLN	1	1135	0.00314983913526745	1	0.000881057268722467
BAZ2B	1	822	0.00316275220133388	1	0.00121654501216545
SAV1	1	732	0.00317989533784524	1	0.00136612021857923
RP11-500G22.2	1	773	0.00323758177515932	1	0.00129366106080207
ATE1	1	773	0.00323758177515932	1	0.00129366106080207
RP11-750H9.5	1	1072	0.00324249042438207	1	0.000932835820895522
TAL1	1	774	0.00324306302120003	1	0.00129198966408269
RP11-53I6.2	1	655	0.00324997670485649	1	0.00152671755725191
RP6-191P20.4	1	473	0.00325285653848839	1	0.00211416490486258
ZNF462	1	1234	0.00325311495121738	1	0.000810372771474878
MAPK10	1	993	0.00326658686795156	1	0.00100704934541793
VPS26A	1	844	0.00327451458054606	1	0.00118483412322275
RPL23AP10	1	89	0.00327781611251988	1	0.0112359550561798
RBM10	1	614	0.00328690754259586	1	0.00162866449511401
NDUFB11	1	614	0.00328690754259586	1	0.00162866449511401
PLEKHH3	1	1286	0.00333344546163628	1	0.000777604976671851
STOX2	1	702	0.00334358637294585	1	0.00142450142450142
TBCC	1	1080	0.00336419549947309	1	0.000925925925925926
AC007391.2	1	918	0.00337681759373021	1	0.00108932461873638
CERCAM	1	1372	0.0033778156452472	1	0.000728862973760933
PPIC	1	618	0.00340085442236471	1	0.00161812297734628
PRKD3	1	936	0.0034204231644327	1	0.00106837606837607
RP13-150K15.1	1	318	0.00343482372819637	1	0.00314465408805031
RP11-472M19.2	1	881	0.00344051345645591	1	0.00113507377979569
ADCY9	1	1446	0.00344143232223748	1	0.000691562932226833
NFKB2	1	1321	0.00346097377661236	1	0.000757002271006813
LDLR	1	1101	0.00346519877441731	1	0.000908265213442325
RP11-451B8.1	1	421	0.00347159676863118	1	0.00237529691211401
H3F3B	1	1143	0.00350746158413462	1	0.000874890638670166
CTD-2315E11.1	1	752	0.00352981154724508	1	0.00132978723404255
ATP11B	1	836	0.00355410839125014	1	0.00119617224880383
SAA3P	1	85	0.00362698855719099	1	0.0117647058823529
NPAP1	1	479	0.00363728099448879	1	0.00208768267223382
PTCRA	1	117	0.0036857077565716	1	0.00854700854700855
EMD	1	793	0.00369242828897665	1	0.00126103404791929
MEIS1-AS3	1	838	0.00369397025974161	1	0.00119331742243437
CBX1	1	721	0.00370026187930117	1	0.0013869625520111
CTC-478M6.1	1	492	0.00372663006549445	1	0.00203252032520325
C12orf29	1	585	0.00376576464257061	1	0.00170940170940171
RP11-872D17.4	1	914	0.00376856438822737	1	0.00109409190371991
TGFB1I1	1	731	0.00380314757648637	1	0.00136798905608755
IKZF5	1	704	0.00381091149425183	1	0.00142045454545455
ZCCHC18	1	689	0.0038222252083393	1	0.00145137880986938
CTB-7E3.1	1	629	0.00384228920726204	1	0.00158982511923688
IDH2	1	793	0.00387595680473951	1	0.00126103404791929
RPL36	1	1137	0.00388855568783431	1	0.000879507475813544
PREP	1	718	0.00394031389583116	1	0.00139275766016713
ADIRF-AS1	1	1192	0.00395004424056888	1	0.000838926174496644
NUDCD1	1	544	0.00396678661710914	1	0.00183823529411765
ENY2	1	544	0.00396678661710914	1	0.00183823529411765
ZMYND8	1	1337	0.00397982343558112	1	0.00074794315632012
GCSAML	1	497	0.00399950512758251	1	0.00201207243460765
MIR4657	1	142	0.00402051966306308	1	0.00704225352112676
ESPN	1	1386	0.00403582322637008	1	0.000721500721500722
SDCCAG8	1	1224	0.00403713573340747	1	0.000816993464052288
RP11-102N12.3	1	941	0.00403801205932819	1	0.00106269925611052
RP11-225N10.1	1	936	0.00408190314507662	1	0.00106837606837607
TBC1D9	1	955	0.00408297247438594	1	0.00104712041884817
CTD-3154N5.1	1	1168	0.004092283824082	1	0.000856164383561644
GREM1	1	799	0.00414970827934491	1	0.00125156445556946
SLC25A38	1	581	0.00415874849697795	1	0.00172117039586919
FABP6	1	1170	0.00419498632534532	1	0.000854700854700855
KLHL8	1	768	0.00419849000075223	1	0.00130208333333333
PCF11	1	906	0.00423181496797509	1	0.0011037527593819
ATP6V0A1	1	1883	0.00424077968716352	1	0.000531067445565587
PYGL	1	945	0.0042526248868352	1	0.00105820105820106
PRSS12	1	681	0.00427370975809338	1	0.00146842878120411
MAGED2	1	747	0.00434910165995028	1	0.00133868808567604
PAPPA	1	860	0.00435834090264964	1	0.00116279069767442
OR10A6	1	61	0.00438451845142925	1	0.0163934426229508
RP11-359P5.1	1	651	0.00440750801527401	1	0.00153609831029186
ACADSB	1	805	0.00440781158499115	1	0.00124223602484472
DCAKD	1	1389	0.00443297909148588	1	0.000719942404607631
DBX2	1	858	0.00443701001233932	1	0.00116550116550117
HLA-F-AS1	1	689	0.00444875158344948	1	0.00145137880986938
INPPL1	1	1407	0.00446107672422336	1	0.000710732054015636
LIN54	1	1123	0.004492528166406	1	0.000890471950133571
PPP1R9A	1	937	0.00452268383661703	1	0.00106723585912487
WLS	1	1200	0.00456373314070768	1	0.000833333333333333
PRKCA	1	1199	0.00457397074517329	1	0.000834028356964137
SLC43A3	1	1322	0.00457400515436945	1	0.00075642965204236
ADAR	1	1190	0.00457434581832439	1	0.000840336134453782
COL16A1	1	1728	0.00463286527014362	1	0.000578703703703704
ADAM23	1	923	0.00467205293058581	1	0.00108342361863489
LYPLA2	1	1261	0.00467637981645352	1	0.000793021411578113
RP11-210M15.2	1	897	0.00468069352145473	1	0.00111482720178372
WNK3	1	854	0.00469229685359762	1	0.00117096018735363
NDUFC1	1	1087	0.00470800851490882	1	0.000919963201471941
IGF2	1	1215	0.00471095163288826	1	0.000823045267489712
PITRM1	1	877	0.00473830101737949	1	0.00114025085518814
AC007551.3	1	1015	0.00474606299485514	1	0.000985221674876847
DENND4C	1	985	0.00474777667679827	1	0.00101522842639594
HIST1H2BO	1	517	0.00475380117096891	1	0.00193423597678917
SEPT7	1	1035	0.00479917672221331	1	0.000966183574879227
LRFN2	1	707	0.00480039487368134	1	0.00141442715700141
PKIA	1	685	0.00480164298866514	1	0.00145985401459854
KCMF1	1	1478	0.00482237754529202	1	0.0006765899864682
SOCS3	1	1272	0.00482358722997422	1	0.000786163522012579
CDK8	1	769	0.0048298082550331	1	0.00130039011703511
PCNX	1	1082	0.00486107704624528	1	0.000924214417744917
MARCH11	1	965	0.00489835534710859	1	0.00103626943005181
RP11-19O2.2	1	965	0.00489835534710859	1	0.00103626943005181
ATP1B3	1	989	0.00490174750558658	1	0.00101112234580384
STAMBPL1	1	748	0.00491749357900961	1	0.00133689839572193
RP11-478B9.1	1	871	0.00491758627928229	1	0.00114810562571757
RP1-315G1.3	1	865	0.00491925153147132	1	0.00115606936416185
ABCB6	1	1050	0.00494748452780946	1	0.000952380952380952
EIF2A	1	741	0.00495639674880466	1	0.00134952766531714
RP1-261G23.7	1	1371	0.00499245599703824	1	0.000729394602479942
TRPV3	1	1653	0.00499498334783022	1	0.000604960677555959
NFIX	1	1332	0.00501372514872234	1	0.000750750750750751
SPOCK1	1	830	0.00502016896000856	1	0.00120481927710843
PEG3	1	876	0.00503381481007859	1	0.00114155251141553
RAB22A	1	1226	0.00506859470034282	1	0.000815660685154976
STARD13	1	1097	0.00508083081109978	1	0.000911577028258888
EIF5A2	1	954	0.0050902312325517	1	0.0010482180293501
ZC3H15	1	720	0.0050956023035067	1	0.00138888888888889
DENND2D	1	777	0.00510782470826732	1	0.00128700128700129
PRDM6	1	708	0.00513920083857378	1	0.00141242937853107
MPP1	1	849	0.00514795106909072	1	0.00117785630153121
ATOH8	1	1296	0.00515110263136953	1	0.000771604938271605
GPD2	1	821	0.00519748085617988	1	0.00121802679658952
PGRMC1	1	813	0.00520524414257972	1	0.001230012300123
ARPP21	1	642	0.00520881683212571	1	0.00155763239875389
C2orf69	1	590	0.00524465863232149	1	0.00169491525423729
AC073043.1	1	590	0.00524465863232149	1	0.00169491525423729
AFAP1L2	1	1099	0.00524636508128007	1	0.000909918107370337
PIPOX	1	1594	0.00527135264079004	1	0.000627352572145546
RALGPS2	1	1020	0.00527295415601836	1	0.000980392156862745
ZBTB7A	1	1952	0.00529451399306913	1	0.000512295081967213
VASP	1	1411	0.00529537828192805	1	0.00070871722182849
AP005482.1	1	1001	0.00532515721256777	1	0.000999000999000999
SLC1A2	1	829	0.00537870786743411	1	0.00120627261761158
METAP1	1	969	0.00538198416598545	1	0.00103199174406605
TNS1	1	1752	0.0053894797436822	1	0.000570776255707763
KIFC3	1	1945	0.00541602758210324	1	0.00051413881748072
HIST1H3J	1	557	0.0054459180259131	1	0.00179533213644524
KIAA1549	1	1092	0.00544812988730115	1	0.000915750915750916
TRABD2A	1	1663	0.005468633717293	1	0.000601322910402886
WNT2B	1	1208	0.005491604969178	1	0.000827814569536424
DDX26B	1	1034	0.00550628134001729	1	0.000967117988394584
AP1AR	1	725	0.00550697949296519	1	0.00137931034482759
RP11-73K9.2	1	725	0.00550697949296519	1	0.00137931034482759
ZNF710	1	1412	0.00553211945060417	1	0.000708215297450425
RP11-806H10.4	1	1344	0.00555497304728936	1	0.000744047619047619
SLC43A1	1	1170	0.00558940693915211	1	0.000854700854700855
RNA5SP75	1	100	0.00566941270345839	1	0.01
SPIRE1	1	1120	0.00571555028445703	1	0.000892857142857143
PHF12	1	1726	0.0057155996079421	1	0.000579374275782155
LRP3	1	1222	0.00572871947356446	1	0.000818330605564648
AC092839.4	1	199	0.00575069829892873	1	0.0050251256281407
CTD-2201E18.3	1	799	0.00576444280496413	1	0.00125156445556946
UGT8	1	581	0.00579674919395812	1	0.00172117039586919
ACAA1	1	940	0.00580000248345658	1	0.00106382978723404
C12orf75	1	1366	0.00580494164514644	1	0.000732064421669107
HIST1H2AM	1	568	0.00583649635278927	1	0.00176056338028169
PLCD1	1	1194	0.00585271950154287	1	0.000837520938023451
RP11-713M15.2	1	845	0.00589891802845188	1	0.00118343195266272
CTD-2373H9.5	1	139	0.0059690332013964	1	0.00719424460431655
DDC8	1	139	0.0059690332013964	1	0.00719424460431655
SUV39H1	1	1077	0.0060700539564067	1	0.000928505106778087
PDE4D	2	1786	0.00613428269912308	1	0.00111982082866741
MAP7D2	1	764	0.00616739736655059	1	0.00130890052356021
POLD3	1	811	0.00616862642562022	1	0.00123304562268804
MAP3K1	1	1050	0.0061933562208043	1	0.000952380952380952
AC104809.3	1	1624	0.00621771673887905	1	0.00061576354679803
HSP90AB1	1	1058	0.00623180576369342	1	0.000945179584120983
MET	1	1170	0.0062431405372273	1	0.000854700854700855
SIGLEC12	1	58	0.00628127874904793	1	0.0172413793103448
CYFIP2	1	1111	0.00632965672290386	1	0.0009000900090009
TGFBR1	1	1235	0.00633658103669443	1	0.000809716599190283
SNTB1	1	904	0.00634847387486048	1	0.00110619469026549
SPNS2	1	1729	0.00635782627386849	1	0.000578368999421631
AC004540.5	1	847	0.00636019644731167	1	0.00118063754427391
CDK14	1	1538	0.00636953384502192	1	0.000650195058517555
DNMT1	1	1282	0.00639250610691966	1	0.00078003120124805
RP11-121A14.3	1	105	0.00640366453161933	1	0.00952380952380952
RP11-554A11.7	1	121	0.00645602964688915	1	0.00826446280991736
KLHL29	1	1108	0.00649194703028788	1	0.000902527075812274
LINC00966	1	870	0.00650963397350768	1	0.00114942528735632
DENND1B	1	870	0.00651969362235871	1	0.00114942528735632
TMEM132D	1	951	0.00654108223623029	1	0.0010515247108307
CADM1	1	1455	0.00663988231518309	1	0.000687285223367698
CASKIN2	1	1810	0.00664229487646617	1	0.000552486187845304
CELF2	1	1300	0.00665970852413067	1	0.000769230769230769
DDX26B-AS1	1	1124	0.00668531445633047	1	0.000889679715302491
RNU6-563P	1	204	0.0066995461028384	1	0.00490196078431373
RAD52	1	1491	0.00671131431638317	1	0.000670690811535882
AC005062.2	1	99	0.00674237998629437	1	0.0101010101010101
RARG	1	1829	0.0067494783720824	1	0.000546746856205577
NANOS1	1	1188	0.00678162081648359	1	0.000841750841750842
ASAP1	1	1357	0.00682250415455976	1	0.000736919675755343
MBTD1	1	1064	0.00683683205871344	1	0.00093984962406015
UTP18	1	1064	0.00683683205871344	1	0.00093984962406015
CLK3	1	1632	0.00686641777831509	1	0.000612745098039216
PTPRS	1	1957	0.00689500254809294	1	0.000510986203372509
HHATL	1	149	0.00690984632934598	1	0.00671140939597315
HHATL-AS1	1	149	0.00690984632934598	1	0.00671140939597315
SYCE1L	1	901	0.00693522547842806	1	0.00110987791342952
HOMER2	1	1505	0.00695522665329951	1	0.000664451827242525
IKBKG	1	1501	0.00698346972175456	1	0.000666222518321119
YPEL5	1	1160	0.00700054903544034	1	0.000862068965517241
SMTN	1	1636	0.00713653797701252	1	0.000611246943765281
ITPK1	1	1616	0.0071679863517069	1	0.000618811881188119
ARNT2	1	1314	0.00726987700075732	1	0.00076103500761035
MIMT1	1	1065	0.00744723919368395	1	0.000938967136150235
HOXB3	1	1113	0.00750477612116429	1	0.000898472596585804
ABCC4	1	890	0.00753194044277528	1	0.00112359550561798
RP11-58B17.2	1	157	0.00780793283339597	1	0.00636942675159236
ZIM2	1	1209	0.00781408613712253	1	0.000827129859387924
EPHB1	1	1408	0.00782069179395584	1	0.000710227272727273
EXTL3	1	1810	0.00792976732249817	1	0.000552486187845304
RP11-396F22.1	1	957	0.00794359128565869	1	0.00104493207941484
GRIK3	1	1084	0.00799446485876998	1	0.000922509225092251
ITPRIP	1	1277	0.00801537453840206	1	0.000783085356303837
MAP4K4	1	1483	0.0080232000355116	1	0.000674308833445718
SLC30A7	1	832	0.00824000288080662	1	0.00120192307692308
SLC22A4	1	1077	0.00832381781563774	1	0.000928505106778087
EXTL2	1	872	0.00841295289448873	1	0.00114678899082569
PPP4R1L	1	1610	0.0084550037953407	1	0.00062111801242236
CTD-2260A17.2	1	1100	0.00847467559846615	1	0.000909090909090909
CTD-3224I3.3	1	147	0.00849014228170624	1	0.00680272108843537
POLN	1	2435	0.00851634231875453	1	0.000410677618069815
RP11-245A18.1	1	120	0.00853300450954338	1	0.00833333333333333
SRPX2	1	102	0.00855321437608438	1	0.00980392156862745
KIF2A	1	1081	0.00859651929011063	1	0.000925069380203515
AC007163.3	1	169	0.00875519597248362	1	0.00591715976331361
NAPA	1	689	0.00878781436867286	1	0.00145137880986938
PCNT	1	1515	0.0088048136421135	1	0.00066006600660066
ZIC3	1	778	0.00883540819900563	1	0.0012853470437018
MIR378D2	1	1059	0.00888199408875812	1	0.000944287063267233
NEK6	1	2006	0.0090575815909727	1	0.000498504486540379
BRI3	1	1184	0.00913681081431583	1	0.000844594594594595
DBP	1	1846	0.00927010134753048	1	0.000541711809317443
ZNF736	1	983	0.00936865013166011	1	0.00101729399796541
FGF13-AS1	1	925	0.00938016562570287	1	0.00108108108108108
ST3GAL6-AS1	1	932	0.00945197369889728	1	0.00107296137339056
PDP1	1	1173	0.00951397512793362	1	0.000852514919011083
SLC16A2	1	1336	0.00956621484706743	1	0.000748502994011976
GBX2	1	1245	0.00962282584774454	1	0.000803212851405623
VEGFA	1	2224	0.00970106187909425	1	0.000449640287769784
ARRDC3	1	1324	0.00972911000091725	1	0.000755287009063444
ARHGAP26	1	1932	0.00975544022862729	1	0.0005175983436853
SYT6	1	1036	0.00976148995365567	1	0.000965250965250965
MEIS1	1	1581	0.00981761791645941	1	0.000632511068943707
ARSG	1	1339	0.00994200510948029	1	0.000746825989544436
CPNE8	1	1121	0.00994695775802168	1	0.000892060660124889
SLC16A6	1	1294	0.0099828571791214	1	0.000772797527047913
CDCA7L	1	1051	0.0102802052729015	1	0.000951474785918173
RP11-325D8.1	1	223	0.0103581373855465	1	0.00448430493273543
LLfos-48D6.1	1	139	0.0104535610712083	1	0.00719424460431655
MCAM	1	2054	0.0104580579359669	1	0.000486854917234664
COL1A1	1	2085	0.0104647665924872	1	0.000479616306954436
ATOX1	1	1056	0.0105826810552861	1	0.000946969696969697
TNKS1BP1	1	2126	0.0108001254576382	1	0.000470366886171214
NFIA	1	1693	0.0108068011251202	1	0.000590667454223272
ST3GAL6	1	1133	0.0109106708197997	1	0.00088261253309797
RCC1	1	1783	0.0109274724604511	1	0.000560852495793606
NMS	1	123	0.0110457759977696	1	0.00813008130081301
ZNF263	1	1549	0.0110483015454911	1	0.000645577792123951
PSMG2	1	1563	0.0111040821431565	1	0.000639795265515035
SSBP4	1	1944	0.0111727896630205	1	0.00051440329218107
CTDSP1	1	1835	0.0116204670182053	1	0.000544959128065395
HCFC1	1	1710	0.0117740981693593	1	0.000584795321637427
CDH18	1	526	0.0118482787940684	1	0.00190114068441065
CCNK	1	1228	0.011853052374429	1	0.000814332247557003
RP11-360I20.2	1	979	0.0119208014541928	1	0.00102145045965271
SMS	1	895	0.0119654998164632	1	0.00111731843575419
WWTR1	1	1868	0.0120344526552756	1	0.000535331905781585
KRT8	1	2764	0.0120398060837713	1	0.000361794500723589
SUZ12P	1	1756	0.012106318354288	1	0.000569476082004556
MIA3	1	1430	0.0124393866503862	1	0.000699300699300699
BIN1	1	1282	0.0126259945050738	1	0.00078003120124805
WWC3	1	1424	0.0131474790533197	1	0.000702247191011236
RP11-397C18.2	1	247	0.0132818929391847	1	0.00404858299595142
PHLDB1	1	2907	0.0134241589424559	1	0.000343997248022016
RP11-121A14.2	1	245	0.0134811341863001	1	0.00408163265306122
LTBP1	1	1899	0.0135946304506805	1	0.000526592943654555
SERP1	1	1259	0.0136179861853679	1	0.00079428117553614
TUBB2B	1	1677	0.0137233061115041	1	0.000596302921884317
FGF9	1	1174	0.013762380169885	1	0.000851788756388416
SOX6	1	1774	0.0138118737118345	1	0.00056369785794814
STAG2	1	1339	0.013825658202659	1	0.000746825989544436
RP11-400K9.4	1	298	0.0142054813260982	1	0.00335570469798658
SETD3	1	1363	0.0143835476146027	1	0.000733675715333822
FGF12	1	1268	0.0145216642842171	1	0.000788643533123028
SOCS2-AS1	1	1482	0.0150493210755802	1	0.000674763832658569
SLC1A6	1	1348	0.015386086643439	1	0.000741839762611276
MSL2	1	1153	0.0154270142693747	1	0.000867302688638335
CTC-575N7.1	1	944	0.0157527362039662	1	0.00105932203389831
SGK1	1	1682	0.0158042153876417	1	0.000594530321046373
DIS3L2	1	1029	0.0158650728096095	1	0.000971817298347911
HDAC9	1	1710	0.0159640555291423	1	0.000584795321637427
MEF2A	1	1820	0.0160175357201421	1	0.000549450549450549
VGLL4	1	2679	0.0162019853788554	1	0.000373273609555804
STT3B	1	1174	0.0163116418960141	1	0.000851788756388416
CTD-3088G3.8	1	364	0.0169698440652446	1	0.00274725274725275
PRKAG2	1	2160	0.0170596677684316	1	0.000462962962962963
SFMBT2	1	1554	0.0173624330748348	1	0.000643500643500643
RP1-161N10.1	1	1057	0.0174060587617734	1	0.000946073793755913
SOGA3	1	1316	0.0174157834272824	1	0.000759878419452888
SYNCRIP	1	1455	0.01754329254897	1	0.000687285223367698
RP11-394I13.1	1	271	0.0176692915552861	1	0.003690036900369
RP11-471M2.3	1	137	0.0184896098289775	1	0.0072992700729927
CBLN2	1	1029	0.0211351355818874	1	0.000971817298347911
NLGN1	1	1600	0.0215083568763289	1	0.000625
PRKCB	1	930	0.0218260947761664	1	0.0010752688172043
CHSY3	1	1104	0.0219826304466717	1	0.000905797101449275
RP11-702B10.1	1	532	0.0222941783611045	1	0.0018796992481203
SOCS2	1	2082	0.0231842169897891	1	0.00048030739673391
H3F3AP3	1	122	0.0236483662880381	1	0.00819672131147541
RP11-702L6.4	1	122	0.0236483662880381	1	0.00819672131147541
MNT	1	3209	0.0241464037768778	1	0.000311623558741041
CTD-2066L21.3	1	369	0.0245572858008399	1	0.002710027100271
CTCFL	1	452	0.0246429223105136	1	0.00221238938053097
MKRN9P	1	251	0.0246975939841488	1	0.00398406374501992
DST	1	2942	0.0257853074942812	1	0.000339904826648538
CFB	1	608	0.0264178126141197	1	0.00164473684210526
C10orf112	1	214	0.0264933749155814	1	0.00467289719626168
HMGN1P20	1	214	0.0264933749155814	1	0.00467289719626168
ST3GAL1	1	2121	0.0267286766684696	1	0.000471475719000471
FAM83H-AS1	1	3527	0.0284546126464688	1	0.000283527076835838
COX20	1	1037	0.0289176965166127	1	0.000964320154291225
MKX	1	1734	0.0302489808074669	1	0.000576701268742791
HOOK2	1	2933	0.0323075411546371	1	0.000340947834981248
PPFIA3	1	3228	0.0334342481837995	1	0.000309789343246592
XXbac-BPG154L12.4	1	493	0.0340036298241022	1	0.00202839756592292
CSMD1	1	1718	0.0342018865933109	1	0.000582072176949942
CIRBP	1	4142	0.0347856681023988	1	0.000241429261226461
HIVEP1	1	2600	0.0358795533298486	1	0.000384615384615385
ZNF846	1	1528	0.0367442130816683	1	0.000654450261780105
TBC1D5	1	1958	0.0374557411395811	1	0.000510725229826353
CASC15	1	1689	0.0396194763575335	1	0.00059206631142688
SPATA17	1	432	0.0402689757317241	1	0.00231481481481481
GPATCH2	1	432	0.0402689757317241	1	0.00231481481481481
TTC6	1	1872	0.0436462721102007	1	0.000534188034188034
LHFPL2	1	1398	0.0448114091987789	1	0.000715307582260372
LTBP4	1	4279	0.0509697403953571	1	0.000233699462491236
FGF13	1	2109	0.0589551047089738	1	0.000474158368895211
FGF14	1	1452	0.0653146713490088	1	0.00068870523415978
AUTS2	1	3485	0.0662752282782736	1	0.000286944045911047
AC073236.3	1	603	0.0664612770684675	1	0.00165837479270315
NEDD4L	1	2372	0.0704362796032247	1	0.000421585160202361
PITX3	1	837	0.084688869874725	1	0.001194743130227
Y_RNA	1	22032	1	1	4.53885257806826e-05
snoU13	1	10011	1	1	9.98901208670463e-05
