DDX11L1,WASH7P:1        85      0       0       2       1       2       2       0       0       2       2       2       0       0
       2       1       1       1       0       3       2       2       3       1       5       1       1       2       0       1
       2       2       2       1       2       1       1       1       4       3       2       0       4       2       1       0
       0       1       1       0       2       0       0       1       2       0       0       2       3       1       1       1
       0       3       0
WASH7P:1        95      4       0       1       2       5       0       1       2       2       4       2       2       0       0
       3       0       0       6       4       0       2       0       0       0       1       0       0       0       1       0
       3       1       3       1       3       1       3       2       0       2       2       0       4       2       0       0
       3       3       0       1       1       0       0       0       0       1       3       3       2       3       1       1
       2       2
WASH7P:2        57      2       3       2       0       2       2       0       1       3       1       0       3       0       0
       1       1       2       1       2       0       3       0       0       0       0       0       0       0       2       1
       0       0       4       0       2       0       0       0       0       1       0       0       0       0       1       1
       1       1       0       1       1       2       0       1       0       1       3       0       0       0       1       0
       1       3